    1 T   -1 -2  1 -2 -2 -1 -2 -2 -2 -2 -2 -1 -2 -3 -2  2  6 -4 -3 -1    0   0   8   0   0   0   0   0   0   0   0   0   0   0   0  15  78   0   0   0  0.77 0.16
    2 E   -3  4 -2 -3 -5  5  1 -4  0 -3 -4  4 -3 -5 -2 -2 -2 -1 -3 -1    0  23   0   0   0  31   7   0   2   1   0  28   0   0   1   0   1   1   0   5  0.84 0.34
    3 L   -6 -6 -7 -7 -4 -6 -7 -7 -4  0  2 -6  2  7 -7 -6 -5 -3  6 -2    0   0   0   0   0   0   0   0   0   5  18   0   6  38   0   0   0   0  31   2  1.64 0.65
    4 T   -2 -3  1  2 -5  0  2  1 -2 -5 -5 -1 -1 -5 -3  3  4 -6 -5 -4    1   1   5  12   0   4  15   9   1   0   0   3   2   0   1  19  26   0   0   0  0.56 0.38
    5 K   -6  8 -3 -4 -8 -1 -2 -6 -1 -6 -7  4 -5 -6 -2 -4 -5 -7 -6 -6    0  68   1   1   0   3   2   0   1   0   0  19   0   0   2   1   0   0   0   0  1.93 0.79
    6 C   -6 -9 -9 -9 12 -9 -10 -8 -9 -7 -7 -9 -7 -5 -6 -7 -7 -8 -5 -7    0   0   0   0  98   0   0   0   0   0   0   0   0   0   1   0   0   0   1   0  4.57 1.37
    7 K   -2 -3 -3  2 -6  2  6 -2 -1 -5 -6  0 -5 -6 -3  1 -1 -6 -4 -3    2   0   0  11   0   7  52   4   1   0   0   6   0   0   1   9   3   0   0   3  1.02 0.55
    8 V   -2 -6 -7 -8 -5 -6 -7 -7 -4 -1  6 -6  0  0 -5 -6 -4  1 -5  2    3   0   0   0   0   0   0   0   0   2  76   0   1   4   0   0   0   2   0  11  1.51 0.66
    9 S    6 -6 -4 -6 -2 -5 -5 -4 -5 -3 -5 -5 -2 -4 -4  0 -1 -6 -1  2   70   0   0   0   1   0   0   0   0   1   0   0   1   1   0   7   4   0   2  13  1.39 0.68
   10 H   -2  5 -1 -3 -4  3 -2 -4  3 -5 -4  4 -1 -6 -5 -2 -3 -4 -3 -5    2  35   2   1   0  12   2   1   7   0   1  28   2   0   0   2   1   0   1   0  1.03 0.52
   11 A    0 -1 -3 -2 -4  0  4 -4 -4  2  0  1 -1 -4 -4 -3  1 -5 -4  2    8   3   0   1   0   4  30   0   0  11   7  10   1   0   0   0   8   0   0  15  0.44 0.33
   12 I   -6 -6 -8 -8 -6 -6 -7 -6 -7 -1  6 -7  4  1 -4 -7 -5 -6 -5 -3    0   0   0   0   0   0   0   1   0   2  80   0  10   6   1   0   0   0   0   0  1.81 0.75
   13 K   -1  3 -1 -2 -5  2  0 -4  4 -2 -1  4 -1 -3 -4  0 -3 -4  2 -1    5  14   2   1   0  11   4   0   9   1   8  24   1   1   0   6   1   0   7   4  0.44 0.31
   14 D   -2  2  1  3 -5  0  2  3 -1 -4 -5  0 -4 -4 -4 -1 -2 -4 -2 -5    2  14   7  15   0   3  15  27   1   1   0   6   0   1   0   3   2   0   1   0  0.55 0.33
   15 I   -1  0 -2 -4 -3 -1 -3 -4 -1  0  4  0  5 -1 -4 -3 -2 -2 -2 -1    4   5   2   1   0   3   2   1   2   3  47   5  15   2   1   2   2   0   1   3  0.61 0.32
   16 D   -2 -3  2  5 -2  1  1  0  3 -4 -4 -1 -3 -2 -3 -1 -3 -4  1 -4    4   0  11  38   1   6   6   6   8   1   1   3   1   1   1   4   1   0   6   1  0.71 0.36
   17 G   -3 -1  1 -2 -5 -2 -4  6 -3 -4 -4  0 -3 -5 -5 -3 -4 -5  0 -3    1   3   8   3   0   1   1  66   1   1   2   5   1   0   0   1   1   0   3   3  1.28 0.55
   18 Y   -3 -5 -6 -4 -5 -4 -6 -5 -1  2 -1 -5  0  6 -4 -4 -3 -3  6  1    1   0   0   1   0   1   0   1   1  11   4   0   3  31   1   1   1   0  31  11  1.27 0.56
   19 Q   -2  3  0 -1 -5  0  2 -1  1 -5 -4  1 -3 -5  4  1 -3 -1 -3 -3    3  16   3   3   0   3  17   5   3   0   1   8   0   0  23   9   1   1   1   1  0.56 0.35
   20 G   -3  3 -2 -1 -6 -3  0  6 -3 -6 -5  2 -1 -5 -4 -3 -4 -6 -2 -5    1  17   1   3   0   1   5  53   0   0   1  12   2   0   1   1   0   0   2   1  1.08 0.51
   21 I   -2 -3  0  1 -3 -2 -1 -3  1  1 -2 -2 -3  1 -4  1  1 -3  6  0    3   1   4   8   0   1   4   1   3  10   2   2   0   6   0  11   9   0  27   7  0.43 0.30
   22 S   -2 -2 -2  0 -4  2  0 -2 -1 -4 -2 -1 -2  1 -3  4  2 -3 -1 -3    1   1   1   5   0  11   7   3   1   0   4   3   1   8   1  39  12   0   1   1  0.51 0.38
   23 L   -3 -6 -7 -7 -5 -5 -6 -6 -5  3  5 -6  2 -2 -4 -5 -4 -5 -3  1    2   0   0   0   0   0   0   1   0  16  66   0   4   1   1   0   0   0   1   8  1.29 0.55
   24 L    4  0 -1 -3 -4 -2  0  2 -4 -5 -4 -2 -4 -6  3  2 -3 -6 -5 -4   36   5   3   1   0   1   5  16   0   0   1   1   0   0  15  16   0   0   0   0  0.70 0.42
   25 E   -4 -1  6  5 -6 -2  1 -4  1 -5 -5 -1 -4 -6 -5 -1  1 -7 -4 -5    1   3  39  28   0   1   8   0   4   0   1   3   0   0   0   3   7   0   0   0  1.13 0.53
   26 W   -7 -5 -8 -9 -7 -7 -8 -6 -7 -7 -4 -8 -4 -2 -8 -7 -7 13  1 -5    0   1   0   0   0   0   0   1   0   0   2   0   0   1   0   0   0  90   3   1  4.55 1.33
   27 A   -2 -5 -5 -6 -2 -5 -5 -5 -6  4  2 -5  3 -3 -5 -4  0 -5 -4  5    3   0   0   0   1   0   0   1   0  19  20   0   6   0   0   1   5   0   0  44  0.99 0.45
   28 C   -5 -8 -7 -8 12 -7 -8 -7 -8 -6 -5 -8 -6 -7 -7 -4 -6 -7 -7 -6    0   0   0   0  96   0   0   0   0   0   1   0   0   0   0   1   0   0   0   0  4.30 1.26
   29 V   -3 -5 -5 -7 -5 -5 -6 -7 -6  3  5 -6  5 -2 -6 -5  0 -5 -4 -1    1   0   0   0   0   0   0   0   0  17  55   0  16   1   0   0   6   0   0   3  1.26 0.56
   30 L    5 -5 -5 -6 -2 -5 -5 -4 -5  2 -2 -5  2 -5 -5 -2 -1 -6 -5  2   57   0   0   0   0   0   0   0   0  13   2   0   4   0   0   2   4   0   0  16  1.10 0.56
   31 F   -3 -1 -2 -2 -6  2  3 -5  2 -3 -3  2 -3  5 -5 -3 -3 -3  4 -5    1   3   2   2   0  11  20   0   5   1   1  13   0  21   0   1   1   0  17   0  0.76 0.43
   32 H   -1 -3  0 -4 -1 -2 -4 -3  7 -5 -4 -2 -4  3 -5  0 -4  6  5 -2    5   1   4   1   1   2   0   2  31   0   0   2   0  11   0   7   1  10  19   4  1.17 0.54
   33 T   -1 -4 -3 -3 -7 -1  7 -5 -3 -2 -6 -2 -2 -7 -5 -2 -1 -7 -6 -2    5   0   1   0   0   2  75   1   0   2   0   2   1   0   0   2   4   0   0   3  1.67 0.75
   34 S   -4 -4 -2 -5 -6 -5 -5 -3 -5 -5 -6 -5 -6 -7 -5  8 -2 -7 -6 -6    0   1   2   0   0   0   0   1   0   1   0   0   0   0   0  93   1   0   0   0  2.33 0.99
   35 G   -2  1  2  0 -3 -2 -1  4  2 -4 -5  1 -4 -5 -4  2  0 -5 -3 -5    2   7  11   5   0   1   3  30   5   1   0   8   0   0   0  19   5   0   1   0  0.56 0.34
   36 Y   -4  1 -6 -6 -2 -5 -6 -4 -4 -4  0 -2  1  7 -6 -5 -5 -1  6 -4    1   9   0   0   1   0   0   2   0   0   9   2   3  42   0   1   0   0  29   0  1.52 0.63
   37 D   -5  1  7  5 -7 -4 -3 -5 -2 -7 -7 -1 -6 -5 -6 -1 -2 -7 -4 -7    0   7  56  26   0   0   1   0   1   0   0   3   0   0   0   3   2   0   0   0  1.72 0.72
   38 T   -4 -6 -5 -6 -5 -5 -5 -6 -3 -2 -5 -5 -4 -6  0  0  8 -7 -3 -4    1   0   0   0   0   0   0   0   1   3   1   0   0   0   4   6  83   0   1   1  2.10 0.90
   39 Q    2  1  0  0 -3  2  0 -1  1 -4 -3  1 -1 -4 -3  2  1 -3 -3 -3   18   7   4   6   0  11   3   4   4   0   1   9   1   0   0  20  10   0   0   0  0.33 0.26
   40 A    5 -2 -4 -4 -4 -4 -3 -4 -2 -2 -1  2 -3 -1 -3 -2  0 -5 -4  1   53   2   0   1   0   0   1   0   1   2   6  15   0   3   1   1   5   0   0   9  0.80 0.48
   41 V   -3 -2 -4 -3 -4 -2 -2 -5 -3  4 -1 -1  0 -1 -3 -1  2 -4  0  4    1   2   0   1   0   2   2   0   1  21   4   5   2   2   1   5  16   0   3  32  0.54 0.34
   42 V   -2  0  4 -1 -4 -2 -2 -3  4  0 -1 -1 -1 -3  0 -2  2 -3  1  1    2   5  25   3   0   1   2   1  10   5   5   4   1   0   5   2  14   0   4  12  0.38 0.28
   43 N   -3 -1  6  0 -5 -1  1 -1  2 -5 -3  1 -4 -3 -3  0 -1 -3  3 -3    1   2  39   3   0   1   9   5   4   0   3  10   0   1   1   5   3   0  10   2  0.72 0.41
   44 D    2  0  4 -1 -4 -2 -1 -1 -2 -4 -3  0 -3 -1  2  1  0 -3 -1 -3   18   5  25   3   0   1   3   4   0   0   1   5   0   2  11   9   6   0   2   1  0.42 0.30
   45 N   -4 -1  5  6 -6 -3 -3  0 -3 -6 -5 -1 -6 -6  1 -1 -1 -7 -4 -5    1   4  25  43   0   0   0   7   1   0   1   4   0   0   7   4   3   0   0   1  1.14 0.54
   46 G   -2 -1 -2 -2 -6 -3 -4  7 -3 -7 -6 -2 -4 -6 -4 -1 -4  1 -5 -5    2   4   2   3   0   1   1  73   1   0   1   2   0   0   1   5   1   2   0   1  1.58 0.64
   47 S   -2 -1 -1 -4 -5 -4 -3 -3  0 -6 -6 -2 -5 -3 -4  7 -1 -4  1 -4    1   4   2   0   0   0   1   2   2   0   0   2   0   1   1  73   3   0   4   1  1.48 0.70
   48 T   -1  1  1 -2 -3 -1 -3 -2 -1 -2 -3  2 -2  0 -3  1  5 -3  1 -2    4   8   6   1   0   2   1   3   2   2   2  11   1   3   1   9  37   0   5   2  0.48 0.34
   49 E   -2 -5  3  7 -4 -3  1  0 -3 -7 -7 -2 -6 -4 -5  0 -4 -7  0 -4    3   0  13  53   0   0   9   7   0   0   0   2   0   1   0   7   1   0   3   1  1.26 0.57
   50 Y   -7 -7  0 -8 -3 -6 -7 -8  4 -5 -4 -7 -6  2 -8 -5 -7  2  9 -5    0   0   4   0   1   0   0   0   9   1   2   0   0   6   0   0   0   2  74   1  2.67 0.96
   51 G   -3 -7 -5 -6 -8 -7 -7  8 -7 -9 -9 -7 -8 -8 -7 -2 -7 -8 -8 -8    1   0   0   0   0   0   0  96   0   0   0   0   0   0   0   3   0   0   0   0  2.76 0.96
   52 L   -6 -7 -8 -8 -6 -7 -8 -8 -8  7  4 -7 -1 -2 -7 -7 -5 -7 -5 -1    0   0   0   0   0   0   0   0   0  59  37   0   1   1   0   0   0   0   0   2  1.88 0.71
   53 F   -7 -8 -8 -9 -8 -8 -8 -8 -6 -5 -2 -8 -5  9 -9 -3 -7 -4  0 -6    0   0   0   0   0   0   0   0   0   0   4   0   0  92   0   2   0   0   2   0  3.22 1.05
   54 Q   -6 -2 -5 -6 -9  9 -3 -5 -1 -8 -5 -3 -6 -9 -7 -6 -6 -3 -4 -6    0   2   0   0   0  92   1   1   1   0   1   1   0   0   0   0   0   0   1   0  3.01 1.15
   55 I   -6 -8 -8 -8 -6 -7 -8 -9 -8  8  0 -7  1 -2 -8 -7 -4 -7 -6 -1    0   0   0   0   0   0   0   0   0  85   9   0   2   1   0   0   1   0   0   2  2.40 0.85
   56 S   -5  0  8 -3 -7 -3 -5 -3 -3 -8 -6 -3 -6 -7 -3  4 -2 -8 -7 -7    0   5  59   0   0   1   0   2   0   0   0   1   0   0   1  29   1   0   0   0  1.82 0.78
   57 D   -3 -4  3  4 -4 -2 -2 -2 -5 -4 -7 -4 -6 -7 -5  6 -3 -7 -6 -6    1   0  15  20   0   1   1   2   0   1   0   0   0   0   0  56   1   0   0   0  1.38 0.66
   58 R   -1  4  0 -2 -3  2 -1 -3  3 -3 -1  3 -3  0 -3 -2 -3 -4  1 -4    6  27   4   1   0   8   3   2   7   2   5  20   0   4   1   2   1   0   5   1  0.52 0.32
   59 F   -4 -2 -3  1 -2 -2 -1 -3 -1 -2 -1  0 -3  2 -5 -4 -1  7  7 -2    1   2   1   8   1   1   5   2   1   2   7   7   1   7   0   1   4  13  34   2  0.93 0.44
   60 W   -5 -3 -5 -8  0 -6 -7 -6 -1 -7 -6 -7 -6 -2 -7 -7 -7 13 -2 -7    1   2   1   0   2   0   0   1   2   0   0   0   0   2   0   0   0  85   1   0  4.28 1.27
   61 C   -6 -5 -8 -8 12 -8 -9 -5 -8 -7 -7 -8 -7 -8 -8 -6 -6 -2 -8 -6    0   1   0   0  96   0   0   1   0   0   0   0   0   0   0   0   0   1   0   0  4.40 1.29
   62 K   -1  2  3  3 -4  1  0 -1 -2 -3 -5  2 -3 -5 -4  1  2 -5 -3 -4    5  12  17  15   0   6   3   5   1   1   0  10   1   0   0  11  12   0   1   1  0.43 0.27
   63 S   -2  0  3  5 -5 -1  1 -3  3 -5 -5 -2 -5 -4  2  0 -2 -3 -2 -4    3   6  14  34   0   2   8   2   6   0   1   2   0   1  11   6   2   0   1   1  0.74 0.38
   64 S   -1 -3  2  1 -4 -1 -1  5 -1 -4 -2 -1 -4 -2 -1  0 -1 -1  1 -4    5   1   9   7   0   2   5  40   2   0   4   3   0   2   3   7   3   1   4   1  0.52 0.28
   65 E   -2  3  1  1  0  1 -1 -2  1 -2 -3  4 -3 -4 -3  0 -2 -2 -3 -1    2  19   6   7   2   7   3   2   4   2   2  30   0   1   1   6   2   1   1   4  0.49 0.27
   66 F   -1  0  0 -2 -2 -1 -1  1 -1 -1 -1  0 -1  0 -1  2  3 -3 -1 -1    3   5   3   1   1   3   4  10   2   4   5   4   2   4   3  17  25   0   2   4  0.20 0.16
   67 P   -1  1 -2 -1 -3  0 -1 -1 -1 -2 -1 -1 -2 -3  6  1 -1 -3 -2 -2    4   9   2   3   1   4   4   4   1   3   7   3   1   1  36  10   4   0   1   3  0.59 0.24
   68 E   -1  1  0 -1 -1  1  0  2  3 -2 -2  1 -2  0  1  0 -1 -2  0 -2    4   6   4   3   1   7   7  16  11   3   4   8   1   4   6   6   3   0   3   3  0.14 0.09
   69 S    2 -1 -2 -1 -2 -2 -1  0 -3 -3 -3  2 -1 -3  0  4  2 -4 -2 -2   14   3   1   2   1   1   2   6   0   1   2  12   1   1   5  33  11   0   1   3  0.40 0.26
   70 E   -1  1 -1  1 -1  0  0  2  0 -2 -3  2 -2 -1  1  0 -1  0  0  0    5   7   2   8   1   4   7  18   2   1   2  15   0   4   6   5   4   1   3   7  0.15 0.12
   71 N   -4 -4  8  0 -5 -4 -4  2 -3 -4 -3 -2 -5 -4 -5 -2 -3 -3 -3 -4    1   0  65   4   0   0   1  14   0   1   3   2   0   1   1   2   1   1   1   1  1.61 0.62
   72 I    1  0 -2 -1  2  0  0  1  2  1  1 -1  0 -1 -3 -1 -1 -2 -1  0   14   4   1   3   6   4   6  10   6   9  17   4   1   2   1   1   3   0   2   6  0.07 0.10
   73 C   -3 -4 -7 -8 12 -7 -8 -7 -7 -6 -6 -7 -6 -7 -7 -6 -6 -7 -7 -6    2   1   0   0  94   0   0   0   0   0   0   0   0   0   0   0   0   0   0   0  4.24 1.23
   74 G   -3  2  4  0 -6  1 -2  2  6 -6 -6  1 -5 -5 -3 -2 -2 -6 -3 -5    2  11  21   6   0   7   1  18  21   0   0   7   0   0   1   3   2   0   0   0  0.85 0.42
   75 I   -2 -5 -5 -3 -4 -4 -4 -5 -3  5  1 -1  5 -3 -5 -4  0 -5 -2  4    2   0   0   1   0   0   1   1   1  31   9   4  16   1   0   1   5   0   1  26  0.89 0.42
   76 S    1  0  0  1 -1 -1 -1 -3  0 -4 -2  2 -2 -4  2  3  0 -5  0 -4   12   4   4   7   1   2   3   1   2   0   3  11   1   0  12  27   5   0   4   0  0.37 0.28
   77 C   -5 -6 -7 -4 12 -7 -8 -7 -2 -6 -5 -7 -6 -7 -7 -3 -6 -7 -5 -6    0   1   0   2  91   0   0   0   1   0   1   0   0   0   0   2   0   0   1   0  4.01 1.17
   78 D   -1  1  2  1 -5  0  3 -4  0 -4 -4 -1 -3 -4 -4  4  1 -3 -3 -5    4   8   9   7   0   3  18   0   2   1   2   2   0   0   0  33   8   0   1   0  0.57 0.37
   79 K    2 -2  0  5 -5  0  1 -2  0 -4 -4  2 -5 -6 -4  0 -3 -6 -2 -2   20   2   3  36   0   4   8   2   2   0   2  12   0   0   0   6   1   0   1   3  0.70 0.39
   80 L   -5 -5 -7 -6 -5 -5 -7 -6 -6 -2  6 -6  1  5 -7 -4 -5 -5 -2 -3    0   1   0   0   0   0   0   0   0   1  72   0   2  19   0   1   0   0   1   1  1.64 0.66
   81 L   -3  0 -6 -5 -5 -2 -3 -6 -6  0  6 -4  2 -1 -6 -4 -1 -5 -3  0    2   6   0   0   0   2   2   0   0   3  70   1   3   2   0   1   4   0   1   5  1.13 0.52
   82 D   -3 -3  5  4 -5  1 -1 -3 -2 -5 -3 -1 -4 -6 -4  2  3 -3 -5 -4    1   1  26  25   0   5   3   1   1   0   3   3   0   0   0  15  16   0   0   1  0.81 0.45
   83 D   -3 -1  2  7 -2 -3  0 -4 -2 -6 -6 -3 -5 -6  2  1 -3 -7 -5 -5    1   4   7  53   1   0   6   1   1   0   1   1   0   0  11  11   1   0   0   0  1.24 0.57
   84 E   -5 -4  5  7 -7 -4 -2 -4  2 -7 -6 -3 -6 -7 -5 -2 -4 -7 -4 -7    1   0  30  56   0   0   1   1   5   0   1   1   0   0   0   3   1   0   1   0  1.79 0.71
   85 L   -5 -6 -5 -7 -5 -5 -7 -7 -7  7  3 -6 -2 -3 -4 -6 -5 -6 -5  0    0   0   1   0   0   0   0   0   0  63  29   0   0   1   1   0   0   0   0   4  1.68 0.65
   86 D    0  1 -2 -1 -4  0 -1 -2 -3 -2  0  2 -2 -4 -3  2  4 -4 -3 -2    6   6   1   3   0   4   4   2   0   2   8  12   0   0   0  15  32   0   1   2  0.41 0.31
   87 D   -1 -3  1  6 -6  1  0 -3 -1 -5 -5  1 -3 -5 -1 -1 -2 -6 -3 -2    5   1   5  51   0   5   5   1   1   0   1   9   1   0   4   5   2   0   1   3  0.96 0.47
   88 D    3 -4 -2  6 -5 -3 -3 -3 -3 -4 -5 -4 -5 -5 -5  2  1 -3 -4 -5   24   1   1  47   0   1   0   1   0   1   1   0   0   0   0  14   8   1   0   0  1.14 0.56
   89 I    0 -6 -6 -6 -3 -5 -6 -4 -6  6 -1 -4  1 -2 -5 -2 -1 -1 -4  4    7   0   0   0   0   0   0   1   0  46   3   1   3   1   0   3   3   1   0  31  1.13 0.51
   90 A    1  2  1 -2 -4  1  1 -3  0  2 -1  2  2 -3 -3 -1  0 -2 -3  0   13  11   8   1   0   7   7   1   2  13   4  13   6   0   0   2   6   0   1   5  0.20 0.19
   91 C   -5 -8 -7 -8 12 -7 -8 -7 -7 -6 -6 -7 -6 -7 -7 -5 -6 -2 -4 -6    0   0   0   0  95   0   0   0   0   0   0   0   0   0   0   1   0   1   1   0  4.24 1.24
   92 A    7 -5 -5 -5 -4 -5 -5 -3 -3 -2 -3 -5 -3 -5 -5 -2 -3 -6 -5  1   79   0   0   0   0   0   0   1   1   2   3   0   1   0   0   2   1   0   0   9  1.58 0.70
   93 K   -3  2 -2 -4 -6  2 -1 -5 -2 -4 -3  7  2 -6 -5 -4 -3 -6 -4 -3    1   8   1   0   0   7   2   1   1   1   3  65   5   0   0   0   1   0   1   2  1.39 0.62
   94 K   -4  5 -3 -3 -6  1 -2 -5 -1 -1 -2  5  0 -4 -5 -2  0 -5 -2 -4    1  29   1   1   0   5   1   0   1   3   5  40   3   0   0   2   5   0   2   0  0.96 0.48
   95 I   -4 -6 -4 -5 -5 -6 -6 -6 -1  7 -2 -6 -2 -4 -6 -6 -4 -6 -5  4    1   0   1   1   0   0   0   0   2  68   1   0   1   0   0   0   1   0   0  25  1.83 0.70
   96 L    0 -1 -5 -5 -3  0 -4 -4  0  0  1 -1 -1  3 -4 -3 -3 -3  3  4    7   3   0   0   0   5   0   1   2   3  11   5   1  11   1   1   1   0  10  38  0.53 0.33
   97 A   -2  3  0  1 -5  3  0 -2 -1 -5 -4  4 -3 -4 -4  2 -2 -5 -4 -5    3  19   5   8   0  12   5   2   1   0   1  24   0   1   0  19   1   0   0   0  0.63 0.38
   98 I    0  2 -1 -2 -2  2  1  0 -2 -2 -3  0  0 -5  4  0  0 -3 -4 -3    8  14   2   1   1   9   7   7   1   3   3   4   2   0  22   8   6   0   0   1  0.38 0.25
   99 K   -3  0  2  0 -6  5  2 -1  5 -5 -3  2 -2 -4 -4 -2 -2 -5 -3 -4    1   3   9   5   0  30  14   5  13   0   2  10   1   1   0   2   1   0   0   1  0.78 0.44
  100 G   -4 -4 -3 -3 -7 -3 -5  7 -6 -7 -7 -3 -7 -5 -6 -4 -4 -4 -7 -7    0   1   1   1   0   1   0  89   0   0   0   2   0   1   0   1   1   0   0   0  2.27 0.84
  101 I   -4 -4 -6 -6 -5 -5 -6 -6 -5  3  1 -5  7  6 -6 -4 -5  5 -1 -1    1   1   0   0   0   0   0   0   0  15  13   0  26  32   0   1   0   7   1   3  1.36 0.58
  102 D   -1  2  3  2 -3  0 -1  1 -1 -4 -3  2 -2 -4 -3  1  1 -5 -2 -4    4  11  15  11   0   4   2  12   1   0   3  16   1   0   1  10   9   0   1   0  0.34 0.24
  103 Y    6 -4  0 -4 -3 -4 -3 -3  1 -3 -4 -3 -4 -3 -2  0 -2 -5  4 -2   59   1   5   0   0   0   1   1   4   1   0   1   0   0   2   6   2   0  13   2  1.03 0.56
  104 W   -8 -6 -8 -9 -4 -7 -8 -4 -8 -8 -7 -8 -3 -5 -8 -8 -8 13 -3 -8    0   0   0   0   0   0   0   2   0   0   0   0   1   0   0   0   0  95   0   0  4.96 1.47
  105 K   -1 -2  0  0 -4  0  2 -3 -1 -1 -1  0 -1 -2  1  0  1 -4  2  3    3   1   5   6   0   3  13   1   1   1   4   4   2   1   7   8   7   0  10  23  0.21 0.22
  106 A    4 -2 -3 -3 -3 -1 -2  4 -4 -4 -4 -1 -2 -5 -3  1  1 -5 -5  1   32   1   0   1   0   2   2  29   0   0   1   3   1   0   1   9   8   0   0   9  0.62 0.38
  107 Y   -6 -6 -8 -9 -2 -7 -8 -7  2 -8 -7 -8 -7 -2 -9 -5 -7 13  3 -8    0   0   0   0   1   0   0   0   4   0   0   0   0   1   0   1   0  82   9   0  4.21 1.30
  108 K    0  4  1 -2 -4  1 -1 -3 -3 -3 -3  4 -2 -4 -2  0  1 -5 -3 -1    6  24   6   1   0   5   3   1   0   1   2  28   1   1   1   7   8   0   1   4  0.53 0.33
  109 P   -1  2  4 -1 -4  0 -1 -2  3 -2  0  2  2 -4  0  0  0 -4 -2 -3    4  11  20   3   0   4   3   2   7   1   9  13   6   0   6   5   4   0   1   1  0.30 0.24
  110 M   -5  2  2 -5 -6 -2 -4 -4  8 -6 -2  2 -3  1 -4 -2 -5 -3  4 -6    0  11  10   0   0   1   0   1  39   0   4  12   0   5   1   2   0   0  12   0  1.30 0.59
  111 C   -6 -9 -8 -9 12 -9 -9 -8 -2 -7 -7 -9 -7 -8 -9 -6 -6 -8 -8 -5    0   0   0   0  98   0   0   0   1   0   0   0   0   0   0   0   0   0   0   1  4.54 1.35
  112 S   -1  3  0 -2 -4  5  1 -4 -3 -5 -5  4 -4 -6 -4  2 -2 -6 -3 -5    4  16   4   2   0  24   7   1   0   0   1  24   0   0   0  14   2   0   1   0  0.79 0.45
  113 E   -3 -3  4  1 -6 -2  0  6  2 -7 -7 -3 -6 -7 -6 -3 -5 -6 -5 -7    1   1  19   8   0   2   5  56   5   0   0   1   0   0   0   1   0   0   0   0  1.34 0.58
  114 K   -3  4  1  2 -6  2 -2 -4 -3 -5 -5  5 -4 -6 -3 -2  0 -2 -4 -5    1  26   7  11   0   9   0   1   0   0   0  32   0   0   1   2   6   1   0   0  0.87 0.46
  115 L   -3 -3 -6 -5 -4 -3 -6 -6 -6 -1  6 -5  2 -3 -5 -4 -2 -5 -4  0    1   1   0   1   0   1   0   0   0   1  82   0   4   0   0   1   3   0   0   4  1.38 0.56
  116 E   -1 -2 -2  1 -4 -3  1 -2 -3 -5 -4 -1 -4 -4  3  5  1 -6 -4 -3    4   2   1   7   0   0  10   1   0   0   1   3   0   0  16  46   8   0   0   1  0.75 0.42
  117 Q   -2  2 -2  3 -3  4  3 -4  0 -5 -5  1 -3 -4 -3  0 -2 -4  2 -4    1  12   0  15   0  25  21   0   2   0   0   6   0   0   0   8   1   0   8   0  0.67 0.36
  118 W   -7 -7 -7 -8 -7 -6 -5 -7 -5 -6 -6 -7 -5 -1 -8 -7 -6 12  6 -7    0   0   0   0   0   0   1   0   0   0   0   0   0   2   0   0   0  72  25   0  3.73 0.97
  119 R   -3  0 -1 -4 -3 -2 -2 -4 -2  1  4  1  4 -2 -4 -2 -2 -1 -1  1    0   5   3   0   0   1   2   0   1   4  44   9  14   0   0   1   1   1   2  12  0.45 0.24
  120 C    3 -2 -4 -3  9 -1 -3 -3 -4 -1 -3  0 -3 -4 -4 -1 -1 -5 -4 -2   29   1   0   1  48   2   1   0   0   4   0   7   0   0   0   2   2   0   0   2  1.20 0.35
  121 E   -2 -1  0  4 -5  0  4  2 -2 -5 -5  1 -4 -5 -3 -1 -2 -5 -4 -4    0   2   3  24   0   3  37  18   0   0   0  11   0   0   0   3   0   0   0   0  0.68 0.22
  122 K   -2 -3 -4 -4 10 -2  0 -4 -4 -3 -2  3 -3 -4 -4 -3 -3 -5 -4 -2    1   0   0   0  64   1   9   0   0   0   2  21   0   0   0   0   0   0   0   2  1.64 0.37
  123 P   -1 -3 -3 -2 -4 -2 -2 -3 -3 -3 -4 -2 -3 -4  8 -1 -2 -4 -4 -3    0   0   0   0   0   0   0   0   0   0   0   0   0   0 100   0   0   0   0   0  2.26 0.11
