    1 D   -4 -3 -3  2 -7  6  6 -5 -3 -6 -6 -2 -4 -6 -4 -3 -4 -6 -5 -6    0   0   0   8   0  35  57   0   0   0   0   0   0   0   0   0   0   0   0   0  1.62 0.62
    2 V   -2 -5 -6 -6 -4 -4 -1 -6 -6  2 -1 -5  0 -3 -5 -5 -3 -6 -4  7    2   0   0   0   0   0   5   0   0   8   2   0   1   0   0   0   0   0   0  81  1.49 0.59
    3 K   -4 -2 -2 -4 -6  8 -1 -5  1 -5 -5  1 -3 -6 -4 -3  0 -6 -5 -3    0   0   1   0   0  76   2   0   3   0   1   8   0   0   0   1   7   0   0   1  1.80 0.72
    4 L   -5 -5 -7 -7 -5 -5 -6 -7 -6 -1  7 -6  0 -2 -6 -6 -4 -3 -4 -1    0   0   0   0   0   0   0   0   0   0  96   0   1   0   0   0   0   0   0   3  1.83 0.67
    5 V   -2 -2 -3 -2 -4  3 -2 -5 -3  0 -1 -2 -1 -4 -4 -2  1 -5 -4  5    1   1   0   2   0  17   2   0   0   1   5   2   1   0   0   2  10   0   0  54  0.76 0.43
    6 E   -4 -3 -3 -2 -7  6  6 -5 -3 -6 -4 -2 -5 -7 -5 -3 -4 -6 -5 -5    0   0   0   0   0  33  63   0   0   0   1   0   0   0   0   1   0   0   0   0  1.77 0.71
    7 S   -2 -4 -3 -4 -5 -4 -4 -4 -5 -6 -6 -4 -5 -5  2  7 -1 -6 -5 -5    1   0   0   0   0   0   0   0   0   0   0   0   0   0   9  88   2   0   0   0  1.84 0.78
    8 G   -3 -4 -4 -2 -6 -5  0  7 -5 -7 -7 -3 -6 -6 -2 -3 -5 -6 -6 -3    1   1   0   2   0   0   6  86   0   0   0   1   0   0   2   0   0   0   0   2  1.90 0.67
    9 G    1 -4 -3 -4 -5 -4 -4  5 -5 -6 -5 -4 -5 -6  4  1 -2 -5 -5 -4   14   0   0   0   0   0   0  52   0   0   0   0   0   0  21   9   2   0   0   0  1.18 0.49
   10 G   -1 -2 -2  2 -4 -2  3  5 -4 -4 -5 -2 -4 -5 -4 -2 -3 -5 -5  0    4   2   1   9   0   0  24  48   0   1   0   1   0   0   0   2   1   0   0   8  0.87 0.42
   11 L   -4 -5 -6 -6 -4 -5 -5 -6 -6  0  5 -5  0 -2 -5 -3 -2 -5 -4  3    0   0   0   0   0   0   0   0   0   3  67   0   1   0   0   2   2   0   0  25  1.16 0.51
   12 V   -2  0 -4 -5 -4 -2 -3 -5 -5  0 -1  2 -2 -3 -5 -4 -2 -6 -4  6    3   5   0   0   0   1   1   0   0   1   3  16   0   0   0   0   1   0   0  68  1.10 0.53
   13 Q   -2  2 -1 -3 -6  6 -1 -5 -2 -5 -4  5 -3 -6 -3 -3 -1 -5 -5 -5    3   9   2   1   0  37   1   0   0   0   1  42   0   0   1   0   3   0   0   0  1.20 0.55
   14 P   -4 -5 -6 -5 -7 -5 -5 -6 -5 -7 -5 -5 -6 -7  9 -3 -4 -8 -7 -6    1   0   0   0   0   0   0   0   0   0   1   0   0   0  94   2   1   0   0   0  3.03 0.94
   15 G   -2 -4 -3 -4 -5 -4 -2  7 -5 -7 -7 -4 -6 -6 -4  1 -3 -6 -6 -6    2   1   0   0   0   0   2  81   0   0   0   1   0   0   0  11   1   0   0   0  1.79 0.65
   16 G    2  0 -2 -1 -4  2  2  5 -3 -5 -5 -1 -3 -5 -4  0 -1 -5 -5 -3   16   5   1   2   0   9  15  42   0   0   0   2   0   0   0   5   3   0   0   1  0.70 0.36
   17 S   -2 -4 -3 -4 -4 -4 -4 -4 -4 -5 -5 -3 -5 -4 -2  7  3 -6 -5 -4    0   0   0   0   0   0   0   0   0   0   0   1   0   1   2  79  15   0   0   1  1.61 0.72
   18 R   -2 -4 -6 -6 -4 -5 -5 -6  2 -1  5 -5  0 -2 -6 -5 -4 -5 -3  3    2   1   0   0   0   0   0   0   5   0  66   0   1   1   0   0   0   0   0  24  1.18 0.52
   19 K   -4  6 -3 -4 -6 -1 -2 -5 -3 -5 -5  5 -2 -6 -5  1  0 -4 -5 -5    0  45   0   0   0   1   1   0   0   0   0  35   1   0   0  11   6   0   0   0  1.29 0.57
   20 L   -4 -5 -6 -7 -4 -5 -6 -7 -6  3  6 -5  1 -2 -6 -5 -4 -5 -4  1    0   0   0   0   0   0   0   0   0  13  74   0   3   0   0   0   0   0   0  10  1.37 0.55
   21 S   -2 -4 -3 -4 -4 -4 -4 -4 -5 -5 -5 -3 -5 -5 -3  7  3 -6 -5 -4    2   0   0   0   0   0   0   0   0   0   0   0   0   0   1  75  20   0   0   1  1.60 0.72
   22 C   -5 -6 -7 -8 12 -8 -8 -5 -8 -6 -6 -8 -6 -5 -8 -5 -5 -7 -4 -5    0   1   0   0  98   0   0   1   0   0   0   0   0   0   0   0   0   0   1   0  4.16 1.17
   23 A    4 -1 -2 -3 -4 -1 -1 -2 -4 -3 -3  4 -3 -5 -3  0  2 -5 -4  0   34   3   1   0   0   1   3   2   0   1   1  28   0   0   0   5  15   0   0   8  0.57 0.38
   24 A    6 -4 -4 -5 -3 -4 -4  0 -5 -2 -3 -4 -3 -2 -3 -1 -1 -5 -3  2   65   0   0   0   0   0   0   5   0   2   1   0   0   1   1   2   4   0   0  18  1.03 0.52
   25 S   -2 -4 -3 -4 -4 -3 -4 -4 -4 -6 -6 -4 -5 -4 -2  7  0 -6 -5 -5    1   0   0   0   0   1   0   0   0   0   0   0   0   1   2  90   4   0   0   0  1.89 0.79
   26 G   -3 -4 -3 -3 -6 -4 -4  7 -5 -7 -7 -5 -6 -6 -6 -4 -5 -2 -6 -5    1   1   1   1   0   0   1  92   0   0   0   0   0   0   0   0   0   1   0   1  2.22 0.75
   27 F   -3 -5 -1 -3 -6 -5 -5 -2 -3 -2 -3 -6 -3  8 -6 -3 -5 -2  6 -3    3   0   3   2   0   0   1   4   0   2   1   0   0  59   0   2   0   0  23   2  1.65 0.63
   28 T   -2 -2  0 -2 -4 -3 -3 -4 -4 -1 -3 -2 -2 -5 -2  3  6 -6 -5 -3    1   1   5   2   0   0   0   0   0   3   1   1   1   0   1  23  59   0   0   1  1.14 0.57
   29 F   -5 -6 -5 -5 -5 -6 -6 -6 -5  2  1 -6 -2  8 -7 -3 -5 -3  0 -1    0   0   0   1   0   0   0   0   0  11  12   0   1  69   0   2   0   0   1   3  1.82 0.67
   30 S   -2 -1  1 -1 -2 -3 -3 -1 -2 -3 -5 -1 -4 -5 -3  6  3 -4 -4 -4    1   3   5   2   1   0   0   4   1   2   0   3   0   0   0  56  21   0   0   0  0.99 0.54
   31 S   -2 -1  3  4 -2 -3 -1 -1 -1 -4 -5 -2 -3 -4 -4  4  1 -6 -3 -4    2   3  14  23   1   0   1   5   1   1   1   1   0   0   0  39   7   0   1   0  0.74 0.43
   32 F   -3 -4  0 -5 -5 -4 -5 -5  3 -4 -5 -3 -5  2 -6 -1 -3 -2  9 -4    1   1   4   0   0   0   0   1   6   1   0   2   0   5   0   5   1   0  70   1  2.00 0.76
   33 G    1 -3 -1  0 -3 -3 -2  2  0 -4 -3 -4 -4  0 -2  0 -1  7  5 -3   15   1   3   5   1   0   2  16   2   0   1   0   0   2   2   7   3  18  19   1  0.69 0.37
   34 M   -5 -5 -6 -7 -5 -5 -6 -6 -4  3 -1 -5  9 -2 -6 -5 -2  5 -4  1    0   0   0   0   0   0   0   0   0  15   4   0  61   2   0   0   2   7   0   8  1.94 0.76
   35 H   -2 -3  4  0 -3 -1 -2  0  7 -3 -4 -3 -4 -3 -4  3 -1 -2  0 -4    3   1  20   4   0   1   1   7  30   2   1   0   0   1   0  21   3   1   3   1  0.87 0.45
   36 W   -8 -7 -9 -9 -4 -7 -8 -8 -7 -8 -6 -8 -6 -2 -9 -6 -8 13 -1 -8    0   0   0   0   0   0   0   0   0   0   0   0   0   1   0   0   0  97   1   0  4.94 1.37
   37 V   -2 -6 -5 -7 -4 -6 -6 -7 -6  4 -2 -6  0 -1 -6 -5 -3 -2 -1  6    2   0   0   0   0   0   0   0   0  20   2   0   1   3   0   0   0   0   2  69  1.49 0.62
   38 R   -5  8 -3 -5 -2  0 -4 -5  0 -6 -6  2 -4 -7 -5 -4 -5 -1 -5 -5    0  80   0   0   1   2   0   0   2   0   0  12   0   0   0   0   0   1   0   0  2.09 0.79
   39 Q   -5 -2 -4 -4 -7  9 -2 -6 -2 -7 -6 -2 -5 -8 -6 -4 -5 -4 -6 -7    0   1   0   0   0  95   1   0   1   0   0   1   0   0   0   1   0   0   0   0  2.83 1.06
   40 A    5  1 -3 -4 -4 -3 -4 -3 -3 -4 -4 -1 -1 -1  2  0  0 -5 -2 -1   60   7   0   0   0   1   0   1   0   0   0   3   1   3   8   7   5   0   1   3  0.85 0.48
   41 P   -2 -5 -5 -4 -7 -4 -4 -6  0 -6 -6 -5 -6 -8  9 -2 -3 -8 -7 -6    2   0   0   1   0   0   0   0   3   0   0   0   0   0  87   3   1   0   0   0  2.72 0.92
   42 E   -2 -5 -4 -4 -6 -5  0  7 -6 -7 -7 -4 -6 -7 -6 -3 -5 -5 -7 -6    1   0   0   1   0   0   6  89   0   0   0   0   0   0   0   1   0   0   0   0  2.12 0.76
   43 K   -4  0 -2 -4 -7  4 -1 -4 -2 -6 -6  7 -4 -7 -5 -3 -4 -6 -5 -6    1   3   2   0   0  16   2   1   1   0   0  73   0   0   0   1   0   0   0   0  1.73 0.72
   44 G    0  0 -3 -4 -4 -5 -3  7 -5 -7 -7 -3 -6 -6 -5 -1 -2 -4 -6 -6    6   5   0   1   0   0   2  79   0   0   0   2   0   0   0   4   2   0   0   0  1.69 0.65
   45 L   -5 -4 -7 -7 -5 -5 -6 -7 -4 -2  6 -6 -1 -1  0 -6 -5 -5 -5 -3    0   1   0   0   0   0   0   0   1   1  91   0   0   2   5   0   0   0   0   0  1.74 0.70
   46 E   -5 -4 -3 -1 -7  2  7 -6 -4 -7 -7 -1 -3 -7 -5 -4 -5 -7 -6 -2    0   0   0   1   0   7  85   0   0   0   0   2   1   0   0   0   0   0   0   3  2.04 0.82
   47 W   -7 -7 -8 -6 -3 -7 -8 -6 -7 -5 -3 -7 -6 -1 -7 -6 -7 13  0 -7    0   0   0   1   1   0   0   0   0   1   3   0   0   2   0   1   0  90   2   0  4.38 1.25
   48 V   -3 -5 -6 -6 -4 -5 -6 -6 -6  4  2 -5  5 -3 -6 -5 -3 -5 -4  5    0   0   0   0   0   0   0   0   0  26  14   0  15   0   0   0   0   0   0  45  1.25 0.53
   49 A    4 -4 -3 -4 -1 -4 -4  5 -5 -5 -4 -4 -4 -5 -4  2 -2 -6 -5 -2   33   0   0   0   1   0   0  45   0   0   1   0   0   0   0  15   2   0   0   3  1.05 0.50
   50 Y    0  1 -1 -1 -2 -1 -1  0  1 -1 -1 -2 -1  1 -3  0  0  5  4  0    8   9   3   3   1   2   5   6   4   3   4   0   1   4   0   7   7  10  17   7  0.23 0.19
   51 I   -4 -5 -6 -3 -5 -6 -6 -7 -6  8 -1 -6  1 -2 -6 -4 -2 -6 -5  1    0   0   0   2   0   0   0   0   0  83   2   0   3   1   0   1   2   0   0   5  1.89 0.70
   52 S   -2  0  3  2 -2 -1 -2 -1  1 -2 -3 -1 -3 -2 -3  3 -1  4  2 -3    2   5  18  11   1   2   1   3   3   3   1   2   0   1   0  28   3   6   9   1  0.43 0.31
   53 S   -1 -3  0 -1 -2 -2 -2 -1  0 -4 -4 -2 -4 -2  4  3  1  2  4 -4    4   0   5   3   1   1   1   5   2   1   1   1   0   1  25  22  10   3  14   0  0.60 0.36
   54 G   -1 -1  2  4 -4 -1  0  2 -1 -2 -3  0 -3 -3 -3  2 -1 -4  0 -3    4   3  12  24   0   1   4  17   1   2   1   4   1   1   1  16   3   0   4   2  0.38 0.24
   55 S   -1 -1  1  0 -5 -2 -3  5 -3 -5 -4 -3 -4 -2 -4  3  0 -5 -2 -4    3   3   6   6   0   1   1  48   0   0   1   1   0   2   0  20   5   0   2   0  0.82 0.41
   56 S   -2 -2  0  1 -2 -3 -3  5 -2 -5 -5 -3 -3 -5 -2  3 -1 -3 -1 -4    1   1   3   7   1   0   1  47   1   0   0   1   1   0   2  28   3   0   2   1  0.89 0.45
   57 T   -1 -1  2  1 -3 -1  0  0 -1 -2 -3 -1 -2 -2 -2  3  2 -2  1 -2    4   3  12   8   0   2   5   5   1   3   2   3   0   1   1  24  16   0   6   2  0.27 0.22
   58 I    0 -3 -2 -4 -4 -2 -3 -4 -3  1 -3  1 -2 -4  0  0  6 -5 -3 -2    7   1   1   0   0   1   1   0   1   9   1  11   1   0   5   4  55   0   1   2  0.88 0.48
   59 Y   -2 -1  3  0 -4 -1 -1 -2  2 -3 -3  0 -3  0 -4  0 -1  1  7 -2    2   3  14   4   0   1   4   3   4   1   2   6   0   3   0   6   4   1  39   2  0.68 0.38
   60 Y   -5 -5 -2 -5 -6 -5 -5 -6  1 -4 -4 -5 -5  1 -3 -4 -5 -2 10 -5    0   0   2   1   0   0   0   0   2   1   1   0   0   3   1   1   0   0  86   0  2.72 0.91
   61 A    5 -3  4 -2 -4 -3 -3 -2 -4 -3 -3 -2 -3 -5  0  1 -1 -5 -4 -2   52   1  20   1   0   0   1   2   0   1   1   1   0   0   5   9   4   0   0   3  0.82 0.46
   62 D   -1 -2  0  5 -5  3  1 -2 -2 -5 -5 -2 -4 -6  3 -1 -2 -6 -5 -4    6   1   4  40   0  15   7   2   1   0   0   0   0   0  17   4   1   0   0   1  0.89 0.44
   63 T    1 -1 -1 -1 -4 -2 -2 -2 -3 -5 -5  2 -3 -4 -3  6 -1  1 -4 -4   10   2   2   3   0   1   1   3   0   0   0  15   0   1   1  57   2   2   0   0  0.90 0.51
   64 V   -2 -5 -6 -6 -4 -5 -6 -5 -6  0  1 -6  0  5 -6 -5 -4 -4 -2  6    2   0   0   0   0   0   0   0   0   2  14   0   1  28   0   0   0   0   0  52  1.24 0.55
   65 K   -4  1 -2 -4 -7  3 -2 -5 -4 -5 -6  7 -3 -7 -2 -3 -3 -3 -5 -6    0   5   1   0   0  15   1   0   0   1   0  72   0   0   2   1   1   0   0   0  1.65 0.70
   66 G   -2 -4  0  0 -4 -4 -2  7 -5 -7 -7 -4 -6 -6 -4  1 -3 -6 -6 -5    1   0   3   6   0   0   2  72   0   0   0   0   0   0   0  12   1   0   0   1  1.55 0.61
   67 R   -5  8 -4 -5 -5 -1 -4 -6 -1 -7 -6  3 -5 -7 -5 -5 -5 -1 -5 -6    0  82   0   0   0   2   0   0   1   0   0  13   0   0   0   0   0   1   0   0  2.24 0.82
   68 F    1 -6 -6 -7 -4 -6 -6 -6 -5  0  0 -6 -2  8 -6 -4 -3 -3 -1  2   11   0   0   0   0   0   0   0   0   4   8   0   0  62   0   1   1   0   0  13  1.53 0.61
   69 T   -1 -5 -2 -4 -4 -4 -2 -5 -4 -2 -4 -3 -4 -5 -4  1  7 -6 -5 -2    4   0   1   0   0   0   2   0   0   2   0   1   0   0   1   8  79   0   0   2  1.68 0.73
   70 I   -4 -6 -6 -6 -3 -6 -6 -6 -6  7  1 -6  2  1 -6 -4 -2 -1 -4  0    1   0   0   0   0   0   0   0   0  70  12   0   4   6   0   1   2   1   0   3  1.48 0.59
   71 S   -2 -4 -2 -3 -4 -4 -4 -4 -3 -5 -5 -3 -5 -4 -5  6  4 -6 -5 -5    1   0   1   1   0   0   0   0   0   0   0   0   0   1   0  71  23   0   0   0  1.59 0.74
   72 R    0  7 -4 -4 -6 -2 -3 -2 -4 -3 -2  2 -2 -5 -4 -3 -2 -2 -5  0   10  61   0   0   0   0   0   2   0   1   4   9   1   0   1   1   2   1   0   8  1.17 0.55
   73 D   -5 -5 -2  8 -7 -4  0 -4 -3 -7 -7 -4 -6 -7 -5 -2 -5 -7 -4 -5    1   0   1  89   0   0   4   1   0   0   0   0   0   0   0   2   0   0   1   1  2.37 0.83
   74 N   -3 -2  7  1 -5 -2 -2 -4 -3 -4 -5  1 -4 -4 -4 -1  4 -6 -4 -4    1   2  51   7   0   1   1   0   0   1   0   9   0   1   1   3  23   0   0   0  1.19 0.55
   75 P    3 -4 -1 -3 -3 -3 -3 -1 -4 -5 -4 -4 -4 -5 -2  6 -1 -4 -4 -4   28   0   2   1   0   0   0   4   0   0   1   0   0   0   2  57   3   0   0   0  1.11 0.58
   76 K   -1  1  0 -3 -5  1 -2 -2 -3 -3 -4  6 -3 -6 -4  2  1 -6 -5 -3    5   4   4   0   0   4   1   2   0   2   0  52   0   0   0  15   7   0   0   1  0.86 0.47
   77 N   -4 -3  7 -1 -5 -2 -3 -2 -3 -5 -6 -2 -5 -4 -5  3 -1 -6 -3 -5    0   1  59   3   0   1   1   2   0   0   0   2   0   1   0  26   4   0   1   0  1.49 0.65
   78 T   -3 -3 -2 -4 -4  3 -1 -5 -3 -1 -2 -3  2 -4 -4  1  6 -5 -5 -3    1   0   1   0   0  12   4   0   0   3   3   1   6   1   0  10  58   0   0   0  1.08 0.57
   79 L    3 -5 -5 -5 -4 -4 -5 -4 -5  0  4 -4 -1  1 -4 -3 -2 -4 -3  3   24   0   0   0   0   0   0   1   0   3  45   0   0   5   0   0   1   0   0  20  0.75 0.41
   80 F   -5 -6 -4 -3 -4 -4 -6 -6  1 -5 -5 -6 -5  3 -7  0 -1 -2  9 -4    0   0   1   1   0   0   0   0   2   0   0   0   0   9   0   7   5   0  73   1  2.19 0.82
   81 L   -5 -5 -7 -7 -5 -5 -6 -7 -6 -1  6 -5  5 -2 -6 -6 -5 -5 -4 -2    0   0   0   0   0   0   0   0   0   1  81   0  16   1   0   0   0   0   0   0  1.73 0.69
   82 Q   -3 -1 -2 -2 -7  8  2 -5  1 -6 -5  1 -4 -7 -5 -2 -1 -6 -5 -5    1   2   2   2   0  65  14   0   3   0   1   7   0   0   0   1   3   0   0   0  1.61 0.71
   83 M   -4 -5 -6 -7 -5 -5 -6 -4 -6  2  3 -5  9 -2 -6 -5 -4  0 -5 -1    1   0   0   0   0   0   0   2   0   8  27   0  57   1   0   0   0   1   0   3  1.82 0.72
   84 T   -2 -1  6  0 -5 -2 -3 -3 -1 -4 -6 -2 -5 -6 -5  3  2 -6 -4 -4    2   4  47   3   0   1   0   0   1   1   0   2   0   0   0  27  12   0   0   1  1.12 0.55
   85 S   -1  0  3 -2 -5 -3 -4  0 -3 -5 -6 -3 -5 -6 -4  6 -1 -6 -5 -5    2   5  12   1   0   0   0   6   0   1   0   1   0   0   0  70   3   0   0   0  1.31 0.65
   86 L   -4 -5 -7 -7 -5 -5 -6 -7 -6 -1  6 -6  2 -3 -3 -5 -4 -3 -4  2    0   0   0   0   0   0   0   0   0   0  80   0   5   0   2   0   0   0   0  12  1.50 0.62
   87 R   -4  6 -2 -3 -6  1 -1 -4 -4 -5 -5  4 -4 -6 -5 -2  4 -2 -5 -5    0  41   1   1   0   4   2   1   0   0   0  23   0   0   0   1  25   1   0   0  1.13 0.55
   88 S    4 -3 -1 -3 -3 -3 -3 -3 -4 -3 -4 -3 -4 -4  2  3  2 -5 -4  0   32   1   3   1   0   0   1   1   0   1   0   0   0   0  10  28  15   0   0   6  0.66 0.42
   89 E    0 -4 -2  2 -7 -1  7 -1 -4 -6 -6 -2 -5 -7 -5 -2 -4 -7 -6 -4    7   0   1   8   0   1  74   5   0   0   0   1   0   0   0   1   0   0   0   1  1.56 0.68
   90 D   -5 -6 -2  8 -8 -4 -1 -5 -3 -7 -8 -5 -7 -8 -6 -4 -5 -8 -4 -7    0   0   0  96   0   0   2   0   1   0   0   0   0   0   0   0   0   0   1   0  2.73 0.94
   91 T   -3 -4 -4 -5 -5 -4 -3 -5 -5 -5 -5 -3  1 -6 -5  2  7 -6 -5 -4    1   0   0   0   0   0   2   0   0   0   0   1   4   0   0  16  76   0   0   0  1.78 0.78
   92 A    7 -5 -5 -5 -3 -5 -4 -1 -6 -5 -5 -5 -5 -6 -4 -2 -3 -7 -6 -4   93   0   0   0   0   0   0   4   0   0   0   0   0   0   0   0   1   0   0   0  1.97 0.81
   93 M   -2 -2 -5 -3 -4 -4 -4 -5 -3  2  0 -3  4 -2 -5 -3  3 -5 -4  5    1   3   0   2   0   0   0   0   1   8   6   1  13   1   0   0  16   0   0  49  0.88 0.45
   94 Y   -6 -6 -5 -8 -7 -6 -7 -8 -2 -6 -5 -6 -5 -1 -8 -4 -6 -2 10 -6    0   0   1   0   0   0   0   0   0   0   0   0   0   1   0   1   0   0  97   0  3.37 1.07
   95 Y   -4 -5 -5 -7 -6 -6 -6 -7 -1 -5 -4 -6 -5  4 -7 -5 -6 -1 10 -5    1   0   0   0   0   0   0   0   1   0   1   0   0  13   0   0   0   0  83   0  2.80 0.92
   96 C   -4 -7 -7 -8 12 -7 -8 -6 -7 -6 -6 -7 -6 -7 -7 -5 -4 -4 -7 -5    1   0   0   0  97   0   0   0   0   0   0   0   0   0   0   0   1   0   0   0  4.11 1.14
   97 A    6 -4 -4 -5 -4 -2 -3 -2 -4 -4 -4 -3 -3 -5 -4 -2  1 -5 -1  1   74   0   0   0   0   2   0   1   0   0   1   1   0   0   0   1   9   0   2   8  1.24 0.59
   98 R   -2  7 -2 -4 -2 -1 -3 -3 -2 -3 -4  2 -3 -3 -4 -1 -1 -5 -1 -3    3  64   1   0   1   1   0   2   0   2   1   9   0   1   1   4   4   0   2   2  1.24 0.54
   99 G   -1  0  0  4 -2 -1  0  2  3 -3 -3 -2 -3 -2 -2  0 -2  3  2 -2    4   5   4  28   1   1   5  16   7   2   2   1   0   1   1   6   2   4   7   2  0.37 0.24
  100 D   -1  1 -1  1 -2 -1 -1  0 -1 -2 -2 -2 -1 -2 -1  0  4  1  2 -2    3   8   2  10   0   2   2   8   1   1   4   1   1   1   3   7  31   2   9   2  0.28 0.23
  101 Y   -1 -1  0  0 -1  0 -1  0  1  0 -1 -1 -1  0 -1  0  0  2  2  1    4   4   3   7   2   5   3   9   4   3   5   1   1   4   3   8   4   3   9  18  0.05 0.08
  102 Y   -1  3  0 -1  0 -1 -2  0  1 -1 -2  0 -1  0 -1  0  0  1  4 -1    4  19   4   4   2   2   1   8   4   3   3   3   2   3   2   8   5   2  17   4  0.19 0.16
  103 G    0  0  0  0  0 -1 -1  3 -1 -3 -2 -1 -3  0 -1  1 -1 -1  3 -2    5   5   4   6   2   2   4  29   1   1   3   2   0   3   3  10   4   1  11   3  0.26 0.17
  104 S    0 -1  0  1  0 -2 -2  1  1 -2 -2 -2 -2  0 -1  2  0  3  3 -1    6   3   4  11   2   1   1  11   3   2   3   1   1   4   3  16   7   5  14   4  0.19 0.16
  105 R    0  0 -1 -1 -2  2 -1  1  2 -2 -2 -2 -1  0 -1  0 -1  4  5 -2    8   4   3   3   1  10   2   9   5   1   3   1   1   3   3   7   2   6  22   3  0.33 0.23
  106 G   -2 -3 -4 -3  4 -3 -4 -1 -3 -2  0 -4  4  7 -3 -3 -3  2  1 -2    3   2   0   1   9   1   1   6   0   1   7   1  12  44   1   2   1   2   4   2  0.94 0.43
  107 A    1 -2 -1  6 -3 -2  1 -2 -1 -4 -4 -3 -4 -3 -2 -1 -2  0 -2 -2   11   1   2  53   0   1   8   2   2   1   1   1   0   1   2   4   2   2   2   4  0.94 0.44
  108 Y   -3 -4 -2 -4 -4 -3 -5 -5  1 -1 -1 -5 -3  3  1 -3 -3 -1  7  2    2   1   2   1   0   1   0   0   2   3   5   0   0  11   8   2   1   1  45  14  1.10 0.50
  109 W   -5  0 -4 -6 -3 -1 -5 -2 -5 -6 -3 -5 -5 -2 -6 -5 -5 12 -2 -4    1   6   1   1   1   3   1   3   0   0   2   0   0   1   0   1   1  76   0   1  3.43 1.07
  110 G   -3 -5 -3 -3 -2 -2 -5  7  2 -6 -4 -4 -6 -3 -3 -2 -3 -6 -6 -5    1   0   0   1   1   2   0  78   5   0   2   0   0   1   1   2   1   0   0   1  1.76 0.67
  111 Q   -2 -1 -2 -4 -5  7 -1 -4 -1 -4 -4  2 -3 -6  1 -1 -1 -1 -4 -3    3   3   2   0   0  55   2   1   1   1   2  13   0   0   7   3   3   1   0   2  1.20 0.60
  112 G   -3 -5 -3 -4 -1 -4 -5  7 -4 -5 -5 -2 -6 -6  1 -2 -4 -6 -6 -3    1   0   1   1   2   1   0  77   0   1   1   2   0   0   6   3   1   0   0   2  1.70 0.66
  113 T   -2 -3 -4 -4 -2 -1 -4 -4 -1 -2 -2 -3 -3 -2  0 -2  7  0 -4  0    3   1   0   1   1   2   1   1   2   2   4   1   0   1   5   1  65   1   0   7  1.21 0.61
  114 L   -1 -3 -4 -3  3  0 -2 -4 -2 -2  3 -2  4 -1 -3  1  3 -4 -4 -1    3   1   0   1   7   4   2   1   1   1  33   2  10   2   1  10  18   0   0   3  0.46 0.32
  115 V   -3 -1 -5 -6 -5 -3 -5 -4 -6 -1  0 -5 -3 -2 -3 -2 -2  0 -4  7    1   4   0   0   0   1   1   1   0   1   9   0   0   2   1   4   2   2   0  70  1.29 0.60
  116 T   -2 -4 -2 -4 -1  0 -1 -3 -3 -2 -2 -3 -3 -3 -5 -1  7 -4 -4 -1    2   1   1   0   1   4   4   2   0   2   4   1   0   1   0   3  66   0   0   4  1.27 0.63
  117 V   -2 -4 -5 -4  0 -5 -5 -4 -5 -1 -2 -4 -2 -4 -2  0 -2 -7 -4  7    3   1   0   1   2   0   0   1   0   1   3   1   1   0   2   7   2   0   0  74  1.45 0.66
  118 S   -2 -2 -3 -3 -3 -1 -1 -1 -3 -5 -5 -2 -4 -4 -4  6  1 -2 -5 -5    2   2   1   1   1   2   4   5   0   1   1   2   0   1   0  68   8   1   0   1  1.26 0.66
  119 A    1 -2 -1 -3 -5 -2 -2 -1 -5 -5 -3 -4 -4 -5 -1  6 -1 -7 -5 -2   11   2   3   1   0   2   2   5   0   0   2   0   0   0   3  62   3   0   0   3  1.06 0.59
  120 K    3 -1 -2 -1 -2  1  1 -1  1 -4 -4  3 -3 -4  0  1  0 -4 -4 -1   29   2   0   3   1   7   7   4   3   0   1  18   0   1   4  10   6   0   0   4  0.36 0.28
  121 T   -1 -2 -1 -1 -2  1 -1 -2 -2 -3 -1 -1 -4 -4  2  4  4 -5 -5 -2    3   2   2   2   1   7   2   2   1   1   6   3   0   0   9  32  24   0   0   2  0.53 0.38
  122 T   -2 -1 -2 -3  0 -1 -3 -1  0 -1 -4  0 -4 -5 -1  1  6 -3 -5 -1    2   3   2   1   2   2   1   5   2   3   1   7   0   0   3  11  50   0   0   4  0.80 0.47
  123 A    3 -3 -1 -3 -3  0 -1  4  0 -4 -5 -1 -5 -6  3  0 -2 -6 -5 -3   22   1   3   0   0   4   4  33   2   1   1   4   0   0  15   7   1   0   0   2  0.66 0.37
  124 P   -3 -3 -4 -5 -2 -3 -4 -3 -5 -3 -3 -4 -5 -6  8  0 -5 -3 -7 -6    2   2   1   0   1   1   1   2   0   2   3   1   0   0  78   6   0   0   0   0  2.29 0.88
  125 S   -3  0 -1 -4  0 -1 -3 -1 -3 -4 -4 -2 -4 -6 -3  6  1 -6 -6 -4    0   4   2   0   2   2   1   5   0   1   2   2   0   0   1  66   9   0   0   1  1.22 0.64
  126 V   -3 -4 -4 -4 -5  0 -2 -3 -2  1  0 -4 -3 -4 -4 -3 -2 -6 -5  6    1   1   1   1   0   5   3   3   1   5   8   1   0   0   1   2   1   0   0  66  1.18 0.55
  127 Y   -3 -5 -4 -5 -5 -4 -5 -3  0 -2 -1 -4 -3  7 -6 -4 -3 -1  6  1    2   1   1   1   0   1   1   2   2   2   4   1   0  46   0   1   2   0  25   9  1.43 0.58
  128 P   -3 -5 -3 -5 -6  2 -4 -3 -4 -4 -2 -4 -5 -3  8 -3 -2 -6 -5 -3    2   0   1   0   0   9   1   2   0   1   4   1   0   1  70   2   2   0   0   2  1.95 0.76
  129 L   -3 -5 -6 -4 -3 -1 -3 -5 -4 -2  6 -3 -1 -3 -5 -2 -3 -5 -4 -1    2   0   0   1   0   3   2   1   0   0  80   1   1   1   0   3   2   0   0   3  1.40 0.60
  130 A    5 -2 -3 -3 -2  0 -3 -2 -4 -1 -3 -2  0 -4 -3  1  0 -5 -4  2   48   2   1   1   1   4   1   2   0   4   1   3   2   1   1  11   5   0   0  13  0.65 0.39
  131 P   -3 -4 -4 -3 -5  1  1 -3 -5 -4 -2 -4 -3 -5  7 -1 -2 -5 -4 -3    2   1   0   1   0   7   9   2   0   1   4   1   1   0  61   5   2   0   1   2  1.55 0.62
  132 V   -1 -3 -2 -2  5  0 -3  2 -2 -3 -2 -3 -3 -2 -1  4 -2 -4 -3  0    3   1   1   2  14   4   1  14   1   1   4   1   0   2   3  39   2   0   1   7  0.64 0.37
  133 C   -2 -4 -3 -4  7 -3 -2  2 -2 -5 -4 -3 -4 -5 -1  5 -2 -5 -5 -4    2   1   1   1  23   1   3  17   1   0   2   1   0   0   3  41   1   0   0   1  1.09 0.52
  134 G    1  1 -2  0 -4  0 -1  3 -3 -3 -3  3 -3 -4 -2  1 -1 -4 -4 -3   14   6   1   4   0   3   3  27   0   1   2  23   0   0   2   9   3   0   0   1  0.46 0.28
  135 D    1 -2 -1  3 -4 -1  0 -1 -2 -3 -3 -2 -2 -4  0  4  0 -5 -4 -2   14   1   2  17   0   2   5   5   1   1   2   1   1   0   4  35   5   0   0   4  0.49 0.32
  136 T   -2 -2 -2 -3 -3  4 -2 -1 -3 -3 -1  0 -1 -4 -3  0  5 -5 -4  0    2   2   1   1   0  17   2   6   0   1   7   5   1   1   1   7  39   0   0   7  0.61 0.40
  137 T   -1 -3 -3  0 -2 -2 -3 -3 -3 -4 -4  0 -3 -5  4  5  3 -5 -5 -3    3   1   0   6   1   1   1   2   0   1   1   5   0   0  20  39  16   0   0   1  0.83 0.47
  138 G   -2 -3  3  1 -5 -2 -1  6 -4 -6 -6 -3 -5 -5 -5  1 -3 -6 -6 -4    2   2  13   6   0   1   5  58   0   0   0   1   0   1   0   9   1   0   0   1  1.20 0.54
  139 S   -1 -3 -1  2 -5  0  1  5 -3 -6 -6 -2 -5 -3 -1  3 -2 -5 -4 -5    3   1   2  12   0   4   8  37   1   0   0   2   0   1   2  23   2   0   0   1  0.73 0.41
  140 S   -2 -3  1 -4 -2 -1 -1 -4  0 -4 -3 -3  4 -5  0  4  5 -6 -5 -3    2   1   5   0   1   3   3   0   2   0   1   1  11   0   5  33  32   0   0   1  0.87 0.53
  141 V    3 -4 -6 -5 -2 -4 -5 -5 -3  1  3 -5 -2 -4 -5 -4 -3 -6 -4  5   25   1   0   0   1   0   0   0   1   5  23   0   0   0   0   0   0   0   0  42  0.95 0.49
  142 T    4  2 -4 -3 -4 -2 -3 -4 -2 -2 -4  1 -4 -4 -4  1  4 -5 -4  0   30  10   0   1   0   1   0   0   1   3   0  10   0   1   0   8  30   0   0   5  0.68 0.44
  143 L   -5 -6 -7 -7 -5 -6 -5 -7 -4  2  6 -6  2 -3 -6 -5 -5 -3 -3  0    0   0   0   0   0   0   0   0   0   9  78   0   4   0   0   0   0   0   1   6  1.58 0.66
  144 G   -2 -5 -3 -4 -4 -4 -4  6 -5 -6 -4 -4 -5 -4 -5  3  0 -6 -6 -4    3   0   1   0   0   0   1  62   0   0   2   1   0   1   0  21   6   0   0   1  1.39 0.62
  145 C   -5 -8 -8 -8 12 -8 -8 -6 -8 -6 -6 -8 -7 -6 -6 -5 -6 -7 -5 -5    1   0   0   0  96   0   0   1   0   0   0   0   0   0   0   0   0   0   1   1  4.28 1.29
  146 L    1 -4 -6 -6 -5 -2 -4 -6 -6 -2  5  0  0 -3 -5 -3  0 -5 -4 -2   12   0   0   0   0   1   1   0   0   0  66   7   1   1   0   2   5   0   0   2  1.04 0.53
  147 V    4 -6 -6 -6 -4 -5 -6 -3 -6  0 -3 -5 -3 -4 -4 -3 -3 -6 -5  6   29   0   0   0   0   0   0   2   0   4   0   0   0   1   1   2   1   0   0  60  1.36 0.64
  148 K   -3  0 -3 -4 -6  0 -3 -3  1 -6 -6  6 -5 -6 -3  4  0 -7 -5 -4    1   3   0   0   0   4   0   1   3   0   0  48   0   0   1  32   5   0   0   1  1.19 0.62
  149 G   -4 -4 -1  5 -7 -5 -2  6 -5 -7 -7 -5 -7 -7 -6 -2 -5 -7 -7 -7    0   1   2  35   0   0   2  58   0   0   0   0   0   0   0   3   0   0   0   0  1.73 0.70
  150 Y   -4 -6 -6 -4 -7 -3 -6 -6 -2 -3 -4 -6 -5  7 -7 -4 -6 -3  8 -5    1   0   0   1   0   1   0   0   1   1   0   0   0  42   0   1   0   0  51   0  2.35 0.86
  151 F   -4 -2 -1 -3 -5 -3 -4 -6 -2 -3 -1 -5 -1  7 -4  1  3 -4 -1 -3    0   2   2   1   0   1   0   0   1   1   6   0   1  50   1  10  20   0   0   1  1.19 0.57
  152 P   -3 -6 -6 -6 -6 -6 -6 -6 -4 -1 -1 -5 -3  5  8 -5 -5 -6 -3 -3    2   0   0   0   0   0   0   0   0   4   5   0   1  20  65   0   0   0   0   2  2.03 0.78
  153 E   -3 -1  0  1 -5 -2  6 -2 -4 -4 -6 -2 -3 -6 -3  3  1 -6 -4 -4    1   4   3   6   0   0  47   2   0   1   0   1   1   0   1  23   9   0   1   0  0.93 0.52
  154 P   -3 -5  0  1 -5 -2 -3 -4 -5 -6 -6 -3 -5 -6  6  4  0 -7 -6 -4    0   0   4   7   0   2   1   1   0   0   0   1   0   0  45  31   6   0   0   1  1.38 0.64
  155 V   -2 -5 -2 -4 -4 -4 -5 -5 -1  1  0 -5  1 -1 -5 -3 -2 -4  5  5    2   0   2   1   0   0   0   1   2   6   9   0   3   1   0   2   2   0  23  47  0.99 0.50
  156 T   -1 -2  1 -1 -3 -2 -2 -2 -1 -4 -4 -2 -4 -3 -4  1  6  5  2 -4    4   2   7   3   0   2   2   3   1   1   1   2   0   1   0   8  50   8   7   0  0.91 0.51
  157 L   -3 -5 -6 -6 -4 -2 -5 -6 -5  1  0 -3  6  2 -6 -4 -4 -1  0  5    1   0   0   0   0   2   0   0   0   5   8   1  21   9   0   1   0   1   3  48  1.13 0.54
  158 T   -2 -3  0 -1 -2  0 -2 -1  1 -3 -4  0 -4 -4 -3  4  5 -5 -2 -4    2   0   4   2   1   4   2   3   4   1   1   4   0   1   1  35  32   0   2   0  0.73 0.46
  159 W   -8 -5 -9 -10 -8 -7 -8 -8 -8 -6 -6 -8 -7 -5 -6 -8 -8 13 -3 -8    0   1   0   0   0   0   0   0   0   0   1   0   0   0   1   0   0  97   0   0  5.08 1.48
  160 N   -4 -1  7  1 -5 -2 -2 -3 -1 -2 -4  1 -4 -3 -4  0  0 -6 -3 -2    0   3  59   6   0   1   1   1   1   3   1   7   0   1   0   7   6   0   1   3  1.13 0.51
  161 S   -1 -1  1  1 -1  1 -1 -3 -1 -4 -3 -2 -2 -5 -3  5 -1  0 -2 -3    2   3   6   7   1   5   3   1   1   0   2   1   1   0   0  59   2   1   1   1  0.78 0.44
  162 G   -1 -4 -1 -2 -5  0 -2  6 -4 -4 -5 -1 -5 -5 -3  0 -1 -5 -3 -5    4   0   2   2   0   5   2  68   0   1   0   4   0   0   1   6   4   0   1   0  1.20 0.47
  163 S    4 -3 -2 -2 -3 -2 -1  0 -3 -1 -4  1 -3 -1 -2  3 -1 -4 -3 -2   39   0   1   1   0   0   4   7   0   4   0   8   0   3   2  27   2   0   0   2  0.51 0.33
  164 L   -2 -3 -2  1 -3  0 -3 -3 -4  1  4 -2 -1 -2 -2 -1 -1 -4 -1  0    1   0   2   8   0   4   0   2   0   8  53   2   0   0   2   6   4   0   2   6  0.47 0.29
  165 S   -2 -3 -1 -1 -3 -2 -3  1 -4  0 -2 -3  0 -4 -1  4  5 -5 -4 -3    1   0   3   2   0   1   0  10   0   5   4   0   2   0   2  30  39   0   0   0  0.68 0.40
  166 S   -1 -2  0 -2 -4 -1 -1 -2 -3 -3 -3  0 -3 -5 -3  5  3 -5 -4 -1    2   2   4   1   0   2   3   2   0   1   2   6   0   0   0  55  16   0   0   4  0.79 0.44
  167 G   -2 -3 -1  0 -1 -4 -4  6 -4 -5 -5 -3 -5 -5 -4  1  1 -5 -5 -4    0   1   2   5   1   0   0  68   0   0   0   1   0   0   1  10   9   0   0   1  1.30 0.50
  168 V   -1 -4 -5 -5 -3 -2 -3 -4 -5  2  0 -4 -2  1 -3 -2 -2 -4 -2  6    4   0   0   0   0   1   1   1   0   8   8   0   0   7   1   3   1   0   1  61  0.85 0.41
  169 H   -2  2  1 -3 -5 -1 -1 -4  9  0 -4  1 -1 -4 -4  0 -2  0 -2 -2    2  10   7   0   0   1   3   0  49   6   0   7   1   0   0   7   1   1   0   3  1.15 0.48
  170 T   -2 -2  2 -2 -4  2 -2 -4 -2 -4 -4  0 -3 -1 -3 -1  6  1 -3 -3    1   1   9   1   0  11   1   0   1   0   1   5   0   3   1   2  60   2   1   0  0.99 0.51
  171 F   -3 -5 -5 -6 -5 -4 -5 -6 -3 -2 -2 -3  0  8 -1 -2 -3 -2  5 -2    1   0   0   0   0   1   0   0   0   1   1   1   2  62   3   3   1   0  20   2  1.65 0.59
  172 P   -4 -3 -6 -5 -7 -5 -4 -2 -5 -7 -7 -3 -6 -7  8 -2 -5 -7  0 -6    0   2   0   0   0   0   1   3   0   0   0   1   0   0  87   3   0   0   4   0  2.63 0.82
  173 A    5 -3 -4 -3  0 -3 -1 -3 -4 -4 -4 -3 -4 -5  2  2 -1 -5 -4 -1   60   1   0   1   2   0   4   0   0   0   0   0   0   0  11  15   3   0   0   3  0.93 0.47
  174 V   -2 -3 -5 -2 -3 -4 -3 -5 -5  2  0 -4 -1 -1 -2 -1 -2  2 -3  6    1   2   0   2   0   0   1   0   0   7   8   0   1   2   2   5   1   3   0  65  0.91 0.43
  175 L   -1 -1 -2 -5 -4  1 -4 -3  0 -1  5 -2  2 -2 -3 -1 -1  0 -3 -2    4   4   1   0   0   9   0   1   2   0  63   1   4   0   1   4   3   2   0   0  0.68 0.37
  176 Q   -1  1 -1  0 -5  7  0 -1 -2 -4 -4  2 -3 -5 -4  0 -1 -5 -4 -2    4   5   1   5   0  51   4   5   0   0   0  11   0   0   0   6   3   0   0   3  0.88 0.43
  177 S   -2 -2  1  1 -4  0 -1  2 -3 -5 -5  0 -4 -5 -4  5 -1 -5 -4 -4    1   2   7   7   0   4   3  18   0   0   0   5   0   0   0  53   1   0   0   0  0.81 0.42
  178 D   -3 -3  1  4 -5 -4 -3  6 -4 -6 -6 -2 -2 -6 -4 -1 -4 -5 -5 -3    0   1   5  23   0   0   1  60   0   0   0   2   1   0   0   4   0   0   0   2  1.22 0.47
  179 L   -3  1 -4 -3 -4 -3 -2 -4 -4 -1  5  1  0 -1 -3 -1  1 -4 -3 -1    0   8   0   1   0   0   2   0   0   1  59  12   2   1   1   4   8   0   0   1  0.63 0.36
  180 Y   -6 -5 -6 -7  0 -3 -6 -7 -1 -5 -4 -4 -5  3 -7 -5 -5  1  9 -5    0   0   0   0   2   1   0   0   1   0   0   1   0   9   0   0   0   1  85   0  2.68 0.84
  181 T   -1 -4 -3 -4 -4 -3 -3 -4 -4 -2 -2 -3  1 -4 -4  4  6 -5 -2 -1    2   0   0   0   0   0   0   0   0   2   3   0   3   0   0  36  49   0   2   3  1.07 0.52
  182 L    1 -3 -4 -4 -3 -3 -4  0 -4  1  4 -2  4 -2 -4 -1  0 -4 -1 -1   12   1   0   0   0   0   0   6   0   7  48   3  12   0   0   4   5   0   2   0  0.51 0.30
  183 S    0 -4 -1 -3  0 -3 -2 -3 -4  0 -4 -3 -4 -3 -4  6  1 -5 -4 -2    4   0   2   0   1   0   1   0   0   5   1   0   0   1   0  74   7   0   0   3  1.16 0.55
  184 S   -2 -4 -3 -4 -4 -3 -3 -4 -4 -6 -6 -3 -5 -6 -3  7  0 -6 -5 -5    0   0   0   0   0   0   0   0   0   0   0   0   0   0   1  95   3   0   0   0  1.93 0.73
  185 S   -2 -1 -2 -3 -4  5 -2 -4 -1 -2 -2 -1  1 -2 -4  2  0 -5 -3  4    0   2   0   0   0  31   0   0   1   0   2   2   3   2   0  19   5   0   0  32  0.63 0.39
  186 V   -3 -5 -5 -4 -3 -5 -5 -6 -5  2  3 -5 -1 -3 -5 -4 -2 -5 -4  6    0   0   0   1   0   0   0   0   0   8  28   0   0   0   0   0   1   0   0  61  1.12 0.45
  187 T   -1 -1 -1 -3 -4  0 -1 -4 -4 -3 -1 -1 -3 -4 -4  1  7 -5 -4 -2    2   3   2   0   0   3   3   0   0   0   6   3   0   0   0   8  68   0   0   1  1.07 0.49
  188 V   -3 -5 -5 -6 -3 -5 -5 -6 -5  2  2 -5 -1 -1 -5 -2 -2 -5 -3  6    0   0   0   0   0   0   0   0   0   6  20   0   0   3   0   2   1   0   0  67  1.12 0.45
  189 T   -2 -2 -1 -1 -5  0 -3 -4 -4 -5 -3 -1 -4 -5  7  1  0 -5 -3 -3    2   1   2   3   0   5   0   0   0   0   2   3   0   0  59  12   7   0   1   2  1.39 0.47
  190 S    2  0 -2 -3 -3 -1 -2 -3 -3 -3 -3  2  1 -4 -3  5 -1 -5 -4 -3   20   4   0   0   0   1   0   0   0   1   2  11   4   0   0  54   1   0   0   1  0.77 0.41
  191 S    1 -2  0 -1 -3  0 -1 -3 -2 -4 -4 -1 -3 -5 -3  6  0 -5 -4 -1    9   1   4   2   0   5   2   0   0   0   1   2   0   0   0  63   5   0   0   6  0.83 0.42
  192 T   -2 -2 -1  4 -4  1  1 -3 -3 -4 -4 -1 -3 -5 -1  4  3 -5 -4 -3    1   1   1  22   0   6  10   0   0   0   1   2   0   0   3  33  19   0   0   1  0.61 0.33
  193 W   -3 -2 -6 -6  4 -3 -5 -2 -5 -3  3 -5 -2 -2 -6 -2 -4 10 -1 -1    2   3   0   0  10   1   0   3   0   0  29   0   0   1   0   4   0  42   1   4  1.61 0.53
  194 P   -2 -3  1  2 -4 -2 -1  3 -3 -5 -3  1 -3 -5  5  0 -1 -5 -5 -4    0   0   6  12   0   1   2  28   0   0   3  10   1   0  28   8   2   0   0   0  0.72 0.31
  195 S    2 -3  1  1 -3 -2  0 -1 -3 -3 -4 -1 -3 -5 -3  3  4 -5 -4 -3   15   0   5   7   0   0   5   3   0   0   0   4   0   0   0  27  34   0   0   0  0.60 0.34
  196 Q   -1 -1  0  0 -5  5  3 -4 -1 -5 -4  3 -2 -5 -2 -1 -2 -5 -4 -4    5   1   4   4   0  36  21   0   1   0   0  21   1   0   1   4   1   0   0   0  0.82 0.38
  197 S   -2 -1  0 -3 -2 -1 -2 -3 -2 -4 -4 -1 -3 -4 -1  3  6 -4  2 -3    1   2   3   0   0   1   2   0   1   0   0   3   0   0   3  24  52   0   7   0  0.86 0.42
  198 I   -3 -3 -5 -5 -4 -2 -4 -5 -2  1  0 -4 -2  4 -5 -4 -3 -1  7  3    0   1   0   0   0   2   0   0   0   6   8   0   0  19   0   0   0   0  38  25  1.03 0.40
  199 T   -2 -2 -2 -3 -3 -1 -2 -4 -3  3 -2  1 -1 -3 -3 -1  5 -3  2  1    1   1   1   0   0   3   2   0   0  23   0  11   1   0   0   1  39   0   8   8  0.54 0.32
  200 C   -4 -7 -6 -7 12 -6 -7 -6 -6 -5 -5 -6 -5 -6 -6 -4 -4 -6 -3 -4    0   0   0   0  96   0   0   0   0   0   0   0   0   0   0   0   0   0   1   0  3.70 0.87
  201 N   -1 -2  6 -1 -5 -1  1 -3  2 -3 -4  2 -4 -5 -4  1 -2 -5 -2 -4    4   0  49   0   0   1   7   0   6   2   1  16   0   0   0  11   1   0   1   0  0.88 0.38
  202 V    1 -5 -5 -5 -3 -4 -5 -5 -5  1 -1 -4 -2 -3 -4 -3 -2 -5 -4  7   14   0   0   0   0   0   0   0   0   4   1   0   0   0   0   0   0   0   0  79  1.32 0.48
  203 A    2 -2  4 -1 -3  2  0 -2  1 -3 -4  1 -3 -3 -3  0  1 -4  0 -2   21   0  27   2   0  13   3   0   4   0   0   9   0   0   0   3   9   0   4   3  0.42 0.25
  204 H   -5 -3  0 -4 -6 -1 -3 -4 11 -6 -6 -4 -5 -4 -5 -4 -5 -5  2 -6    0   0   3   0   0   1   0   1  87   0   0   0   0   0   0   0   0   0   5   0  2.85 0.75
  205 P   -1 -2  1  0  1 -1 -2 -1 -3 -4 -3  4 -3 -4  5  0 -1 -4  0 -4    5   0   8   4   4   1   0   4   0   0   2  28   0   0  31   6   2   0   4   0  0.66 0.29
  206 A    3 -3  0  0 -3 -1 -2  0 -3 -3 -4  0 -3 -4  5  1  1 -4  0 -2   28   0   4   4   0   2   1   7   0   0   0   4   0   0  29   8   7   0   4   2  0.58 0.26
  207 S    0 -3  1 -2 -3 -2 -2  2 -3 -4 -3  0 -3 -4 -3  5  2 -4 -2 -3    6   0   7   0   0   1   1  15   0   0   1   4   0   0   0  49  14   0   1   0  0.67 0.34
  208 S   -1 -3  5  0 -4 -2 -1  1 -2 -3 -5 -2 -4 -5  2  3 -1 -5 -4 -4    3   0  38   4   0   0   4   9   0   1   0   1   0   0  11  26   3   0   0   0  0.73 0.33
  209 T   -2  1 -2 -3 -3 -2 -3 -2 -3 -3 -3  1 -3 -2 -1  1  6 -4  2  0    0   7   0   0   0   0   0   2   0   0   0   8   0   1   3  10  54   0   7   6  0.72 0.37
  210 K   -2  0  0  1 -5  3  1 -4 -1 -5 -5  6 -3 -5  0  0  0 -5 -4 -4    1   1   4   6   0  11   6   0   1   0   0  56   0   0   4   5   4   0   0   0  0.86 0.37
  211 V   -1 -4 -4 -5 -3 -1 -4 -5 -4  1  1 -2 -1  1 -4 -3 -1 -4 -2  6    4   0   0   0   0   3   0   0   0   3  11   3   0   7   0   1   3   0   0  63  0.76 0.34
  212 D   -3 -2  2  6 -5 -2  1 -3  1 -4 -5 -1 -4 -5 -4 -1  2 -6 -4 -4    1   1   8  54   0   0   9   0   4   1   0   2   0   0   0   3  17   0   0   1  1.01 0.38
  213 K   -1  0 -2 -1 -4  1  0 -4 -3 -1 -1  6 -2 -4 -3 -2 -1 -5 -4  1    3   1   1   3   0   7   2   0   0   2   8  58   0   0   0   1   3   0   0  12  0.70 0.34
  214 K   -2  3 -1 -3 -2  0 -1 -3  0 -3 -3  5  1 -4  1  1  0 -5 -3 -4    2  16   1   0   1   1   2   0   2   1   1  47   5   0   7   9   4   0   0   0  0.67 0.31
  215 I   -2 -4 -4 -5 -3 -4 -4 -5 -5  4  1  0 -1 -2 -2 -3  1 -5 -3  5    0   0   0   0   0   0   0   0   0  31   8   6   0   0   2   0   7   0   0  47  0.77 0.32
  216 E   -1 -2 -2  0  1  0  5 -3 -3  0 -3  0 -3 -4  2 -2 -2 -5 -4  1    3   0   0   3   4   2  51   1   0   7   0   6   0   0  10   0   0   0   0  13  0.63 0.30
  217 P   -3 -3 -3  2  2 -3 -2 -4  1 -4 -4 -2 -4 -2  7  0 -3 -6 -4 -3    0   1   0  12   5   0   0   0   3   1   1   2   0   2  65   7   0   0   0   1  1.56 0.40
  218 R   -3  6 -2 -3 -5  1 -1 -4 -2 -5 -4  5 -3 -5 -2 -2 -3 -5 -4 -4    0  48   0   0   0   5   0   0   0   0   0  44   0   0   2   2   0   0   0   0  1.20 0.36
  219 G    2 -3  0 -2 -3 -2 -2  6 -2 -4 -4 -2 -3 -4 -2  0 -2 -3 -3 -3   22   0   3   0   0   0   0  75   0   0   0   0   0   0   0   0   0   0   0   0  0.92 0.10
