    1 M   -4 -4 -5 -6 -4 -4 -5 -6 -5  3  4 -5  8 -2 -5 -5 -3 -4 -4 -1    0   0   0   0   0   0   0   0   0  18  39   0  42   0   0   0   0   0   0   0  1.39 0.42
    2 I   -3 -5 -5 -5 -4 -5 -5 -6 -3  6  1 -5  2 -1 -5 -4  3 -5 -1  1    0   0   0   0   0   0   0   0   1  56   9   0   4   2   0   0  19   0   2   8  1.06 0.39
    3 K   -4  0  2 -3 -6  7 -2 -5 -2 -5 -5  4 -4 -5 -4 -1  1 -6 -5 -5    0   4   8   0   0  51   0   0   1   0   0  24   0   0   0   3   8   0   0   0  1.33 0.52
    4 I    4  3 -3 -4 -4 -2 -3 -1 -4  2 -2  3 -2 -4 -4 -1 -1 -5 -4 -1   35  20   1   0   0   0   0   4   0  12   2  20   1   0   0   1   2   0   0   4  0.57 0.31
    5 P   -4 -6 -6 -5 -6 -1 -5 -6 -6  1 -1 -5 -2 -5  8 -4 -4 -7 -6 -1    1   0   0   0   0   3   0   0   0   9   6   0   1   0  74   0   0   0   0   5  2.12 0.64
    6 R   -4  6 -3 -5 -7 -2 -3 -5 -4 -6 -6  6 -5 -6 -1 -4 -2 -6 -4 -6    0  48   1   0   0   0   0   0   0   0   0  45   0   0   3   0   2   0   0   0  1.67 0.57
    7 G   -4 -6 -4 -5 -7 -6 -6  8 -6 -8 -8 -6 -7 -7 -6 -4 -6 -6 -5 -7    0   0   0   0   0   0   0 100   0   0   0   0   0   0   0   0   0   0   0   0  2.65 0.73
    8 T   -4 -5 -4 -5 -1 -5 -5 -6 -6 -4 -4 -5  1 -1 -5 -3  8 -6 -5 -1    0   0   0   0   1   0   0   0   0   0   0   0   4   2   0   0  89   0   0   3  2.14 0.73
    9 Q    1  2  1 -2 -5  5  0 -4  0 -3 -3  3 -2 -1 -4 -2 -2 -4  1 -1   12  11   8   0   0  26   4   0   1   0   1  20   0   2   0   2   1   0   5   6  0.50 0.29
   10 D   -6 -6 -3  9 -8 -4 -3 -6 -5 -8 -8 -5 -7 -8 -6 -4 -5 -9 -7 -8    0   0   0 100   0   0   0   0   0   0   0   0   0   0   0   0   0   0   0   0  2.97 0.83
   11 I   -4 -6 -6 -6 -3 -5 -6 -7 -6  7  1 -5  1 -1 -6 -5 -3  0 -4  2    0   0   0   0   0   0   0   0   0  68  12   0   3   2   0   0   0   1   0  13  1.52 0.50
   12 L   -4 -5 -7 -7 -5 -5 -6 -7 -6  0  6 -6  1  1 -6 -5 -2 -4  1 -2    0   0   0   0   0   0   0   0   0   3  83   0   2   4   0   0   2   0   5   1  1.52 0.52
   13 P   -4 -6 -5 -6 -7 -5 -5  1 -6 -7 -7 -5 -7 -5  9 -4 -5 -8 -7 -7    1   0   0   0   0   0   0   9   0   0   0   0   0   1  89   1   0   0   0   0  2.84 0.79
   14 E   -1 -2 -1  2 -5  1  3  4 -3 -4 -5  1 -3 -5 -1  1 -2 -2 -4 -3    5   1   2  14   0   6  19  30   0   1   0   7   0   0   3   9   2   1   0   1  0.52 0.25
   15 D   -2 -3  0  3 -6  2  6 -5 -3 -5 -5 -1 -4 -5 -4 -2  0 -6 -4 -3    3   0   4  18   0   9  52   0   0   0   0   2   0   0   0   2   7   0   0   2  1.06 0.43
   16 S    1 -4 -3 -4 -3 -3 -4 -3 -3  2 -2 -3  1 -4 -4  4  1 -5 -4  3   13   0   0   0   0   1   0   1   0  14   1   0   3   0   0  33   8   0   0  25  0.62 0.33
   17 K    0 -1 -1 -1 -4 -1  3  1  1 -3 -3  1 -3 -1 -1 -1 -2  2  4 -2   10   3   2   2   0   1  26  10   3   1   2   8   0   2   3   3   1   3  19   3  0.36 0.23
   18 K   -2  1 -1 -3 -4  1 -1 -4 -2 -1 -1  6 -3 -3 -4 -2 -1 -3  2 -2    3   7   3   1   0   4   1   1   1   3   8  52   0   0   0   2   3   0   9   2  0.75 0.36
   19 W   -7 -3 -6 -9 -7 -6 -8 -8 -7 -5 -6 -8 -5 -3 -9 -8 -7 13 -1 -6    0   2   0   0   0   0   0   0   0   1   0   0   0   0   0   0   0  95   1   0  4.74 1.11
   20 R   -2  1 -1 -3 -6  7  0 -5  5 -3 -4 -1 -4 -5 -5 -3 -2 -4  0 -4    2   6   3   1   0  58   3   0  14   1   1   2   0   0   0   1   3   0   3   1  1.38 0.54
   21 Y   -2 -1 -4 -4 -3 -1 -3 -5  2 -3 -2  0 -2  4 -5 -3 -1  3  7 -3    4   3   0   1   0   3   1   0   5   1   3   7   1  13   0   1   3   4  47   2  1.13 0.43
   22 I   -3 -6 -6 -6 -4 -5 -6 -6 -6  5  2 -5  0 -2 -6 -5 -3 -5 -4  5    1   0   0   0   0   0   0   0   0  32  20   0   2   1   0   0   0   0   0  45  1.21 0.43
   23 E   -4 -3 -3 -2 -8 -1  8 -6 -4 -7 -4 -3 -4 -6 -5 -3 -4 -7 -6 -6    1   0   1   0   0   1  93   0   0   0   2   0   0   0   0   1   0   0   0   0  2.27 0.73
   24 N    1  1  3  1 -4  2  2  0 -1 -4 -4  2 -3 -5 -3  1 -1 -5 -3 -3   10   6  13   9   0  12  16   6   1   0   0  13   0   0   0   9   3   0   0   0  0.40 0.21
   25 Q   -1 -1 -2 -3 -3 -1 -2 -4 -3  3  0  3  0 -2 -4 -2  3 -4 -2  2    4   3   1   0   0   2   2   0   0  16   8  21   2   1   0   1  21   0   1  16  0.35 0.23
   26 L    5 -4 -5 -5 -1 -4 -4 -3 -4  3  0 -4  2  2 -4 -2 -2 -2 -3  0   48   0   0   0   1   0   0   0   0  16  10   0   5  10   0   1   2   0   0   6  0.71 0.34
   27 D   -1  7 -3 -2 -6  0 -2 -5  0 -4 -4  2 -4 -5 -5 -2 -3 -6 -5 -5    4  71   1   2   0   3   1   0   2   1   2  10   0   0   0   2   1   0   0   0  1.58 0.54
   28 E   -2  1  2  4 -5  1  4 -2 -1 -4 -3  2 -2 -5 -4 -1 -1 -5 -4 -4    3   6   8  22   0   6  32   2   1   0   3  10   1   0   0   3   3   0   0   0  0.64 0.29
   29 L   -3 -5 -5 -5 -3 -4 -3 -6 -5  4  3 -4  0  0 -5 -3  1 -3 -3  3    0   0   0   0   0   0   2   0   0  31  26   0   2   3   0   0  11   0   0  23  0.74 0.31
   30 M    2 -5 -5 -6  8 -5 -5 -5 -5 -3  0 -5  2  5 -5 -1 -1 -4 -2 -3   18   0   0   0  34   0   0   0   0   0   9   0   5  26   0   5   3   0   0   0  1.27 0.45
   31 T    1  3  1  1 -4  1  2  0  1 -4 -4  2 -3 -4 -3  1 -1 -4 -2 -3   15  18   5   6   0   4  14   6   4   0   1  14   0   0   0   9   3   0   1   0  0.33 0.19
   32 F   -1  3  1  1 -2  1  0 -3 -2 -2  1  2 -1 -2 -3  0  0 -4 -2 -1    5  23   7   8   1   6   5   0   0   2  16  12   0   1   0   5   5   0   1   3  0.25 0.17
   33 Y    0 -6 -4 -7 -5 -5 -6 -6 -1 -5 -4 -6 -4  5 -7 -5 -5 -2  9 -5    9   0   1   0   0   0   0   0   1   0   0   0   0  23   0   0   0   0  65   0  2.26 0.68
   34 N   -1  1  5 -2 -2  1 -3  5  2 -6 -5 -3 -3 -6 -5 -2 -3 -6 -4 -5    5   7  28   1   1   8   0  42   5   0   1   0   1   0   0   1   0   0   0   0  0.98 0.39
   35 Y   -5 -6 -6 -7 -1 -6 -6 -7 -2 -1 -3 -6 -2  6 -7 -6 -5 -2  9 -3    0   0   0   0   1   0   0   0   0   4   1   0   1  26   0   0   0   0  65   2  2.28 0.67
   36 K   -1  3  0 -1 -5  3  1  0  1 -5 -3  3 -3 -4 -3  1 -2 -5 -3 -4    3  20   4   2   0  14  10   8   4   0   2  23   0   0   0   9   2   0   0   0  0.52 0.26
   37 E   -5 -4 -4 -2 -8 -1  8 -4 -4 -7 -7 -3 -6 -3 -3 -4 -5 -5 -2 -6    0   0   0   0   0   1  94   1   0   0   0   0   0   1   1   0   0   0   2   0  2.33 0.75
   38 I   -4 -6 -7 -7 -5 -6 -7 -7 -7  8 -1 -6  1 -3 -6 -6 -3 -6 -5  1    1   0   0   0   0   0   0   0   0  84   4   0   4   0   0   0   1   0   0   7  2.01 0.61
   39 R   -5  8 -4 -6 -6 -3 -3 -6  0 -4 -6 -1 -5 -7 -6 -4 -4 -7 -6 -6    0  93   0   0   0   0   1   0   2   1   0   1   0   0   0   1   0   0   0   0  2.53 0.75
   40 T   -3 -5 -4 -5 -5 -5 -5 -6 -6 -1 -2 -5 -4 -2 -2 -2  8 -6 -5 -1    0   0   0   0   0   0   0   0   0   3   4   0   0   2   2   0  85   0   0   4  1.89 0.67
   41 P   -5 -7 -6 -6 -7 -6 -6 -7 -7 -7 -7 -5 -7 -8  9 -5 -6 -8 -7 -7    0   0   0   0   0   0   0   0   0   0   0   0   0   0 100   0   0   0   0   0  3.44 0.90
   42 I   -3 -5 -5 -5 -4 -5 -5 -5 -4  6  1 -5  5 -3 -5 -3  0 -5 -3  3    1   0   0   0   0   0   0   0   0  51   7   0  15   0   0   1   6   0   1  16  1.15 0.42
   43 F   -6 -7 -7 -8 -6 -7 -7 -7 -5 -1 -1 -7  0  9 -7 -6 -6 -3 -1 -2    0   0   0   0   0   0   0   0   0   2   4   0   2  90   0   0   0   0   0   2  2.70 0.74
   44 E   -5 -4 -4 -2 -8 -2  8 -6 -4 -8 -7 -3 -6 -8 -5 -4 -5 -7 -6 -7    0   0   0   0   0   0 100   0   0   0   0   0   0   0   0   0   0   0   0   0  2.67 0.82
   45 S    0 -2  2  0 -5  2  0 -4  8 -5 -5  0 -2 -3 -3  1 -3 -5  1 -4    7   1   8   4   0  11   5   0  38   0   0   5   1   1   1  12   0   0   5   0  0.95 0.39
   46 T   -3 -4 -4 -5 -5 -4 -4 -5 -5 -4 -4 -4 -4  1 -5 -1  7 -5  3 -3    1   0   0   0   0   0   0   0   0   0   0   0   0   6   0   3  77   0  10   1  1.76 0.64
   47 D   -2 -3  0  3 -7 -1  7 -3 -2 -6 -6 -2 -5 -7 -4 -1 -4 -6 -5 -5    2   1   5  13   0   1  69   1   0   0   0   1   0   0   0   3   0   0   0   1  1.48 0.54
   48 L   -4 -6 -7 -7 -4 -5 -6 -7 -6  0  6 -6 -1 -3 -6 -6 -4 -5 -4  3    0   0   0   0   0   0   0   0   0   3  78   0   0   0   0   0   0   0   0  20  1.54 0.52
   49 F   -6 -7 -7 -8 -6 -7 -7 -7 -5  0 -3 -7 -4  9 -8 -6 -6 -3  0 -3    0   0   0   0   0   0   0   0   0   4   0   0   0  92   0   0   0   0   2   2  2.87 0.77
   50 A    2 -1 -1 -2  0  3  1 -3  1 -2  0  1 -2 -4 -3  2  0 -4 -3 -1   16   1   2   1   3  20  10   0   4   2   9   8   0   0   0  15   5   0   0   5  0.28 0.21
   51 R   -6  9 -5 -6 -8 -3 -4 -7 -4 -7 -6  0 -6 -7 -6 -5 -5 -7 -6 -7    0  97   0   0   0   0   0   0   0   0   0   3   0   0   0   0   0   0   0   0  2.80 0.80
   52 E   -5 -4 -4 -2 -8 -1  8 -6 -4 -7 -7 -3 -6 -7 -5 -4 -5 -7 -6 -7    0   0   0   0   0   1  99   0   0   0   0   0   0   0   0   0   0   0   0   0  2.61 0.80
   53 M   -5 -6 -7 -8 -6 -5 -7 -7 -6 -3 -2 -6 11 -5 -7 -5 -2 -6 -6 -4    0   0   0   0   0   0   0   0   0   0   0   0  96   0   0   0   3   0   0   0  3.53 0.97
   54 Y   -6 -6 -7 -8 -7 -6 -7 -8 -3 -6 -5 -6 -5  1 -8 -6 -6 -2 10 -6    0   0   0   0   0   0   0   0   0   0   0   0   0   3   0   0   0   0  97   0  3.43 0.91
   55 T   -3 -4 -1  4 -5 -4 -3 -5 -5 -3 -5 -4 -3 -6 -5  1  7 -6 -5 -4    1   0   2  20   0   0   1   0   0   1   0   0   1   0   0   8  67   0   0   0  1.52 0.57
   56 F   -6 -7 -7 -8 -7 -7 -7 -7 -5 -4 -3 -7 -4  9 -8 -7 -6 -2 -1 -2    0   0   0   0   0   0   0   0   0   0   1   0   0  96   0   0   0   0   0   3  3.03 0.80
   57 K   -2 -1  1  0 -3  1  3 -3  1 -2 -1  2 -1 -2 -2 -1  2 -4  1 -2    1   1   8   4   0   6  23   0   4   2   6  15   2   1   1   3  14   0   6   2  0.28 0.19
   58 D   -3 -5 -2  8 -7 -3 -1 -5 -4 -7 -7 -4 -7 -7 -4 -3 -3 -6 -7 -6    2   0   0  92   0   0   1   0   0   0   0   0   0   0   1   1   1   0   0   0  2.46 0.71
   59 K   -4  6 -2 -4 -7 -1 -3 -5 -2 -6 -6  6 -2 -6 -4 -4 -4 -6 -5 -6    0  39   2   0   0   1   0   0   1   0   0  55   1   0   0   0   0   0   0   0  1.71 0.58
   60 G   -2 -5 -2 -4 -6 -5 -5  7 -5 -7 -7  0 -6 -6 -5  0 -4 -6 -6 -6    3   0   1   0   0   0   0  82   0   0   0   6   0   0   0   7   0   0   0   0  1.87 0.56
   61 D   -3 -4  2  5 -6 -2  1  5 -2 -6 -6  0 -5 -6 -4 -2 -3 -6 -5 -6    0   0   8  33   0   1  10  39   1   0   0   5   0   0   0   1   1   0   0   0  1.07 0.40
   62 R   -5  8 -1 -2 -7 -1 -2 -6 -3 -7 -6 -1 -4 -7 -6 -3 -1 -7 -5 -6    0  86   2   2   0   1   2   0   0   0   0   0   0   0   0   2   3   0   0   0  2.19 0.68
   63 S   -2 -2 -1 -1 -5 -2 -1 -4  5 -6 -5 -2 -2 -5 -4  6 -2 -5 -3 -5    1   2   3   3   0   1   3   0  16   0   1   2   1   0   0  66   1   0   0   0  1.30 0.53
   64 I   -4 -5 -4 -6 -2 -5 -6 -6 -5  5  4 -5  3  0 -6 -5 -4 -5 -1  2    0   0   1   0   0   0   0   0   0  41  35   0   8   3   0   0   0   0   2   9  1.08 0.39
   65 T    2 -5 -4 -5 -3 -4 -5 -5 -5 -5 -5 -4 -4 -6 -5  0  7 -6 -5 -3   14   0   0   0   0   0   0   0   0   0   0   0   0   0   0   5  80   0   0   1  1.86 0.66
   66 L   -5 -6 -7 -7 -5 -6 -7 -7 -7 -2  7 -6  0 -3 -7 -6 -5 -5 -5 -3    0   0   0   0   0   0   0   0   0   0  98   0   2   0   0   0   0   0   0   0  2.06 0.64
   67 R   -5  8 -4 -5 -7 -3 -4 -6 -4 -7 -6  3 -5 -7 -6 -4 -5 -7 -6 -6    0  85   0   0   0   0   0   0   0   0   0  15   0   0   0   0   0   0   0   0  2.41 0.72
   68 P   -3 -7 -6 -6 -7 -6 -5 -7 -7 -7 -7 -5 -7 -8  9 -5 -5 -8 -7 -7    2   0   0   0   0   0   0   0   0   0   0   0   0   0  98   0   0   0   0   0  3.34 0.88
   69 E   -5 -4 -4 -2 -8 -2  8 -6 -4 -8 -7 -3 -6 -8 -5 -4 -5 -7 -6 -7    0   0   0   0   0   0 100   0   0   0   0   0   0   0   0   0   0   0   0   0  2.67 0.81
   70 G   -2 -6  1 -5 -5 -5 -5  7 -5 -5 -4 -5 -2 -4 -6 -3 -5 -6 -6 -6    2   0   6   0   0   0   0  86   0   1   2   0   1   1   0   0   0   0   0   0  1.98 0.60
   71 T   -4 -5 -4 -5 -5 -5 -5 -6 -6 -5 -5 -5 -5 -6 -5 -2  8 -7 -6 -4    0   0   0   0   0   0   0   0   0   0   0   0   0   0   0   0 100   0   0   0  2.63 0.83
   72 A    7 -5 -5 -6 -4 -5 -5 -4 -5 -5 -5 -5 -5 -6 -4 -1 -4 -6 -6 -4   96   0   0   0   0   0   0   0   0   0   0   0   0   0   0   4   0   0   0   0  2.08 0.69
   73 A    1 -5 -3 -4 -4 -4 -4  5 -5 -6 -6 -4 -5 -6  4  3 -3 -6 -6 -5    9   0   0   0   0   0   0  45   0   0   0   0   0   0  23  22   0   0   0   0  1.24 0.46
   74 V    2 -5 -5 -6 -1 -5 -5 -5 -6  2 -2 -5  1 -3 -5 -3  1 -6 -4  6   15   0   0   0   1   0   0   0   0   7   2   0   3   0   0   1   7   0   0  64  1.17 0.45
   75 V    1 -6 -6 -6  1 -5 -6 -5 -6  2 -2 -5  2 -4 -5 -4 -3 -6 -5  7   11   0   0   0   2   0   0   0   0   8   0   0   5   0   0   0   0   0   0  73  1.46 0.52
   76 R   -6  9 -5 -6 -8 -3 -4 -7 -4 -7 -6 -2 -6 -7 -6 -5 -5 -7 -6 -7    0 100   0   0   0   0   0   0   0   0   0   0   0   0   0   0   0   0   0   0  2.92 0.83
   77 S    6 -5 -4 -5  0 -4 -4 -3 -5 -5 -4 -4 -4 -6 -4  4 -3 -3 -5 -4   62   0   0   0   2   0   0   0   0   0   1   0   0   0   0  34   0   0   0   0  1.41 0.55
   78 Y   -5 -6 -6 -7 -3 -6 -6 -7 -3 -3 -2 -6  0  7 -7 -6 -5 -1  8 -2    1   0   0   0   1   0   0   0   0   1   2   0   2  39   0   0   0   0  53   2  2.17 0.64
   79 I   -3 -6 -5 -5 -3 -5 -6 -6 -6  5  2 -5 -1 -3 -6 -5 -3 -5 -4  5    1   0   0   1   0   0   0   0   0  32  20   0   0   0   0   0   0   0   0  45  1.22 0.43
   80 E   -5 -4 -3 -2 -8  3  7 -5 -4 -7 -7 -3 -6 -7 -5 -3 -4 -7 -6 -6    0   0   1   0   0  11  87   1   0   0   0   0   0   0   0   1   0   0   0   0  2.19 0.71
   81 H   -5 -3  8 -2 -7 -3 -4 -4  7 -7 -7 -2 -6 -6 -6 -2 -4 -7 -3 -7    0   1  64   1   0   1   0   1  29   0   0   1   0   0   0   2   0   0   1   0  2.16 0.67
   82 K   -2  0  1 -3 -6 -2 -2  2 -1 -6 -6  6 -5 -6 -4  0 -3 -6 -5 -6    1   3   6   0   0   1   1  17   1   0   0  62   0   0   0   8   0   0   0   0  1.22 0.48
   83 M   -4 -5 -6 -6 -4 -4 -6 -6 -5  1  5 -5  6 -2 -6 -5 -4 -3 -4 -1    0   0   0   0   0   0   0   0   0   5  67   0  22   1   0   0   0   0   0   2  1.46 0.50
   84 Q   -4 -4 -4 -3 -5  0 -3 -5  3 -2 -2 -4 -2  5 -5 -3 -3 -2  8 -4    1   1   1   2   0   4   1   1   8   2   4   1   1  22   0   2   1   0  50   1  1.44 0.47
   85 G    3 -3  1 -3 -3 -2 -3  5 -2 -3 -4 -3 -4 -4 -3  1 -1 -4 -4 -2   31   1   8   1   0   1   0  41   1   1   1   1   0   0   0   8   2   0   0   2  0.79 0.31
   86 N   -2  0  3  2 -4  2  1 -1 -2 -3 -1  0 -2 -3  3  0 -1  0 -2 -3    2   4  15  13   0  11   6   5   0   1   8   4   0   0  18   6   2   1   1   1  0.35 0.18
   87 P    1 -2 -2 -1 -4 -1  4  1 -2 -3 -3 -1 -2 -4  5 -1 -2 -5 -4 -2   12   1   1   1   0   2  27  11   1   1   2   2   1   0  29   2   1   0   0   4  0.68 0.29
   88 N    0 -2  2  2 -2  0  0  1  1 -1 -2 -1 -2 -2  1  1  0 -3 -1  0    8   1  12  14   0   4   4  12   5   3   2   1   1   2   6   9   6   0   2   9  0.14 0.09
   89 Q   -2 -1 -3 -3 -5  6 -2 -4 -3 -1  1  2  1 -3  0 -2 -2 -4 -3  1    2   1   0   1   0  45   0   0   0   2  13  13   3   1   5   2   1   0   0   9  0.77 0.37
   90 P   -3 -4 -4 -3 -4 -3 -3 -4 -4 -2 -1 -3 -3 -4  8 -3 -3 -4 -4 -1    2   1   1   1   0   1   1   1   0   2   6   1   0   1  73   1   1   0   1   5  1.91 0.49
   91 I   -1 -3 -2 -3 -3  3 -3 -4  0  1 -1 -2 -1  0 -4 -1  3 -3  2  3    4   0   1   0   0  15   0   0   2   5   5   1   1   4   0   4  22   0   9  26  0.41 0.26
   92 K   -5  3 -2 -5 -7 -2 -3 -5 -4 -7 -6  8 -5 -7 -5 -4 -4 -7 -6 -6    0  12   1   0   0   0   0   0   0   0   0  86   0   0   0   0   0   0   0   0  2.17 0.69
   93 L   -2 -5 -6 -6 -3 -4 -5 -6 -5  0  5 -5  3  1 -5 -4 -2  2  0  2    3   0   0   0   0   0   0   0   0   2  59   0   9   4   0   0   2   3   4  15  0.94 0.37
   94 Y   -6 -5 -6 -7 -3 -6 -6 -7 -3 -5 -4 -6 -4  6 -7 -3 -5  6  8 -5    0   0   0   0   1   0   0   0   0   0   0   0   0  30   0   2   0  11  56   0  2.33 0.67
   95 Y   -5 -6 -6 -7 -4 -6 -6 -5 -1 -6 -5 -6 -5 -1 -7 -4 -4 -2 10 -6    0   0   0   0   0   0   0   1   1   0   0   0   0   0   0   2   1   0  95   0  3.23 0.89
   96 N   -2 -4  0 -4 -2 -3 -4 -5 -3  5  1 -2  5  1 -5 -3  0 -4 -2  1    2   0   6   0   1   0   0   0   1  37   9   2  19   6   0   1   7   0   1   5  0.67 0.31
   97 G   -1 -5 -4 -3 -4 -4 -3  6 -5 -2 -4 -4 -3 -6 -5 -2  2 -6 -6 -4    4   0   0   1   0   0   2  72   0   3   2   0   1   0   0   2  12   0   0   1  1.46 0.49
   98 P   -2 -5 -2 -4 -6 -2 -4 -5 -6 -7 -7 -4 -6 -7  8  1 -2 -7 -7 -6    2   0   2   0   0   2   0   0   0   0   0   0   0   0  78  13   2   0   0   0  2.34 0.69
   99 M   -1 -6 -3 -7  5 -3 -6 -7 -6 -2 -2 -5 10 -3 -6 -5 -2 -6 -5 -1    5   0   2   0  10   1   0   0   0   1   0   0  75   0   0   0   2   0   0   4  2.46 0.76
  100 F   -5 -7 -7 -8 -4 -7 -7 -7 -4 -4 -3 -7 -4  9 -8 -6 -6 -3  2 -5    0   0   0   0   0   0   0   0   0   0   0   0   0  93   0   0   0   0   6   0  2.93 0.78
  101 R   -6  9 -5 -6 -8 -3 -4 -7 -4 -7 -6 -2 -6 -7 -6 -5 -5 -7 -6 -7    0 100   0   0   0   0   0   0   0   0   0   0   0   0   0   0   0   0   0   0  2.92 0.83
  102 Y   -6 -1 -5 -7 -7 -5 -6 -7  4 -6 -5 -6 -5 -1 -7 -6 -6 -2 10 -6    0   4   0   0   0   0   0   0   8   0   0   0   0   0   0   0   0   0  88   0  3.02 0.84
  103 Y   -4 -4 -4 -5 -5  4 -1 -6 -3 -3  3 -4  3  3 -5 -4 -4  0  6 -3    0   0   0   0   0  23   4   0   0   0  25   0   9   9   0   0   0   1  28   0  1.01 0.43
  104 R   -6  9 -5 -6 -8 -3 -4 -7 -4 -7 -6 -2 -6 -7 -6 -5 -5 -7 -6 -7    0 100   0   0   0   0   0   0   0   0   0   0   0   0   0   0   0   0   0   0  2.90 0.82
  105 Q   -4 -3 -4 -4 -7  8  4 -5 -3 -5 -6 -3 -5 -7 -3 -4 -5 -6 -6 -6    1   0   0   0   0  71  26   0   0   1   0   0   0   0   1   0   0   0   0   0  2.14 0.72
  106 F   -6 -6 -6 -7 -6 -7 -7 -7  4 -4 -2 -7 -4  9 -8 -6 -6 -3 -1 -5    0   0   0   0   0   0   0   0   9   0   3   0   0  87   0   0   0   0   0   0  2.72 0.75
  107 N   -5 -4  1 -5 -6 -3 -4 -6 10 -4 -6 -5 -2 -4 -6 -3  0  1  1  1    0   0   6   0   0   0   0   0  69   0   0   0   1   0   0   1   6   2   4  11  2.22 0.67
  108 Q   -5 -3 -4 -5 -8  9 -2 -6 -4 -7 -7 -3 -5 -8 -6 -5 -5 -7 -6 -7    0   0   0   0   0 100   0   0   0   0   0   0   0   0   0   0   0   0   0   0  3.10 0.93
  109 F   -4 -6 -6 -7 -3 -6 -6 -6 -5  4  1 -6 -1  7 -6 -5 -5 -2  2 -1    0   0   0   0   1   0   0   0   0  23  10   0   1  56   0   0   0   0   4   4  1.57 0.50
  110 G   -4 -6 -3 -1 -6 -6 -6  7 -6 -8 -8 -5 -7 -7 -6 -3 -5 -6 -7 -7    0   0   1   4   0   0   0  95   0   0   0   0   0   0   0   1   0   0   0   0  2.42 0.68
  111 V    1 -5 -6 -6  2 -5 -5 -5 -6  3 -1 -5 -1 -1 -5 -4 -2 -5 -3  6   13   0   0   0   4   0   0   0   0  15   4   0   0   2   0   0   1   0   1  60  1.13 0.43
  112 E   -5 -4 -4 -2 -8 -2  8 -6 -4 -8 -7 -3 -6 -8 -5 -4 -5 -7 -6 -7    0   0   0   0   0   0 100   0   0   0   0   0   0   0   0   0   0   0   0   0  2.67 0.81
  113 A    4 -4 -2 -5  2 -3 -3 -3 -5  1  0 -4  3 -1 -4 -1 -2 -5 -3  3   42   0   2   0   4   0   1   0   0   6   6   0   7   2   0   3   1   0   0  27  0.67 0.33
  114 I   -3 -5 -6 -6 -4 -5 -6 -6 -5  3  3 -6  0  6 -6 -5 -3 -3  0  0    1   0   0   0   0   0   0   0   0  20  31   0   1  40   0   0   1   0   2   3  1.18 0.41
  115 G   -3 -6 -2 -4 -6 -6 -5  7 -6 -8 -8 -5 -7 -7 -6 -4 -5 -6 -7 -7    0   0   2   0   0   0   0  97   0   0   0   0   0   0   0   0   0   0   0   0  2.49 0.70
  116 A    2 -4 -2 -3 -2 -3 -1 -3 -4 -3 -4 -3 -3 -5 -4  6  1 -6 -4  0   14   0   1   0   0   0   3   1   0   1   1   0   0   0   0  62   8   0   0   6  1.02 0.46
  117 E    2 -1  1  3 -4  1  2 -2  0 -4 -4  2 -3 -4  0  1 -1 -5 -2 -2   17   2   8  17   0   6  15   1   2   0   1  12   0   0   4   9   3   0   1   2  0.33 0.19
  118 N   -1 -3  3  5 -5 -2  1 -1  0 -5 -5 -2 -5 -6 -4  3 -2 -6 -4 -5    5   1  15  36   0   1   7   4   2   0   0   1   0   0   0  26   2   0   0   0  0.88 0.37
  119 P    1 -6 -6 -6 -5 -5 -5 -6 -6 -7 -7 -5 -2 -6  8 -4 -4 -7 -3 -5   11   0   0   0   0   0   0   0   0   0   0   0   1   0  85   1   0   0   1   0  2.68 0.76
  120 S    3  1 -2 -2 -3 -1  0 -2 -2 -1  0 -1  1 -2 -3  2 -1 -4  0 -1   36   8   0   1   0   3   5   2   0   4  11   3   4   1   0  14   3   0   4   2  0.29 0.21
  121 V    3 -4 -4 -5 -3 -1 -4 -4 -4  4  2 -3  1 -3 -4 -1  0 -5 -3  3   25   0   0   0   0   3   0   0   0  25  17   0   3   0   0   2   6   0   0  18  0.53 0.27
  122 D   -6 -6 -3  8 -8 -4 -2 -6 -5 -7 -8 -5 -7 -8 -6 -4 -5 -9 -7 -7    0   0   0  99   0   0   1   0   0   0   0   0   0   0   0   0   0   0   0   0  2.89 0.80
  123 A    6 -5 -5 -5 -4 -4 -5 -3 -5 -2 -3 -4 -3 -3 -5 -2 -3 -6 -4  4   66   0   0   0   0   0   0   0   0   1   1   0   0   1   0   1   1   0   0  29  1.34 0.52
  124 E   -5 -4 -4 -2 -8  0  8 -6 -4 -7 -7 -3 -5 -7 -5 -4 -4 -7 -6 -7    0   0   0   1   0   3  96   0   0   0   0   0   0   0   0   0   0   0   0   0  2.49 0.77
  125 V   -1 -5 -5 -6  0 -4 -5 -5 -6  3 -1 -5  0 -4 -5 -3  2 -6 -4  6    4   0   0   0   1   0   0   0   0  17   4   0   2   0   0   1  11   0   0  59  1.12 0.43
  126 L   -5 -6 -7 -7 -5 -6 -7 -7 -7  8  0 -6  4 -4 -6 -6 -4 -6 -5  0    0   0   0   0   0   0   0   0   0  81   7   0  10   0   0   0   0   0   0   2  2.02 0.62
  127 A    4 -3 -2 -1  0 -2 -2 -1 -3 -2 -1 -2  1 -3 -3  3  0 -5 -4 -1   44   0   1   4   2   1   2   2   0   1   6   1   4   0   0  23   5   0   0   3  0.57 0.31
  128 M   -4 -5 -6 -6 -4 -5 -4 -6 -5  1  5 -5  7  0 -6 -5 -3 -5 -2  0    1   0   0   0   0   0   1   0   0   8  55   0  27   3   0   0   1   0   1   4  1.29 0.46
  129 V    6 -4 -3 -5 -4 -4 -4  2 -3 -2 -1 -4 -2 -5 -2 -1 -2 -5 -5  1   63   0   1   0   0   0   0  12   0   2   7   0   1   0   2   3   1   0   0   9  0.95 0.42
  130 M   -2 -3 -2 -2 -1 -2 -4 -4  1  0  1 -1  6  0 -4 -1  0  3  4  2    2   1   2   2   2   1   0   0   3   5  11   4  26   2   0   4   5   4  14  13  0.49 0.27
  131 H   -1  1  2  4 -5  2  2 -3  3 -4 -4 -1 -3 -4 -4  1  2 -5 -3 -3    3   6   9  27   0  10  11   1   8   0   1   1   1   0   0  10  12   0   1   1  0.53 0.26
  132 I   -2 -5 -5 -6 -2 -4 -5 -6 -4  4  3 -5 -1  5 -5 -4 -2 -2  1  1    2   0   0   0   1   0   0   0   0  22  30   0   1  29   0   1   2   0   3   8  0.87 0.33
  133 Y   -4 -5 -6 -6  0 -5 -6 -6 -3  0  4 -5  0  5 -6 -5 -4 -1  6 -1    0   0   0   0   2   0   0   0   0   4  36   0   1  28   0   0   0   0  26   3  1.23 0.43
  134 Q   -1  3  1  1 -4  3  2 -2  1 -5 -4  4 -3 -4 -3  0 -1 -5 -3 -4    4  14   6   6   0  16  11   2   3   0   0  28   0   0   0   5   4   0   0   0  0.57 0.27
  135 S    1  3 -1  0 -4  1  3 -2 -1 -3 -3  2 -2 -4 -3  1  1 -5 -3 -3   10  19   2   3   0   5  24   2   1   1   1  11   1   1   0  12   8   0   0   1  0.42 0.23
  136 F   -2 -5 -6 -6 -2 -5 -6 -6 -6  1  6 -5  2  2 -6 -5 -4 -4 -3  1    3   0   0   0   1   0   0   0   0   6  71   0   3   8   0   0   0   0   0   7  1.21 0.43
  137 G   -3 -5 -2 -4 -6 -4 -3  7 -5 -8 -7 -2 -6 -7 -6 -4 -5 -6 -7 -7    0   0   2   0   0   0   1  93   0   0   0   3   0   0   0   0   0   0   0   0  2.29 0.66
  138 L   -3 -5 -6 -7 -4 -5 -6 -7 -6  4  5 -6  0 -2 -6 -5 -4 -5 -4  1    1   0   0   0   0   0   0   0   0  21  68   0   1   0   0   0   0   0   0   8  1.34 0.46
  139 K   -2  1  1  0 -5  2  1 -3 -1 -5 -5  5 -4 -5 -2  1  2 -5 -4 -3    2   4   6   5   0   8   6   1   2   0   0  44   0   0   1   9  11   0   0   1  0.70 0.33
  140 H   -3 -2  5  4 -5  0  0  2  1 -6 -6  0 -5 -6 -4  0 -3 -6 -4 -5    0   1  31  24   0   4   5  18   3   0   0   6   0   0   0   7   0   0   0   0  0.84 0.34
  141 L   -2 -5 -6 -6 -3 -5 -5 -6 -5  3  5 -5  0  0 -3 -5 -3 -2  1  3    2   0   0   0   0   0   0   0   0  13  55   0   1   4   1   0   1   0   5  18  0.92 0.35
  142 K   -2  2 -1 -1 -3  1  3 -3  0 -4 -4  4 -3 -5 -3  1  1 -5 -4 -1    2  11   2   2   0   4  19   0   2   0   0  33   0   0   0  10  10   0   0   4  0.58 0.29
  143 L   -3 -5 -6 -7 -3 -5 -6 -7 -6  1  5 -5 -1 -1 -6 -5 -3 -5 -4  4    1   0   0   0   0   0   0   0   0   4  65   0   0   1   0   0   0   0   0  27  1.29 0.46
  144 V   -1  0  2  0 -2  1  2 -4  5 -2 -2  0 -2 -3 -4 -1 -1 -4  0  2    5   6   9   3   1   5  15   0  18   1   2   6   1   1   0   2   2   0   3  20  0.36 0.23
  145 I   -4 -6 -7 -7 -4 -6 -6 -7 -6  7  3 -6 -1 -3 -6 -6 -4 -6 -4  1    0   0   0   0   0   0   0   0   0  64  28   0   1   0   0   0   0   0   0   7  1.59 0.51
  146 N   -6 -5  9 -3 -7 -4 -5 -5 -3 -8 -8 -4 -7 -7 -6 -4 -4 -8 -6 -7    0   0  99   0   0   0   0   0   0   0   0   0   0   0   0   0   0   0   0   0  3.03 0.86
  147 S   -3 -5  0 -4 -4 -4 -4 -4 -5 -6 -6 -4 -5 -6 -5  7  3 -7 -5 -5    0   0   3   0   0   0   0   0   0   0   0   0   0   0   0  81  16   0   0   0  1.81 0.66
  148 V   -4 -5 -6 -6 -4 -5 -6 -6 -6  4  4 -5 -1 -3 -6 -5 -3 -5 -4  4    0   0   0   0   0   0   0   0   0  23  47   0   0   0   0   0   0   0   0  30  1.19 0.42
  149 G   -3 -6 -4 -5 -7 -6 -6  8 -6 -8 -8 -6 -7 -7 -6 -4 -6 -7 -7 -7    0   0   0   0   0   0   0 100   0   0   0   0   0   0   0   0   0   0   0   0  2.66 0.73
  150 D   -4 -5  2  5  9 -4 -3 -4 -3 -5 -6 -4 -5 -6 -6 -1  0 -7 -5 -5    0   0   9  37  44   0   0   0   1   0   0   0   0   0   0   3   5   0   0   0  1.85 0.58
  151 M    0 -1 -1  0 -5  1 -1 -2 -2 -3 -3  2 -2 -4  6  0 -1 -5 -4 -3    7   2   3   5   0   6   3   2   1   1   3  14   1   0  42   5   4   0   0   1  0.83 0.32
  152 A    1 -1  0  1 -3  1  5 -3 -2 -3 -4  2 -3 -5 -3 -1  0 -5 -4  0   11   1   4   6   0   6  41   1   1   1   0  10   0   0   1   3   6   0   0   7  0.57 0.29
  153 S   -2 -5 -4  1  9 -5 -3 -5 -5 -3 -5 -5 -5 -6 -5  4  0 -6 -6 -1    1   0   0   8  47   0   1   0   0   1   0   0   0   0   0  33   6   0   0   4  1.73 0.57
  154 R   -6  8 -4 -6 -8 -2 -4 -6 -4 -7 -6 -1 -5 -7 -6 -4 -5 -7 -6 -7    0  97   0   0   0   1   0   0   0   0   0   2   0   0   0   1   0   0   0   0  2.75 0.79
  155 K    2 -1 -1  0 -4  2  1 -3 -2 -2 -2  2 -2 -5  4 -1 -1 -5 -4 -2   20   2   3   5   0   9   9   1   0   2   3  14   1   0  24   3   4   0   0   1  0.50 0.25
  156 E    3  1  2  0 -3  0  1 -1 -1 -2 -2  1 -2 -4 -3  0 -1 -5 -3  0   30   7  13   6   0   3   9   2   1   1   2  11   1   0   0   3   3   0   0   8  0.29 0.20
  157 Y   -6 -6 -6 -7 -7 -5 -6 -7  6 -5 -3 -6 -5  2 -7 -6 -6 -2  9 -5    0   0   0   0   0   0   0   0  17   0   2   0   0   6   0   0   0   0  75   0  2.66 0.76
  158 N   -5  7  3 -3 -6  0 -3 -5  4 -5 -4  2 -5 -5 -5 -3 -4 -6 -2 -4    0  61  13   1   0   3   0   0   9   0   1   9   0   0   0   0   0   0   1   1  1.46 0.51
  159 E   -1 -1  0  2 -6  4  5 -4 -2 -5 -5  2 -4 -6 -4 -2 -1 -5 -5 -4    6   2   4   9   0  23  38   1   0   0   0  13   0   0   0   2   3   0   0   0  0.87 0.38
  160 A    6  0 -3 -4 -4 -1 -2 -3 -2 -3 -3  2 -3 -5 -4 -2 -2 -6 -5 -1   69   4   1   0   0   2   2   0   1   1   1  12   0   0   0   1   1   0   0   5  1.07 0.46
  161 L   -5 -6 -7 -7 -5 -6 -7 -7 -7 -1  7 -6  0 -3 -7 -6 -5 -5 -5 -3    0   0   0   0   0   0   0   0   0   1  97   0   1   0   0   0   0   0   0   0  2.01 0.63
  162 V   -3  1 -4 -4 -4  2 -3 -5 -3  4  0  3  0 -3 -4 -3 -2 -5 -3  3    0   8   0   0   0   8   0   0   0  27   9  24   1   0   0   0   1   0   0  20  0.60 0.30
  163 K    1 -2  2  4 -5  0  4 -2 -3 -5 -5  0 -4 -5 -3  0 -2 -6 -5 -4   15   2  11  28   0   3  26   2   0   0   0   6   0   0   0   4   2   0   0   0  0.72 0.32
  164 H   -5 -4 -5 -6 -6 -5 -5 -7  6 -5 -4 -5 -4  5 -7 -5 -5 -2  8 -4    1   1   0   0   0   0   0   0  19   0   0   0   0  23   0   0   0   0  55   1  2.20 0.65
  165 F   -5 -6 -6 -7 -5 -6 -6 -6 -5 -1  5 -6 -1  6 -6 -6 -5 -3  1 -2    0   0   0   0   0   0   0   0   0   2  52   0   1  39   0   0   0   0   5   1  1.50 0.50
  166 E    0  2 -1 -1 -3  1  3 -2 -2 -3 -2  3 -1 -4 -3  1  2 -5 -3 -3    7  12   2   1   0   6  19   3   0   1   3  21   1   0   0   8  17   0   0   0  0.41 0.24
  167 P   -1 -3 -2  1 -6 -1  0 -1 -4 -5 -6 -1 -5 -7  7  0 -3 -7 -6 -5    5   1   2   7   0   2   6   5   0   0   0   4   0   0  62   5   1   0   0   0  1.54 0.50
  168 V   -3  3  1 -2 -3 -2 -3 -4  6 -2 -2  1  1  1 -5 -2 -3 -3  4  0    0  16   7   2   0   1   0   0  25   1   4  10   4   7   0   3   0   0  14   7  0.64 0.30
  169 I   -1  1 -3 -3 -3 -1  0 -4 -2  2  1  3 -1  1 -4 -2 -2 -3  2 -1    5   8   0   0   0   2   5   0   0  17  18  24   1   6   0   2   2   0   9   3  0.31 0.21
  170 H    0 -4  1  6 -5 -1  3  1  1 -6 -6 -1 -5 -5 -2  0 -2 -6 -5 -5    7   0   4  45   0   1  19   9   3   0   0   2   0   0   1   6   1   0   0   0  0.93 0.37
  171 E   -2 -1  0  2 -5  3  5 -2  1 -5 -4  1 -4 -5 -4  0 -1 -5 -3 -4    3   3   5   8   0  11  44   2   3   0   1   8   0   0   0   6   4   0   0   1  0.72 0.33
  172 F   -5 -6 -7 -7 -5 -6 -6 -7 -6 -1  6 -6  2  3 -6 -6 -5 -4 -2 -2    0   0   0   0   0   0   0   0   0   1  83   0   4  11   0   0   0   0   1   0  1.66 0.55
  173 C   -4 -7 -5  1 11 -6 -6 -5 -6 -6 -6 -6 -6 -7 -5  3 -4 -7 -6 -5    0   0   0   7  71   0   0   0   0   0   0   0   0   0   0  21   0   0   0   0  2.77 0.76
  174 S    1 -1 -1  3 -4  0  3 -1 -1 -4 -4  2 -4 -4  2  1 -1 -5 -3 -4   10   1   2  18   0   3  23   4   2   0   0  11   0   0  10  12   2   0   0   0  0.46 0.24
  175 D   -5 -5 -1  7 -6 -3 -1 -5 -4 -4 -4 -4 -5 -7 -5 -3  3 -7 -5 -5    0   0   2  73   0   0   2   0   0   1   1   0   0   0   0   1  18   0   0   0  1.83 0.60
  176 C   -3 -7 -5 -5 11 -6 -6 -6 -4 -6 -6 -6 -6 -7 -6  4 -4 -7 -6 -5    1   0   0   1  71   0   0   0   0   0   0   0   0   0   0  28   0   0   0   0  2.90 0.79
  177 Q   -4  2  0 -4 -5  7 -2 -5 -2 -5 -3  5 -4 -6 -5 -3 -4 -6 -4 -4    0  11   4   0   0  49   0   0   1   0   3  30   0   0   0   0   0   0   0   1  1.41 0.54
  178 S   -1  3  2  2 -4  0  2 -1 -2 -2 -3  0 -2 -4 -3  2  1 -5 -3 -1    4  18  10  10   0   3  15   3   0   1   0   4   1   0   0  16   9   0   0   5  0.32 0.20
  179 R   -6  9 -5 -6 -8 -3 -4 -7 -4 -7 -6 -2 -6 -7 -6 -4 -5 -7 -6 -7    0 100   0   0   0   0   0   0   0   0   0   0   0   0   0   0   0   0   0   0  2.90 0.82
  180 L   -4 -4 -6 -6 -5 -5 -6 -6 -3  0  5 -4  2  4 -6 -5 -4 -3  4 -2    0   1   0   0   0   0   0   0   0   4  56   0   5  16   0   0   0   0  17   0  1.16 0.42
  181 H   -2 -2  0  3 -6  0  5 -3  4 -4 -4 -1 -3 -5 -4 -1  0 -5  1 -3    2   1   3  14   0   3  49   1   9   1   1   2   1   0   0   3   5   0   4   1  0.89 0.38
  182 T   -3  5 -3 -3 -6  1  0 -5 -2 -5 -4  5 -3 -6 -4 -2  1 -6 -3 -4    0  28   0   0   0   6   5   0   0   0   1  44   0   0   0   1  11   0   1   1  1.05 0.42
  183 D   -6 -4  9 -3 -7 -4 -4 -5 -4 -8 -8 -4 -6 -7 -6 -3 -4 -8 -6 -7    0   0  98   0   0   0   0   0   0   0   0   0   0   0   0   1   0   0   0   0  2.96 0.84
  184 P   -5 -7 -6 -6 -7 -6 -5 -7 -7 -3 -7 -5 -7 -8  9 -5 -5 -8 -7 -4    0   0   0   0   0   0   0   0   0   2   0   0   0   0  97   0   0   0   0   1  3.23 0.86
  185 M   -5 -5 -7 -7 -5 -5 -6 -7 -6 -2  6 -5  6 -3 -6 -6 -5 -5 -5 -3    0   0   0   0   0   0   0   0   0   0  77   0  22   0   0   0   0   0   0   0  1.81 0.59
  186 R   -6  9 -5 -6 -8 -3 -4 -7 -4 -7 -6 -2 -6 -7 -6 -5 -5 -7 -6 -7    0 100   0   0   0   0   0   0   0   0   0   0   0   0   0   0   0   0   0   0  2.92 0.83
  187 I   -3 -6 -6 -6 -4 -6 -6 -7 -6  7  1 -6  0 -3 -6 -5 -3 -6 -4  4    1   0   0   0   0   0   0   0   0  58   9   0   1   0   0   0   0   0   0  30  1.50 0.49
  188 L   -5 -6 -7 -7 -5 -6 -6 -7 -6  1  6 -6 -1  0 -6 -6 -5 -5 -4 -2    0   0   0   0   0   0   0   0   0   5  92   0   0   3   0   0   0   0   0   0  1.84 0.59
  189 T   -6 -6 -3  9 -8 -4 -2 -6 -5 -7 -8 -5 -7 -8 -6 -4 -5 -9 -7 -7    0   0   0 100   0   0   0   0   0   0   0   0   0   0   0   0   0   0   0   0  2.94 0.81
  190 A    7 -5 -5 -6  4 -5 -5 -4 -6 -5 -5 -5 -5 -6 -5 -2 -4 -6 -6 -4   92   0   0   0   8   0   0   0   0   0   0   0   0   0   0   0   0   0   0   0  2.04 0.68
  191 P   -5 -7 -6 -6 -7 -6 -6 -7 -7 -7 -7 -4 -7 -8  9 -5 -5 -8 -7 -7    0   0   0   0   0   0   0   0   0   0   0   0   0   0 100   0   0   0   0   0  3.41 0.90
  192 R    0  1 -1 -2 -3 -1 -1 -3 -2 -1 -1  2 -2 -3 -2  4  1 -5 -2  0    5   7   2   2   0   2   2   1   1   3   6  15   1   1   1  38   7   0   1   8  0.36 0.25
  193 I   -4 -5 -5 -6 -4 -4 -6 -6 -6  7  1 -5  4 -3 -2 -3  1 -5 -4  1    0   0   0   0   0   1   0   0   0  63   8   0  10   0   3   1   8   0   0   5  1.27 0.46
  194 T   -2 -3 -4 -4 -3 -3 -3 -5 -1  2  4 -3  0 -1 -4 -2  1 -3 -1  0    2   1   0   0   0   1   2   0   2  14  53   1   1   1   1   2  11   0   2   5  0.65 0.30
  195 D   -5 -5 -1  8 -7 -2  2 -4 -4 -7 -7 -4 -5 -7 -4 -3 -4 -8 -7 -6    0   0   2  82   0   1  11   1   0   0   0   0   0   0   1   1   0   0   0   0  2.14 0.65
  196 F   -4 -5 -2 -5  2 -5 -4 -6  4 -4 -4 -4 -4  3 -6  0 -3 -2  8 -4    1   0   2   0   5   0   1   0   9   0   0   0   0  11   0   8   2   0  61   1  1.81 0.59
  197 L   -5 -6 -7 -7 -5 -5 -6 -7 -6  1  6 -6 -1 -3 -6 -6 -4 -2 -4 -2    0   0   0   0   0   0   0   0   0   5  92   0   1   0   0   0   0   1   0   1  1.83 0.58
  198 N   -3 -5  4  2  9 -4 -4 -1 -5 -5 -5 -5 -5 -4 -5  1  1 -6 -5 -5    0   0  19  14  43   0   0   5   0   0   0   0   0   1   0  11   8   0   0   0  1.51 0.51
  199 E   -1 -3 -1  5 -6 -1  5 -2 -2 -6 -5 -1 -5 -6  1 -1 -3 -6 -5 -5    4   0   2  33   0   2  41   2   1   0   0   2   0   0   8   3   1   0   0   1  1.08 0.42
  200 E    0 -3 -1  4 -6 -1  6 -2 -3 -6 -6 -2 -5 -5 -2 -1 -1 -5  0 -5    7   1   1  22   0   1  52   2   0   0   0   1   0   0   2   3   3   0   4   0  1.05 0.43
  201 S    1 -6 -4 -5  9 -5 -4 -5 -6 -5 -5 -5 -5 -6 -5  5 -3 -6 -6 -4    9   0   0   0  49   0   1   0   0   0   0   0   0   0   0  40   0   0   0   0  2.07 0.65
  202 K    0  4 -1 -1 -5  3  0 -3 -1 -4 -4  4 -3 -5 -4  0  0 -5 -4 -4    9  23   1   3   0  13   3   1   1   0   1  30   0   0   0   8   4   0   0   0  0.64 0.30
  203 A    2  0  1  2 -3  1  3 -2 -1 -3 -3  1 -3 -4 -2  0  1 -5 -3 -2   21   3   6  10   0   6  19   2   1   1   1  10   0   0   1   5  11   0   0   2  0.33 0.20
  204 Y   -5 -1 -1 -3 -7 -3 -4 -6 10 -7 -6 -4 -5 -2 -6 -4 -6 -5  5 -7    1   4   2   1   0   1   0   0  71   0   0   1   0   1   0   0   0   0  19   0  2.65 0.74
  205 Y   -6 -7 -7 -7 -7 -7 -7 -7 -4 -4 -3 -7 -3  9 -8 -6 -6  1  2 -5    0   0   0   0   0   0   0   0   0   0   1   0   0  92   0   0   0   1   5   0  2.89 0.77
  206 E    1 -2  0  4 -5  1  5 -3 -2 -5 -5 -1 -4 -6 -4 -1 -1 -6 -5 -4   10   1   4  21   0   5  45   1   1   0   0   3   0   0   0   4   4   0   0   0  0.91 0.38
  207 Q    1  1 -1  0 -4  3  2  0 -2 -4 -4  3 -2 -4 -3  0  0 -5 -3 -3   13   7   2   4   0  16  13   5   0   0   1  23   1   0   0   6   7   0   0   1  0.42 0.24
  208 V   -4 -6 -6 -7 -4 -6 -6 -7 -6  0  3 -6 -2 -3 -6 -5 -2 -6 -4  7    0   0   0   0   0   0   0   0   0   2  23   0   0   0   0   0   2   0   0  72  1.54 0.53
  209 K   -4  1 -3 -4  2  5 -2 -5 -3 -3 -1  6 -3 -6 -4 -3 -1 -6 -5 -4    0   7   0   0   4  30   0   0   0   1   8  45   0   0   0   0   3   0   0   1  1.12 0.47
  210 A    1  1  0  0 -3  3  2 -1  1 -3 -3  2 -2 -4 -3  1  0 -3 -3 -3   13   6   4   4   0  12  17   4   3   1   1  13   1   0   0  13   5   0   0   0  0.31 0.19
  211 Y   -2 -3 -1 -4 -1 -2 -3 -2  3 -1  2 -3  3  0 -5 -2 -2 -2  7 -3    3   1   3   0   1   2   1   4   7   2  21   1   8   2   0   2   2   0  39   0  0.80 0.36
  212 L   -5 -6 -7 -7 -5 -6 -7 -7 -7 -2  7 -6  0 -3 -7 -6 -5 -5 -5 -3    0   0   0   0   0   0   0   0   0   0  99   0   1   0   0   0   0   0   0   0  2.08 0.65
  213 D   -2 -2  1  5 -4  0  2 -2 -2 -5 -5  0 -4 -6 -4  0  3 -6 -5 -4    2   2   5  41   0   4  11   2   1   0   0   6   0   0   0   5  21   0   0   0  0.83 0.35
  214 D    3 -1  0  2 -3  0  1 -2 -2 -1 -1  0 -1 -3 -3  0 -1 -4 -2  0   36   3   4  13   0   5   9   2   0   3   6   4   1   0   0   5   3   0   1   5  0.29 0.20
  215 L    0 -4 -3 -6 -3 -3 -5 -6 -5  0  5 -5  6  0 -5 -4 -3 -4 -3 -1    8   0   1   0   0   1   0   0   0   4  58   0  20   3   0   1   1   0   0   2  1.06 0.41
  216 G   -2 -3  3  2 -5 -1  2  5  0 -6 -6 -1 -4 -6 -5 -2 -4 -5 -5 -6    1   1  14  10   0   3  13  51   2   0   0   3   0   0   0   1   0   0   0   0  1.02 0.38
  217 I   -3 -5 -6 -6 -4 -5 -5 -7 -6  7 -1 -6 -2 -3 -6 -5 -2 -6 -4  3    1   0   0   0   0   0   0   0   0  73   2   0   0   0   0   0   2   0   0  20  1.70 0.54
  218 P    0 -1  0  3 -3 -1  2 -4 -2 -4 -5  1 -4 -5  5  0 -2 -6 -4 -3    7   2   5  16   1   1  14   0   1   0   0   9   0   0  32   8   1   0   0   2  0.76 0.31
  219 Y   -6 -6 -6 -7 -4 -6 -6 -7 -2 -5 -4 -6 -5  5 -7 -6 -5 -2  9 -4    0   0   0   0   0   0   0   0   0   0   0   0   0  24   0   0   0   0  74   1  2.71 0.76
  220 T   -2  0 -1 -1 -4  1  4 -4 -1  0 -2  0 -3 -3 -4 -1  2 -4 -3  3    2   4   2   1   0   6  30   0   1   5   1   6   0   1   0   4  14   0   0  25  0.45 0.27
  221 E   -4 -4 -6 -5 -4 -5 -1 -6 -3  5  1 -4 -1 -3 -5 -5 -3 -5 -3  5    0   0   0   0   0   0   5   0   1  35  13   1   0   0   0   0   0   0   0  43  1.09 0.41
  222 D   -5 -5  6  7 -7 -3 -1 -5 -4 -7 -7 -4 -6 -7 -5 -3 -4 -8 -6 -6    0   0  33  64   0   0   2   0   0   0   0   0   0   0   0   0   0   0   0   0  2.03 0.63
  223 P   -1 -3 -1  0 -5 -2 -2 -3  2 -5 -5  0 -5 -6  7  1  1 -6 -3 -4    5   1   3   5   0   1   1   1   5   0   0   7   0   0  53   9   8   0   1   0  1.26 0.44
  224 N   -3  4  4 -1  0  0 -2 -1  1 -4 -3  2 -2 -2 -4 -1  2 -5 -1 -4    1  29  20   3   3   2   1   5   3   0   3  10   1   1   0   3  13   0   2   0  0.53 0.27
  225 L   -4 -5 -6 -7 -4 -5 -6 -7 -6  4  5 -5  6 -3 -6 -5 -3 -5 -4 -1    0   0   0   0   0   0   0   0   0  23  56   0  19   0   0   0   1   0   0   1  1.38 0.48
  226 V   -4 -7 -7 -7 -5 -6 -6 -7 -7 -1 -3 -6 -3 -5 -6 -6 -4 -7 -5  8    0   0   0   0   0   0   0   0   0   0   0   0   0   0   0   0   0   0   0  99  2.40 0.73
  227 R   -6  9 -5 -6 -8 -3 -4 -7 -4 -7 -6 -2 -6 -7 -6 -5 -5 -7 -6 -7    0 100   0   0   0   0   0   0   0   0   0   0   0   0   0   0   0   0   0   0  2.92 0.83
  228 G   -4 -6 -4 -5 -7 -6 -6  8 -6 -8 -8 -6 -7 -7 -6 -4 -6 -7 -7 -7    0   0   0   0   0   0   0 100   0   0   0   0   0   0   0   0   0   0   0   0  2.67 0.73
  229 L   -5 -6 -7 -7 -5 -6 -7 -7 -7 -2  7 -6 -1 -2 -7 -6 -5 -5 -5 -3    0   0   0   0   0   0   0   0   0   0  98   0   0   1   0   0   0   0   0   0  2.06 0.64
  230 D   -6 -6 -3  9 -8 -4 -2 -6 -5 -7 -8 -5 -7 -8 -6 -4 -5 -9 -7 -7    0   0   0 100   0   0   0   0   0   0   0   0   0   0   0   0   0   0   0   0  2.95 0.82
  231 Y   -6 -6 -7 -8 -7 -6 -7 -8 -3 -6 -6 -6 -6 -1 -8 -6 -6 -2 10 -6    0   0   0   0   0   0   0   0   0   0   0   0   0   0   0   0   0   0 100   0  3.57 0.95
  232 Y   -6 -6 -7 -8 -7 -6 -7 -8 -3 -6 -6 -6 -6 -1 -8 -6 -6 -2 10 -6    0   0   0   0   0   0   0   0   0   0   0   0   0   0   0   0   0   0 100   0  3.57 0.95
  233 T   -4 -3  5 -4 -3 -2 -4 -5 -2 -5 -5 -3 -4 -6 -5  0  7 -6 -4 -3    0   1  25   0   0   2   0   0   1   0   0   1   0   0   0   6  64   0   0   1  1.55 0.58
  234 H   -4  3  0 -1 -6 -1 -2 -2  8 -6 -5  4 -4 -5 -5 -3 -4 -6 -2 -6    0  16   4   3   0   2   0   3  43   0   1  26   0   0   0   1   0   0   1   0  1.45 0.50
  235 T   -4 -5 -4 -5 -5 -5 -5 -6 -6 -3 -5 -5 -5 -6 -5 -2  8 -7 -6 -3    0   0   0   0   0   0   0   0   0   1   0   0   0   0   0   0  97   0   0   1  2.51 0.80
  236 A    4 -5 -5 -5 -3 -4 -4 -4 -5  3 -3 -4 -3 -4 -4 -3  1 -6 -4  4   44   0   0   0   0   0   0   0   0  19   0   0   0   0   0   0   7   0   0  30  0.98 0.42
  237 F   -6 -7 -7 -8 -7 -7 -7 -7 -5 -4 -4 -7 -4  9 -8 -7 -6  1  1 -4    0   0   0   0   0   0   0   0   0   0   0   0   0  96   0   0   0   1   2   0  3.10 0.81
  238 E   -5 -4 -4 -2 -8 -2  8 -6 -4 -8 -7 -3 -6 -8 -5 -4 -5 -7 -6 -7    0   0   0   0   0   0 100   0   0   0   0   0   0   0   0   0   0   0   0   0  2.67 0.81
  239 L   -4 -6 -6 -6 -4 -6 -6 -6 -5  6  0 -6  0  4 -6 -5 -4 -3  0  3    0   0   0   0   0   0   0   0   0  51   6   0   1  19   0   0   0   0   3  19  1.25 0.43
  240 M   -3 -2 -4 -5 -4  1 -2 -5 -1  3  0  1  7 -3 -4 -3 -1 -5 -3  3    1   1   0   0   0   7   3   0   1  16   6   9  32   0   0   1   3   0   0  20  0.77 0.35
  241 M    1 -3  0 -2 -3 -2 -2 -2  0 -2 -3 -2  0 -3 -3  4  2 -4  1  0   12   0   3   2   0   0   1   1   2   2   1   1   2   0   0  43  14   0   5   9  0.55 0.31
  242 D    0 -1  3  3 -3  1  2 -1 -1 -3 -3  0 -2 -4  0  0  1 -4 -3 -2    8   3  13  21   0   4  17   3   1   1   1   6   1   0   5   4  12   0   0   2  0.38 0.19
  243 N    1 -1  2  3 -3 -1  1  2 -1 -2 -3 -1 -3 -4  0  1 -1 -4 -3 -2   13   2  10  23   0   1   8  14   1   3   1   3   0   0   4  12   1   0   0   3  0.33 0.17
  244 P   -2 -2 -2  0 -3 -1  2 -3 -3  3  3  1 -1 -1  2 -2 -2 -3 -2 -1    2   1   1   4   0   1  13   1   0  19  29  10   0   3  10   2   1   0   0   1  0.29 0.19
  245 N    1 -1  0  0 -1  0  0  3 -1 -1 -1  0 -1 -1  0  0  0 -1 -1 -1   11   3   5   6   1   3   6  25   1   3   5   5   1   2   4   6   4   1   2   6  0.13 0.04
  246 Y   -1 -1 -1 -1 -1 -1 -1 -1 -1  0  1 -1  1  4 -1 -1  0 -1  1  0    5   3   3   3   1   3   5   5   1   4  15   4   4  24   3   5   4   1   3   5  0.12 0.05
  247 D    0  0  0  0 -1  0  0  1 -1  0  0  0  0 -1  0  0  0  1 -1  0    6   4   4   6   1   4   6  14   2   5  12   5   2   3   4   6   4   3   2   5  0.03 0.00
  248 G   -2 -3 -2 -3 -4 -2 -2  7 -1 -5 -5 -3 -4 -5 -4 -2 -4 -4 -5 -5    2   1   2   1   0   1   2  81   2   1   1   1   0   0   1   2   1   0   0   1  1.69 0.48
  249 A    5 -3 -2 -3 -3 -2 -3  1 -3 -4 -3 -1 -3 -4 -3  2 -1 -4 -4 -3   62   1   1   1   0   1   1   8   0   0   1   3   0   0   1  15   3   0   0   1  0.94 0.37
  250 I   -2 -2 -1 -2 -4  7  0 -3 -3  3 -2 -1 -2 -3 -3 -2 -3  1  1 -2    3   1   2   2   0  53   4   2   0  17   2   2   1   1   1   1   1   2   5   2  1.00 0.41
  251 T    0 -3  3  1 -3 -2 -2  1 -3 -3 -2 -2 -1 -4 -3  3  3 -4 -3 -2    8   0  13   8   0   0   1  12   0   1   5   1   1   0   0  23  23   0   0   2  0.42 0.23
  252 T    3 -5 -4 -5 -4 -3 -4 -3 -5 -4 -5 -4 -4 -5 -4  0  7 -6 -5 -1   20   0   0   0   0   1   0   1   0   0   0   0   0   0   0   5  70   0   0   3  1.52 0.57
  253 L   -3 -5 -6 -6 -4 -5 -6 -3 -6  5  3 -5 -1 -3 -5 -5 -3 -5 -4  5    0   0   0   0   0   0   0   2   0  28  24   0   0   0   0   0   0   0   0  45  1.15 0.41
  254 C    1 -6 -5 -6 10 -6 -6  2 -6 -3 -1 -6 -3 -1 -6 -2 -4 -3 -5 -3   12   0   0   0  57   0   0  16   0   1   7   0   0   3   0   2   1   0   0   1  1.87 0.56
  255 G    3 -5 -4 -5 -5 -5 -5  7 -5 -6 -6 -5 -6 -6 -5 -3 -5 -6 -6 -6   20   0   0   0   0   0   0  79   0   0   0   0   0   0   0   0   0   0   0   0  1.94 0.58
  256 G   -4 -6 -4 -5 -6 -5 -6  8 -6 -7 -7 -5 -6 -7 -6 -4 -5 -6 -7 -7    0   0   0   0   0   0   0  99   0   0   0   0   0   0   0   0   0   0   0   0  2.58 0.71
  257 G   -3 -6 -4 -5 -6 -5 -6  8 -6 -7 -7 -5 -6 -7 -6 -4 -5 -6 -6 -7    0   0   0   0   0   0   0  98   0   0   0   0   0   0   0   0   0   0   0   0  2.52 0.69
  258 R   -6  9 -4 -6 -8 -3 -4 -7 -4 -7 -6 -2 -6 -7 -6 -5 -5 -7 -6 -7    0 100   0   0   0   0   0   0   0   0   0   0   0   0   0   0   0   0   0   0  2.89 0.82
  259 Y   -6 -6 -7 -8 -7 -6 -7 -8 -3 -6 -6 -6 -6 -1 -8 -6 -6 -2 10 -6    0   0   0   0   0   0   0   0   0   0   0   0   0   0   0   0   0   0 100   0  3.55 0.94
  260 N   -5 -5  6  7 -7 -3 -2 -4 -2 -7 -7 -4 -6 -7 -5 -2 -4 -8 -6 -7    0   0  37  58   0   0   0   0   1   0   0   0   0   0   0   3   0   0   0   0  1.95 0.62
  261 G   -3 -2  2 -2 -4 -3 -4  6  2 -6 -4 -1 -5 -6 -5 -1 -3 -6 -1 -6    0   2  10   2   0   1   0  69   4   0   1   4   0   0   0   3   1   0   2   0  1.38 0.47
  262 L   -5 -6 -7 -7 -5 -6 -7 -7 -7 -2  7 -6  0 -2 -7 -6 -5 -5 -5 -3    0   0   0   0   0   0   0   0   0   0  98   0   1   1   0   0   0   0   0   0  2.07 0.64
  263 L   -1 -6 -6 -6 -2 -5 -6 -6 -6  4 -1 -5 -1 -3 -6 -3 -3 -6 -4  6    4   0   0   0   0   0   0   0   0  22   4   0   0   1   0   2   1   0   0  66  1.40 0.49
  264 E    0 -1 -2 -1 -6  2  6 -2 -1 -6 -5  2 -5 -6 -3  1 -3 -6 -4 -5    7   2   1   1   0   7  58   2   1   0   0  10   0   0   0   9   0   0   0   0  1.07 0.44
  265 L   -1 -3 -2  0 -6  4  6 -3 -3 -4 -2 -2 -2 -5 -4 -2 -1 -5  1 -4    4   0   1   5   0  17  55   1   0   1   3   0   1   0   0   2   3   0   6   0  1.06 0.45
  266 L   -4 -5 -6 -6  3 -5 -6 -6 -5  4  4 -5  1  3 -6 -5 -4 -4 -2  1    0   0   0   0   6   0   0   0   0  22  50   0   3  12   0   0   0   0   1   7  1.01 0.37
  267 D   -3 -5 -3  1 -6 -5 -4  7 -6 -7 -7 -5 -6 -7 -6 -3 -5 -6 -7 -7    0   0   1   9   0   0   1  88   0   0   0   0   0   0   0   1   0   0   0   0  2.15 0.63
  268 G   -4 -5 -3 -3 -6 -6 -5  8 -6 -8 -8 -5 -7 -7 -6 -4 -5 -6 -7 -7    0   0   1   1   0   0   1  97   0   0   0   0   0   0   0   0   0   0   0   0  2.51 0.70
  269 P   -2 -3 -1 -3 -6  0 -3 -4 -4 -5 -6  1 -6 -7  8 -2 -3 -7 -6 -4    2   1   2   1   0   4   1   1   0   1   0  10   0   0  72   2   1   0   0   1  2.00 0.61
  270 S    0 -3 -1  4 -5  0  4 -4  2 -5 -5  0 -4 -4  3  1 -2 -5 -4 -4    8   0   1  23   0   4  26   0   5   0   0   5   0   1  15  11   1   0   0   1  0.68 0.31
  271 E   -2 -4 -3 -3 -1  0 -1 -4 -4  1 -1 -3  3 -4 -4 -2  6 -5 -4  2    3   0   0   1   1   5   3   0   0   7   6   1   9   0   0   1  51   0   0  12  0.83 0.39
  272 T   -2 -6 -5 -5 -4 -4 -5 -3 -5 -7 -7 -4 -6 -7  8  0 -2 -7 -7 -6    3   0   0   0   0   0   0   2   0   0   0   1   0   0  84   6   3   0   0   0  2.54 0.72
  273 G    4 -5 -4 -5 -1 -4 -5  6 -5 -6 -6 -4 -5 -6 -5 -1 -4 -6 -6 -5   31   0   0   0   1   0   0  63   0   0   0   0   0   0   0   4   0   0   0   0  1.54 0.51
  274 I   -3 -6 -6 -6 -3 -5 -6 -6 -6  6  0 -5  0  2 -5 -5 -3 -5 -3  5    1   0   0   0   0   0   0   0   0  43   7   0   1   8   0   0   0   0   0  38  1.24 0.43
  275 G   -4 -6 -4 -5 -6 -6 -6  8 -6 -8 -7 -5 -6 -7 -6 -4 -5 -6 -7 -7    0   0   0   0   0   0   0  99   0   0   0   0   0   0   0   0   0   0   0   0  2.61 0.71
  276 F   -6 -7 -7 -7 -5 -7 -7 -7 -5 -4 -3 -7 -3  9 -7 -6 -6  5  0 -4    0   0   0   0   0   0   0   0   0   0   1   0   0  87   0   0   0   8   1   1  2.75 0.74
  277 A    6 -5 -4 -5 -4 -4 -5  5 -5 -5 -5 -4 -5 -6 -4 -2 -4 -6 -5 -4   62   0   0   0   0   0   0  37   0   0   0   0   0   0   0   0   0   0   0   0  1.53 0.54
  278 L    0 -4 -5 -5 -2 -4 -5 -3 -5  3  3 -4  7  1 -5 -2 -1 -4 -3  0    6   0   0   0   1   0   0   2   0  18  30   0  29   5   0   2   3   0   0   3  0.86 0.35
  279 S   -3 -6 -4 -5 -6 -5 -5  7 -5 -7 -7 -5 -6 -7 -5  1 -5 -6 -6 -6    0   0   0   0   0   0   0  87   0   0   0   0   0   0   0  13   0   0   0   0  2.14 0.63
  280 I   -3 -5 -5 -5 -4 -4 -3 -6 -5  5  3 -4  5 -1 -5 -4 -3 -4 -3  2    0   0   0   0   0   0   2   0   0  31  31   0  16   1   0   0   1   0   0  15  0.93 0.35
  281 E   -5 -4 -4  0 -7 -2  8 -5 -4 -7 -7 -3 -6 -7 -5 -4 -4 -7 -6 -6    0   0   0   3   0   0  95   1   0   0   0   0   0   0   0   0   0   0   0   0  2.41 0.75
  282 R   -5  9 -4 -6 -7 -3 -4 -6 -4 -7 -6 -2 -5 -7 -6 -5 -5 -7 -6 -7    0  99   0   0   0   0   0   0   0   0   0   0   0   0   0   0   0   0   0   0  2.86 0.81
  283 L   -3 -5 -6 -6 -3 -5 -5 -6 -5  3  5 -5  0 -1 -5 -5 -2 -5 -4  2    2   0   0   0   0   0   0   0   0  13  67   0   1   2   0   0   3   0   0  11  1.12 0.40
  284 L   -2 -4 -5 -6 -3 -3 -5 -6 -5  4  5 -5  4 -2 -5 -5 -3 -4 -4  1    2   1   0   0   0   1   0   0   0  24  52   0  10   1   0   0   1   0   0   8  1.03 0.37
  285 L   -1 -4 -3 -5 -4 -3 -3 -5 -5  2  5 -4  5 -1 -4 -2 -3 -3 -2 -1    6   0   1   0   0   1   1   0   0   9  59   0  15   1   0   2   0   0   1   1  0.95 0.38
  286 A    4 -4 -3 -4 -3 -4 -3 -3 -4  1  3 -4 -1 -2 -4 -2  2 -4 -3  2   35   0   1   0   0   0   1   0   0   7  27   0   1   1   0   1  13   0   0  13  0.55 0.29
  287 L   -3 -4 -6 -6 -1 -5 -6 -6 -5  0  6 -4  6 -3 -6 -5 -4 -4 -4 -1    2   1   0   0   1   0   0   0   0   3  71   1  19   0   0   0   0   0   0   2  1.42 0.49
  288 E   -1 -2 -1  2 -5  2  6 -2 -3 -5 -3  2 -3 -5 -3 -2 -3 -5 -4 -4    4   1   2  12   0   9  51   2   0   0   2  11   0   0   1   2   1   0   0   0  0.93 0.37
  289 E    3 -1  1  0 -3  2  2 -2  0 -3 -2  2 -1 -4 -3  1 -1 -4 -3 -2   26   2   7   5   0   9  15   2   2   1   3  16   2   0   0   8   2   0   0   2  0.33 0.20
  290 E   -2 -1  0 -2 -4  6  5 -4 -3 -4 -2  0 -2 -5 -4 -1 -3 -5 -3 -5    3   2   4   1   0  41  34   0   0   1   4   4   1   0   0   3   0   0   1   0  1.08 0.44
  291 G   -2 -2  4  0 -5  1  0  5 -1 -5 -4  1 -3 -5 -4 -1 -2 -5 -4 -5    2   1  20   4   0   6   6  44   1   0   1   9   0   0   0   2   1   0   0   0  0.79 0.31
  292 I   -1 -2 -3 -2  2 -2 -2 -3 -3  4  1 -1 -1 -1 -1 -2 -1 -3 -1  3    5   2   1   2   5   2   2   2   0  31  12   3   0   1   4   1   2   0   2  21  0.34 0.19
  293 E    0 -1  0  2 -4  2  4 -2 -1 -2 -1  0 -2 -3  0  0  0 -3 -2 -1    7   1   3  10   0   8  31   1   1   1   8   4   0   0   5   8   6   0   1   4  0.31 0.19
  294 L   -2 -3 -3 -3 -2 -2 -2 -4 -4  3  3 -2  0  3  2 -3 -1 -1  0  1    2   1   1   1   1   1   2   1   0  19  31   2   1  14  12   1   2   1   2   6  0.41 0.20
  295 D    0 -3 -1  0 -4 -1  1  0 -3 -2 -2 -2 -2 -2  6 -1 -1 -4 -3 -1    6   1   3   5   0   2  11   7   0   2   3   1   1   2  44   3   3   0   1   5  0.83 0.31
  296 I    0 -1  0  0 -2  1  2 -2 -1  1 -1  1 -1 -2  2  0  0 -3 -2  1    8   3   4   5   0   6  14   2   1   9   5   8   1   2  11   5   6   0   0  11  0.13 0.09
  297 E    0 -1  0  2 -4  1  3 -2 -2 -3 -2  1 -2 -4  4  0 -1 -5 -3 -2    9   3   5  10   0   5  22   2   1   1   3   8   1   0  18   6   4   0   0   3  0.38 0.19
  298 E   -1  0  2  2 -3  1  2 -2  1 -3 -4  1 -3 -4  3  0  0 -4 -2 -2    5   5  10  11   0   7  14   1   3   1   0  11   0   0  16   7   4   0   1   2  0.37 0.18
  299 N    0  1  0  0 -2  1  0  2 -1 -3 -2  1 -2 -3  2  1  0 -3 -1 -2    9   9   4   5   1   5   6  16   1   1   2   8   0   0   9  11   7   0   2   3  0.18 0.10
  300 L   -2 -3 -3 -4  3 -4 -4 -5 -3  3  3 -3  1 -1  3 -3 -1 -4 -3  1    2   1   1   0   7   0   1   0   0  16  38   1   2   1  16   1   2   0   1   9  0.60 0.27
  301 D   -3 -3 -1  8 -7 -2  1 -4 -1 -6 -5 -2 -5 -3 -3 -2 -2 -7 -4 -4    1   1   1  76   0   1   6   0   1   0   1   1   0   2   1   2   2   0   1   2  1.72 0.56
  302 L    1 -5 -5 -6  4 -5 -5 -4 -5  2  2 -5 -1  1 -5 -4 -3 -4 -3  4   11   0   0   0   9   0   0   0   0  11  22   0   0   7   0   0   0   0   0  38  0.76 0.32
  303 F   -4 -6 -6 -7 -6 -5 -6 -7 -3 -5 -4 -6 -2  6 -7 -6 -5 -2  8 -4    1   0   0   0   0   0   0   0   0   0   1   0   1  37   0   0   0   0  60   0  2.46 0.70
  304 I   -3 -5 -6 -6 -3 -5 -6 -5 -6  5  2 -5  0  1 -5 -5 -3 -5 -3  5    1   0   0   0   0   0   0   1   0  36  18   0   1   6   0   0   0   0   0  36  1.06 0.38
  305 V    3 -5 -5 -5 -1 -4 -4  0 -5  2 -1 -4  2 -3 -4 -2 -1 -5 -4  5   30   0   0   0   1   0   0   6   0  12   2   0   5   0   0   1   2   0   0  41  0.78 0.36
  306 T    2 -3  0 -3  1 -2 -3  1 -1 -1 -3 -2 -3 -3  1  2  2 -1  0  0   22   0   4   0   3   0   0   9   1   2   1   1   0   1   7  18  18   1   4   8  0.31 0.21
  307 M    0  0 -4 -5 -3 -1 -4 -5 -3  3  3 -2  5 -1 -3 -3 -2 -4 -3  1    9   7   0   0   0   2   0   0   1  18  35   1  16   2   1   0   2   0   0   7  0.58 0.27
  308 G   -3 -5 -1  2 -5 -4 -3  7 -5 -7 -7 -4 -6 -6 -5 -1 -3 -6 -6 -6    0   0   2  11   0   0   1  79   0   0   0   0   0   0   0   4   1   0   0   0  1.80 0.55
  309 D   -1 -2  0  4 -6  1  5 -3 -1 -5 -5 -1 -4 -5 -1 -1 -2 -6 -5 -5    6   1   3  26   0   5  45   1   1   0   0   3   0   0   3   2   1   0   0   0  0.96 0.39
  310 Q    2  0  0  1 -4  1  4  0 -2 -3 -3  2 -2 -5 -3  0  0 -5 -4 -2   18   3   5   6   0   6  29   6   0   1   1  13   0   0   0   5   5   0   0   2  0.41 0.23
  311 A    6 -4 -2 -4 -3 -2 -1 -1 -3 -3 -3 -4 -3 -5 -2  0  2 -5 -2 -1   65   0   1   0   0   1   3   4   0   0   1   0   0   0   1   4  11   0   1   4  0.95 0.42
  312 D   -1  2  2  1 -4  2  2 -3 -1 -3 -3  3 -2 -3 -3  0 -1 -5 -2 -3    4  13   9   9   0   8  16   1   1   1   2  24   1   1   0   6   2   0   1   2  0.41 0.22
  313 R    1  1  0  1 -2  0  1 -2 -1  0  0  1  0 -2 -1  0  0 -3 -2  0   11   8   3  10   0   3   9   2   1   6  11  11   2   1   3   5   6   0   0   7  0.07 0.06
  314 Y    0  0 -2 -1 -4  1  3 -3 -1 -2 -1  3 -1  0 -1 -1  0 -2  2 -1    9   4   1   2   0   7  23   0   1   2   5  19   1   4   2   1   5   0  10   4  0.28 0.19
  315 A    5 -4 -4 -4 -1 -3 -4  1 -5 -2 -3 -4 -3 -5 -4  1  1 -5 -5  0   62   0   0   0   1   0   0  10   0   2   1   0   0   0   0  11   7   0   0   5  0.98 0.42
  316 V   -1 -3 -4 -5 -3 -2 -4 -4 -4  0  3 -4  3  5 -3 -2 -1 -3  0  2    4   1   0   0   0   2   0   1   0   4  27   0   9  27   1   2   5   0   2  16  0.58 0.27
  317 K    0  2 -1 -2 -2  2  2 -1 -2 -1 -2  4 -3 -4 -2  0 -1 -4 -2 -1    6   9   2   1   1   9  11   4   0   3   2  33   0   0   2   7   3   0   1   5  0.37 0.22
  318 L   -4 -5 -6 -6 -4 -3 -5 -6 -4  3  5 -5  1 -2 -6 -4 -3 -1 -2  1    1   0   0   0   0   1   0   0   0  19  65   0   2   0   0   0   1   1   1   7  1.14 0.41
  319 L    3 -4 -4 -5  0 -2 -4 -4 -5  1  3 -4  2 -3 -4 -2  0 -4 -4  3   25   0   0   0   2   2   0   0   0   5  30   0   4   0   0   1   6   0   0  26  0.57 0.29
  320 N   -1  1  2 -1 -2  5  0 -3  4 -4 -3  0 -1 -1 -3  0  0 -4  2 -3    3   6  10   3   1  28   5   1  10   0   2   5   1   3   0   8   5   0   7   0  0.45 0.26
  321 H    1  1  0  2 -4  2  2 -1 -1 -3 -2  2 -1 -3 -2  0  0 -4 -3 -3   15   5   3  11   0  12  17   3   1   1   3  13   2   1   0   7   5   0   0   1  0.30 0.18
  322 L   -2 -5 -7 -7 -1 -5 -6 -7 -6  2  6 -6  1 -1 -6 -5 -4 -3 -4 -1    3   0   0   0   1   0   0   0   0   8  81   0   2   2   0   0   0   0   0   3  1.47 0.50
  323 R   -5  8 -4 -6 -8 -1 -4 -6 -2 -6 -6 -2 -5 -7 -6 -5 -5 -7 -6 -7    0  96   0   0   0   2   0   0   1   0   0   0   0   0   0   0   0   0   0   0  2.73 0.79
  324 H    0  2  1  0 -3  3  1 -1  2 -3 -2  2  0 -3 -3  0 -1 -3 -2 -3    9  12   6   4   0  13   9   3   5   1   5  17   3   1   0   8   3   0   0   1  0.26 0.16
  325 N    3  0  2 -2 -1  2  1 -2  0 -3 -2  1 -1 -1 -3  0 -2 -4 -1 -2   32   3  12   1   1  12  10   2   2   0   4   9   1   3   0   5   0   0   2   1  0.31 0.22
  326 G   -3 -4  0 -2 -4 -4 -3  7 -2 -7 -6 -4 -5 -7 -6 -2 -5 -6 -4 -7    0   1   3   2   0   1   2  87   1   0   0   1   0   0   0   1   0   0   1   0  1.99 0.60
  327 I   -4 -5 -6 -6 -2 -5 -5 -6 -4  4  2 -5 -1  5 -6 -5 -4 -1  3  2    0   0   0   0   1   0   0   0   0  30  23   0   1  25   0   0   0   0   9  10  0.95 0.35
  328 K    1  2 -1 -2  0  0 -2 -2  0 -1 -3  2 -2 -2  0  3  1 -1 -1 -1   10  10   2   1   2   2   0   1   2   4   1  15   0   1   4  31   8   1   2   3  0.31 0.22
  329 A    5 -5 -5 -5  4 -4 -4 -3 -5 -2 -3 -4 -3 -5 -4 -1  0 -6 -5  4   51   0   0   0   7   0   0   1   0   1   0   0   0   0   0   4   7   0   0  29  1.01 0.43
  330 D   -3 -4 -2  5 -7  0  6 -3 -4 -3 -5 -3 -4 -3 -5 -3 -3 -6 -4 -3    1   0   1  38   0   4  48   1   0   2   1   0   0   1   0   1   1   0   1   1  1.36 0.50
  331 K   -3  3 -3 -4  1 -1 -3 -4 -3  1  0  2  5  0 -4 -2  1 -4  1 -1    1  20   1   0   3   2   0   0   0   8   8  15  20   4   0   1   8   0   4   4  0.46 0.27
  332 D   -4 -5  0  8 -7 -4  0 -5 -4 -7 -8 -4 -7 -7 -5 -3 -5 -8 -7 -7    2   0   4  90   0   0   3   0   0   0   0   0   0   0   0   1   0   0   0   0  2.48 0.72
  333 Y   -4 -5 -4 -5 -2 -4 -4 -5  4 -1  1 -5  0  3 -5 -4 -1 -2  8  0    0   0   0   0   1   0   0   1   8   2  14   0   2  10   0   0   3   0  50   6  1.30 0.46
  334 L   -1 -2 -1 -1 -1  2 -1 -2 -3 -1  3 -2  5 -2 -4  1 -1 -4 -3  0    4   1   4   3   1  10   4   2   0   1  34   1  17   1   0  10   3   0   0   5  0.36 0.24
  335 Q   -1 -3  3  3 -4  0  0  5 -3 -6 -6 -1 -5 -5 -3 -1 -3 -5 -5 -5    4   1  13  16   0   5   5  48   0   0   0   2   0   0   1   4   0   0   0   0  0.92 0.36
  336 R   -3  7 -4 -5 -7 -2 -3 -3 -4 -4 -5  3 -5 -6 -5  0 -4 -6 -5 -5    1  72   0   0   0   0   0   2   0   1   0  18   0   0   0   6   0   0   0   1  1.81 0.59
  337 K    0 -2  0 -3 -5 -2 -3  1 -4 -6 -6  5 -5 -6 -4  5 -2 -6 -5 -5    6   0   5   0   0   0   0  10   0   0   0  38   0   0   0  42   0   0   0   0  1.04 0.46
  338 I   -2 -5 -5 -6 -4 -4 -5 -5 -5  2  4 -5  5  3  1 -4 -3 -4 -3  2    3   0   0   0   0   0   0   0   0   8  36   0  20  13   6   0   1   0   0  14  0.81 0.34
  339 K   -3  0 -3 -4 -7 -2 -3  0 -4 -7 -6  8 -5 -7 -5 -2 -4 -7 -6 -6    1   3   0   0   0   0   0   8   0   0   0  85   0   0   0   2   0   0   0   0  1.95 0.65
  340 G    5 -4 -1 -4 -4 -2 -3  2 -4 -5 -5  1 -4 -5 -2  1 -2 -4 -5 -4   58   0   2   0   0   1   0  15   0   0   0  10   0   0   1  11   2   0   0   0  0.95 0.42
  341 Q   -5 -3 -3 -5 -7  9 -1 -6 -2 -7 -6 -2 -4 -8 -6 -4 -5 -6 -6 -5    0   0   1   0   0  94   1   0   1   0   0   1   0   0   0   0   0   0   0   1  2.77 0.86
  342 M   -5 -6 -6 -7 -5 -5 -6 -7 -5 -1  2 -6  8  7 -7 -6 -5 -3 -2 -3    0   0   0   0   0   0   0   0   0   2  14   0  41  42   0   0   0   0   0   0  1.92 0.61
  343 K   -4  2 -4 -4 -7 -2 -3 -5 -4 -7 -6  8 -5 -7 -5 -4 -5 -7 -6 -6    1   8   0   0   0   1   0   0   0   0   0  90   0   0   0   0   0   0   0   0  2.24 0.70
  344 Q    1  2 -2 -2 -4  2 -1 -3  1 -3 -3  0 -3 -1 -4  2  1 -3  5 -3   15  10   1   2   0  11   4   0   3   1   1   4   0   2   0  15   9   0  22   0  0.43 0.26
  345 A    7 -5 -5 -6 -4 -5 -5 -3 -5 -5 -5 -5 -5 -6 -5 -1 -4 -6 -6 -1   94   0   0   0   0   0   0   1   0   0   0   0   0   0   0   2   0   0   0   3  1.98 0.67
  346 D   -2 -4  5  7 -6 -3 -1 -1 -4 -4 -5 -4 -6 -5 -5 -1 -4 -7 -6 -5    4   0  24  60   0   0   2   5   0   1   1   0   0   0   0   3   0   0   0   0  1.53 0.52
  347 R   -3  7 -2 -3 -7 -1 -3 -5 -3 -6 -5  5 -4 -5 -5 -3 -4 -6 -5 -5    1  53   2   1   0   2   0   0   0   0   0  38   0   0   0   1   0   0   0   1  1.62 0.55
  348 L   -1 -2 -2 -3 -2  0 -1 -4 -1  2  3 -1  2  1 -4  0 -1 -3  0  0    5   2   1   0   0   5   3   0   1  14  34   4   5   6   0  10   3   0   3   4  0.25 0.17
  349 G   -2 -1  5 -1 -5  1 -1  4  2 -6 -5  2 -4 -5 -3 -2 -3 -5 -4 -5    2   3  27   2   0   7   3  35   5   0   0  12   0   0   1   1   0   0   0   0  0.80 0.33
  350 A    7 -5 -5 -5  0 -4 -4 -3 -5 -4 -5 -4 -4 -5 -4  0 -1 -6 -5 -1   85   0   0   0   2   0   0   0   0   0   0   0   0   0   0   7   2   0   0   3  1.63 0.59
  351 K   -1  5 -2 -2 -4  0 -1 -3  0 -2 -4  5 -3 -5 -1 -1 -1 -4 -3 -2    6  29   1   1   0   4   3   1   2   2   1  38   0   0   2   3   3   0   0   3  0.73 0.33
  352 F   -1 -4 -3 -6 -3 -4 -5 -5  0 -1  0 -4 -2  6 -6 -4 -2  1  7 -1    6   1   1   0   0   0   0   0   2   2   7   1   0  29   0   0   2   2  41   5  1.25 0.44
  353 T    2 -4 -3 -5  4 -4 -4 -4 -5  0 -2 -4 -2 -2 -4  0  4 -5 -3  4   16   0   1   0   8   0   0   0   0   4   2   0   1   2   0   5  27   0   1  35  0.70 0.34
  354 I    2 -5 -5 -5  1 -4 -5 -4 -5  4  3 -4  2 -1 -5 -3 -2 -4 -3  3   16   0   0   0   2   0   0   0   0  24  28   0   4   2   0   0   1   0   0  22  0.66 0.29
  355 V   -3 -5 -5 -6 -4 -5 -5 -6 -6  6 -1 -5 -1 -2 -5 -4  2 -6 -4  4    0   0   0   0   0   0   0   0   0  49   3   0   1   1   0   0  15   0   0  30  1.24 0.45
  356 I   -4 -5 -6 -6 -3 -5 -6 -7 -6  5  5 -6  0 -1 -6 -5 -4 -5 -3  1    0   0   0   0   0   0   0   0   0  36  53   0   1   2   0   0   0   0   0   7  1.27 0.44
  357 G   -3 -6 -2 -5 -6 -6 -6  8 -6 -8 -8 -5 -4 -7 -6 -4 -5 -6 -7 -7    0   0   2   0   0   0   0  97   0   0   0   0   0   0   0   0   0   0   0   0  2.53 0.71
  358 D   -2 -3 -1  5 -6 -1  6 -2 -4 -6 -6 -2 -5 -6 -4 -1 -3 -7 -6 -6    2   0   1  36   0   1  49   3   0   0   0   1   0   0   0   4   1   0   0   0  1.37 0.50
  359 Q   -1 -1  3  5 -5  1  3 -3 -2 -5 -5 -1 -4 -6 -4  1 -1 -6 -5 -5    5   3  13  36   0   5  18   1   0   0   0   3   0   0   0  12   4   0   0   0  0.79 0.33
  360 E   -5 -4 -4 -1 -8 -2  8 -6 -4 -7 -7 -3 -6 -7 -5 -4 -5 -7 -6 -7    0   0   0   2   0   0  98   0   0   0   0   0   0   0   0   0   0   0   0   0  2.58 0.79
  361 L    0 -3 -6 -6 -3 -3 -5 -6 -5  2  5 -4  1 -2 -5 -4 -3 -1 -3  2    7   1   0   0   0   1   0   0   0  13  59   1   3   1   0   0   0   1   0  14  0.94 0.36
  362 E    3 -1  1  0 -4  2  4 -3 -2 -4 -4  2 -4 -5 -3  0 -1 -5 -4 -3   25   2   7   3   0   7  33   1   0   0   1  11   0   0   0   5   3   0   0   2  0.58 0.30
  363 N    0  2  4  0 -3  2  2 -3 -1 -4 -4  2 -3 -5 -3  1  1 -4 -4 -4    8  13  19   3   0   8  11   0   1   0   0  13   0   0   0  12   9   0   0   0  0.46 0.24
  364 N   -3 -1  3  0 -4  2  0  5  1 -6 -6  1 -4 -6 -4 -2 -4 -5 -5 -5    1   2  16   4   0  12   4  48   3   0   0   8   0   0   0   2   0   0   0   0  0.93 0.37
  365 K   -1  0 -1 -2 -1  2  2 -4 -2  0 -2  2  0 -3 -3  0  2 -4 -2  2    4   3   2   0   1   9  13   0   0   6   2  16   3   1   0   5  18   0   1  17  0.27 0.20
  366 I    3 -5 -5 -5 -1 -4 -5 -3 -5  3  0 -4 -1 -1 -5 -3 -3 -4 -1  5   28   0   0   0   1   0   0   1   0  20   5   0   0   3   0   0   0   0   2  40  0.83 0.36
  367 D    0 -1  3 -1 -3  2  0 -3  0  0 -2  1 -1 -3 -2  0  3 -4 -3  0    7   2  20   1   0  10   4   1   2   5   3  11   1   0   1   7  19   0   0   7  0.29 0.20
  368 V   -3 -5 -6 -6 -3 -5 -6 -6 -6  3  4 -5  0  0 -5 -5 -3 -2 -3  4    0   0   0   0   0   0   0   0   0  18  46   0   1   3   0   0   0   0   0  31  1.06 0.39
  369 K   -5  3 -4 -5 -7 -2 -3 -5 -4 -7 -6  8 -5 -7 -5 -4 -5 -7 -6 -5    0  15   0   0   0   0   0   0   0   0   0  85   0   0   0   0   0   0   0   0  2.16 0.69
  370 N   -3  1  6  4 -1 -1  0 -4  1 -5 -5 -2 -3 -3 -4 -1 -2  4 -3 -3    1   8  38  24   1   2   6   0   3   0   1   1   0   1   0   4   1   6   1   2  0.88 0.37
  371 M   -4 -5  0 -6 -4 -2 -6 -6 -5 -1  2 -5 10 -2 -6 -5 -2 -5 -5 -2    1   0   6   0   0   1   0   0   0   1  20   0  66   1   0   0   2   0   0   1  2.03 0.66
  372 T    2  0 -1  1 -4  1  3 -1 -1 -3 -3  1 -2 -4 -3  1  0 -5 -3 -2   24   3   2   8   0   7  20   2   2   1   2  11   0   0   0   9   7   0   0   2  0.34 0.21
  373 T   -2 -3  0  2 -4 -2 -1 -2 -4 -4 -4 -2 -4 -5 -4  3  6 -6 -5 -4    2   1   5  12   0   1   3   2   0   0   1   2   0   0   0  18  52   0   0   0  0.99 0.44
  374 G   -2  1 -2 -3 -6 -1 -3  6 -2 -7 -6  1 -5 -4 -5  0 -4 -6 -6 -6    1   6   1   1   0   3   1  69   1   0   0   9   0   1   0   8   0   0   0   0  1.39 0.48
  375 E   -2 -2 -1  1 -6  2  6 -4 -2 -4 -5  1 -4 -5 -4  0  1 -6 -4 -2    2   0   3   5   0   8  55   1   1   1   0   7   0   0   0   6   8   0   0   3  0.96 0.41
  376 S   -3 -2 -3 -3 -7  8  3 -5 -3 -4 -5 -1 -4 -7 -5 -2 -1 -6 -5 -4    1   1   0   0   0  66  20   0   0   1   0   3   0   0   0   3   4   0   0   1  1.75 0.63
  377 E   -2  1 -1 -1 -3  2  3 -4 -1  1 -2  1 -1  0 -3 -1  2 -3 -1  1    2   7   1   1   0  11  20   0   1   8   2   9   1   5   0   4  12   0   2  13  0.24 0.18
  378 T    0 -1  0  0 -4  1  4 -4 -2 -3 -3  1 -2 -4 -1  1  3 -5 -4 -2    6   3   3   5   0   4  33   0   0   1   2   9   1   0   2   8  20   0   0   2  0.48 0.27
  379 I   -2 -5 -6 -6 -3 -5 -5 -6 -6  4  1 -5  0 -1 -5 -5 -2 -3 -2  5    2   0   0   0   0   0   0   0   0  27  13   0   2   2   0   0   2   0   1  50  1.10 0.40
  380 E    1 -1  0  1 -3  0  0 -2 -1 -4 -3  2 -3 -4  4  2  0 -5 -4 -3   13   2   4   6   0   3   6   2   1   0   2  13   0   0  22  19   5   0   0   1  0.47 0.24
  381 L   -3 -1 -3 -5 -3  1 -3 -5 -3  2  4 -2  1  3 -4 -3 -3 -1 -2  0    1   4   1   0   0   8   1   0   0   9  53   2   3  11   0   1   0   1   0   4  0.68 0.31
  382 D    1 -3  1  5 -4  0  3 -1 -2 -4 -4  0 -4 -5 -3  1  0 -5 -3 -3   14   0   7  32   0   2  18   3   1   0   0   4   0   0   1  12   5   0   0   1  0.60 0.29
  383 A   -1 -2  2  4 -5  2  4 -2 -1 -5 -5  0 -4 -3 -4  0 -1 -2 -2 -4    4   1   8  26   0   8  31   3   1   0   1   6   0   1   0   6   3   1   2   1  0.66 0.30
  384 L   -2 -5 -5 -6 -2 -5 -5 -5 -5  4  4 -5  0  2 -5 -4 -3 -4 -2  2    3   0   0   0   0   0   0   0   0  26  46   0   2   9   0   1   1   0   0  13  0.90 0.34
  385 V    1 -3 -3 -3 -2 -1  0 -3 -2  3  1 -1  0 -1 -2 -1  0 -3  1  3   13   0   0   1   0   2   8   1   0  17  12   3   2   1   1   3   5   0   7  24  0.23 0.17
  386 E    0 -1  2  3 -4  1  3 -2 -1 -4 -4  1 -3 -5 -2  1  1 -5 -2 -4    9   2   9  16   0   6  26   3   1   0   0   6   0   0   1  11   8   0   1   0  0.44 0.23
  387 Y   -1 -1  1  2 -3  0  1 -3  1  0 -2  0 -1  1 -3 -1  0  0  4 -1    5   3   6  11   0   3  10   1   4   5   2   6   1   6   0   3   6   1  22   5  0.25 0.17
  388 F   -3 -5 -6 -6 -3 -5 -5 -6 -5  4  4 -5  2  4 -4 -5 -3 -2 -2  1    1   0   0   0   0   0   0   0   0  24  37   0   5  22   1   0   0   0   0   8  0.93 0.34
  389 K   -1  2 -1  1 -5  2  2 -3 -2 -3 -2  5 -2 -5 -2 -1 -1 -4 -4 -4    4  12   1   6   0  11  12   0   0   2   4  41   1   0   1   2   3   0   0   0  0.63 0.29
  390 K   -3  2 -3 -2 -6  3  5 -4 -3 -6 -5  4 -4 -6 -4 -3 -3 -5 -4 -5    0   9   0   0   0  15  43   0   0   0   0  33   0   0   0   0   0   0   0   0  1.17 0.40
