    1 D   -4 -3  0  7 -6  4  3 -4 -3 -6 -6 -3 -5 -6 -4 -3 -4 -6 -5 -6    0   0   2  60   0  23  14   0   0   0   0   0   0   0   0   0   0   0   0   0  1.56 0.55
    2 I   -4 -6 -4 -6 -4 -5 -6 -6 -6  7  0 -5 -2 -3 -5 -4  0 -5 -4  3    0   0   0   0   0   0   0   0   0  67   5   0   0   0   0   0   7   0   0  20  1.40 0.51
    3 V   -3 -4 -5 -6 -4  3 -3 -6 -5  0 -2 -4 -1 -4 -5 -4  0 -6 -5  7    1   1   0   0   0  14   1   0   0   3   2   1   1   0   0   1   6   0   0  71  1.36 0.61
    4 M   -5 -5 -6 -7 -5 -5 -6 -7 -6 -1  5 -6  8 -2 -6 -5 -4 -5 -4  2    0   0   0   0   0   0   0   0   0   2  47   0  35   1   0   0   0   0   0  15  1.56 0.64
    5 T   -3 -5 -1 -5 -5 -5 -5 -6 -6 -3 -4 -5 -5 -6 -5 -1  8 -7 -6 -2    1   0   2   0   0   0   0   0   0   1   1   0   0   0   0   3  89   0   0   2  2.22 0.90
    6 Q   -6 -4 -3 -3 -8  9 -3 -7 -2 -8 -7 -3 -5 -8 -6 -5 -5 -7 -6 -7    0   0   1   1   0  98   0   0   1   0   0   0   0   0   0   0   0   0   0   0  3.10 1.16
    7 S   -1 -2 -2 -2 -3 -1 -1 -3 -2 -3 -3  0 -3 -4  2  5  3 -4 -3 -3    3   1   1   2   0   3   3   1   1   1   2   5   0   1  11  42  22   0   0   1  0.69 0.39
    8 P   -3 -5 -6 -5 -6 -4 -5 -4 -4 -6 -4 -5 -6 -7  9 -4 -3 -7 -7 -6    1   0   0   0   0   1   0   2   0   0   2   0   0   0  90   1   2   0   0   0  2.84 0.97
    9 L    3 -2 -2 -1 -3 -2 -1 -1  0 -2  0 -1 -2 -3  1  3 -1 -4 -3  0   26   1   1   4   0   0   4   3   3   2  12   3   0   1   8  23   3   0   1   5  0.27 0.22
   10 T   -1 -4 -3 -4 -4 -3 -2 -3 -4 -2 -3 -3 -4  0 -3  6  1 -5 -3  0    4   0   0   0   0   0   2   1   0   2   2   0   0   4   1  67   7   0   1   8  1.11 0.61
   11 L   -2 -4 -4 -4 -4 -2 -3 -6 -1  0  5 -2  3 -3 -5 -4 -3 -5 -4  4    3   0   1   1   0   1   2   0   2   2  51   2   6   0   0   0   1   0   0  28  0.89 0.45
   12 S    1 -3 -3 -4 -4 -2 -4 -4 -2 -5 -3 -4 -3 -5  2  6  1 -6 -4 -4   12   1   0   0   0   1   0   0   1   0   2   0   0   0  10  63   7   0   0   0  1.17 0.62
   13 V    2 -4 -5 -5 -4 -4 -4  1 -5  0 -2 -2 -1 -3 -4 -1 -2 -6 -4  6   20   0   0   0   0   0   0  10   0   4   2   3   1   1   0   4   2   0   0  53  0.85 0.47
   14 T    1 -1  0 -3 -4 -2 -3 -3 -4 -3 -3 -2 -4 -2 -1  5  3 -6 -5 -3    8   3   3   0   0   1   1   0   0   2   2   2   0   2   2  53  18   0   0   1  0.88 0.52
   15 I   -2 -3 -5 -5 -5 -2 -5 -6 -4 -2  3 -1 -3 -4  6 -3 -2 -6 -5  2    3   1   0   0   0   2   0   0   0   1  29   4   0   0  44   1   2   0   0  13  1.14 0.54
   16 G   -3 -2 -5 -4 -7 -6 -5  7 -6 -8 -8 -4 -7 -7 -6 -4 -5 -7 -7 -6    1   2   0   0   0   0   1  93   0   0   0   1   0   0   0   0   1   0   0   0  2.41 0.86
   17 Q   -1 -3 -2  4 -6  5  5  0 -1 -6 -6 -2 -5 -6 -4 -1 -1 -6 -5 -5    5   0   1  19   0  25  35   7   1   0   0   1   0   0   0   3   3   0   0   0  1.01 0.53
   18 P   -2  4 -2 -3 -5 -1 -2 -4 -4 -5 -4  1 -2 -5  1  2  5 -6 -5 -4    1  22   1   1   0   2   2   0   0   0   1   9   1   0   7  13  38   0   0   0  0.82 0.48
   19 A    4 -6 -6 -6 -4 -5 -5 -5 -6  0 -3 -5 -3 -4 -5 -3 -3 -6 -5  6   34   0   0   0   0   0   0   0   0   4   1   0   0   0   0   1   0   0   0  60  1.44 0.66
   20 S   -2  1 -2 -3 -5 -1 -3 -4 -3 -3 -4  0 -4 -4 -4  3  6 -6 -5 -3    1   9   1   1   0   2   1   0   1   1   0   7   0   1   0  20  55   0   0   1  1.11 0.59
   21 I   -5 -6 -5 -7 -5 -6 -6 -7 -6  7  3 -6  3 -2 -6 -6 -4 -6 -5  0    0   0   0   0   0   0   0   0   0  65  22   0   7   1   0   0   0   0   0   4  1.60 0.64
   22 S   -2 -2  1  0 -4 -2 -1 -4 -3 -4 -4  0 -4 -5 -2  4  5 -6 -5 -4    2   2   7   5   0   1   3   0   0   1   1   5   0   0   1  38  33   0   0   0  0.86 0.50
   23 C   -5 -8 -7 -8 12 -8 -8 -7 -5 -6 -6 -8 -6 -5 -7 -6 -6 -7 -4 -6    0   0   0   0  97   0   0   0   0   0   0   0   0   0   0   0   0   0   1   0  4.28 1.25
   24 K   -1  4  0 -3 -4  1 -1  0 -2 -3 -4  4 -3 -4 -3  1  2 -2 -4 -4    5  25   3   0   0   7   1   6   1   1   1  24   0   0   0   9  13   0   0   0  0.57 0.33
   25 S    4 -3 -3 -3 -2 -3 -3  2 -2 -2  0 -3 -1 -3 -3  2  1 -4 -4 -1   36   1   0   0   1   0   1  17   1   1  10   0   2   1   0  18   7   0   0   4  0.49 0.32
   26 S   -1 -2  1 -1 -1 -1 -2 -1 -3 -3 -4 -2 -4 -4 -3  6  0 -4 -4 -4    2   2   6   2   1   2   1   3   0   1   1   2   0   1   1  67   4   0   0   1  1.09 0.51
   27 Q   -2 -1  0 -1 -3  6  0  0 -1 -4 -3  0 -3 -4 -1  3  0 -3 -3 -3    2   3   4   2   0  39   5   7   1   1   2   4   0   1   3  20   5   0   1   1  0.67 0.36
   28 S   -1 -2  1  2 -1 -1 -2  2 -2 -3 -3 -2 -3 -2 -2  5 -1 -3 -3 -3    3   2   6  13   1   2   2  13   0   1   3   2   0   2   2  44   2   0   1   2  0.56 0.31
   29 L   -1 -2  2 -1 -2 -2 -2 -3 -1  3  2 -2  0 -1 -2 -1 -1 -3 -2  2    3   2  11   4   1   1   2   2   1  20  22   2   1   1   2   5   2   0   1  18  0.24 0.16
   30 L    0 -1 -1 -1 -1 -1 -1 -1 -1  1  1 -1  0  0 -1  0  0 -1  0  1    5   3   2   3   1   2   4   5   1   9  21   4   2   3   2   8   6   1   3  15  0.05 0.05
   31 Y   -1 -1  1  1 -1  0  0  0  4 -1 -2 -1 -1  0 -1  0  0  0  2 -1    4   3   6   9   1   3   5   9  15   3   4   2   1   3   2   8   8   1   8   5  0.14 0.09
   32 S   -1  0  2  0 -1 -1 -1  0 -1 -2 -2 -1 -2 -2 -2  4  1 -1 -1 -1    3   5  10   4   1   2   4   6   1   2   3   2   1   2   2  36  10   1   2   3  0.31 0.19
   33 N   -1 -1  2  2 -2 -1 -1  0  0  1 -1 -1 -1  0 -1  0  0 -1  0  0    4   2  15  12   1   2   3   8   2  13   6   2   1   4   2   6   4   1   4   8  0.08 0.07
   34 G   -1 -1  0  1 -1  0 -1  4  1 -2 -2 -1 -2 -2 -1  0  0 -2 -1 -2    4   4   4   7   1   4   3  37   3   2   3   2   1   1   3   8   7   0   3   3  0.33 0.14
   35 K   -2 -1  4  2 -3 -1 -2  1 -1 -2 -3  1 -2 -2 -2  3 -1 -1  1 -2    1   3  19   9   0   1   1  10   1   2   2  10   1   2   1  25   2   1   6   2  0.35 0.24
   36 T   -2 -1  4  0 -3 -2 -1 -2  1 -2 -4  1 -2 -3 -3  2  3 -1  3 -2    1   3  22   6   0   1   2   1   3   2   1  10   1   0   1  16  18   1  11   2  0.46 0.30
   37 Y   -1 -3  1 -1  0 -4 -3 -3  1 -4 -2 -3 -4  1 -4 -1 -2  2  8 -3    4   1   6   4   2   0   2   2   3   1   3   1   0   3   0   6   3   3  55   1  1.26 0.54
   38 L   -1 -5 -5 -5 -2 -4 -5 -5 -5  2  4 -4  4 -2 -2 -3 -3 -4 -3  3    5   0   0   0   1   0   0   0   0   9  42   0  11   1   3   1   1   0   1  24  0.80 0.40
   39 N    2  0  3  0 -3  0 -1 -1  5 -3 -4 -2 -3 -1 -4  2 -1 -4  2 -3   20   6  15   4   0   4   2   4  15   1   0   1   0   2   0  15   2   0   8   1  0.44 0.31
   40 W   -8 -4 -9 -10 -8 -7 -8 -8 -8 -8 -4 -8 -7 -3 -9 -8 -8 13 -3 -8    0   1   0   0   0   0   0   0   0   0   2   0   0   1   0   0   0  96   0   0  4.96 1.43
   41 L   -6 -6 -5 -7 -7 -6 -6 -7  2 -1 -2 -6 -2  4 -7 -5 -6 -2  9 -2    0   0   0   0   0   0   0   0   4   3   3   0   1  12   0   0   0   0  73   3  2.39 0.87
   42 L   -5  1 -4 -4 -7  8 -3 -6 -1 -6  0  1 -3 -7 -6 -4 -5 -6 -5 -3    0   7   0   0   0  73   0   0   1   0   9   6   0   0   0   0   0   0   0   2  1.94 0.84
   43 Q   -5 -4 -5 -5 -8  9 -2 -6  2 -7 -4 -2 -3 -4 -6 -5 -5 -1 -4 -7    0   0   0   0   0  90   1   0   4   0   2   1   0   1   0   0   0   1   0   0  2.68 1.05
   44 R   -2  2 -2 -4 -6 -2 -2 -4  0  0 -3  7 -2 -4 -4 -2 -1 -6 -3 -1    2   8   2   0   0   1   0   1   2   7   2  65   1   1   0   1   3   0   1   4  1.18 0.58
   45 P   -1 -4 -6 -4 -7 -3 -5 -5 -4 -7 -4 -5 -3 -7  8  0 -2 -8 -7 -5    6   1   0   1   0   1   0   1   0   0   2   0   1   0  80   6   2   0   0   0  2.38 0.87
   46 G   -3 -4 -3 -1 -7 -5 -4  7 -4 -8 -7 -5 -7 -7 -4 -3 -5 -2 -7 -6    0   1   1   3   0   0   1  90   0   0   0   0   0   0   1   1   0   1   0   0  2.19 0.80
   47 Q   -2 -1 -2 -3 -6  7  1 -1  2 -5 -5  3 -4 -5 -4  0  0 -4 -5 -5    2   2   1   0   0  46   8   5   4   0   1  17   0   0   0   6   6   0   0   0  1.03 0.55
   48 S    4 -3 -3 -3 -3 -2 -3  0 -4 -3 -4 -2 -4 -4  2  3  0 -5 -4  0   44   1   1   0   0   1   1   5   0   1   1   2   0   1  11  22   4   0   0   7  0.67 0.42
   49 P   -5 -7 -7 -6 -7 -6 -6 -7 -4 -4 -2 -6 -4 -4  9 -4 -4 -8 -7 -5    0   0   0   0   0   0   0   0   0   1   5   0   0   1  90   1   1   0   0   0  2.87 1.01
   50 K   -3  4 -3 -4 -6  3  0 -5 -3 -4 -4  5 -1 -6 -4 -3 -1 -6 -5  0    1  20   1   0   0  15   5   0   0   1   1  43   2   0   0   1   3   0   0   7  0.97 0.50
   51 R   -3 -1 -4 -5 -3 -3 -4 -1 -3 -1  5 -4  0  3 -2 -3  0  2  2 -2    1   3   1   0   0   1   0   5   0   1  54   0   2  10   3   1   6   3   6   1  0.65 0.38
   52 L   -4 -5 -6 -7 -3 -5 -6 -7 -6  1  5 -5  2 -2 -5 -5 -4 -1 -4  3    0   0   0   0   0   0   0   0   0   7  68   0   4   1   0   0   0   1   0  17  1.27 0.55
   53 I   -5 -6 -7 -7 -2 -6 -7 -7 -7  7  2 -6  0 -2 -5 -6 -2 -6 -5  1    0   0   0   0   1   0   0   0   0  70  18   0   2   1   0   0   3   0   0   5  1.64 0.65
   54 H   -5  1 -1 -4 -4 -3 -4 -4  3 -5 -4 -1 -4 -1 -6 -2 -5 -1  9 -5    0   8   3   1   0   1   1   1   6   0   1   3   0   1   0   4   0   0  68   0  1.96 0.78
   55 L    0  0  0  1 -3  0  0  1  0 -3 -1  0 -2  1 -3  1 -1  4  3 -2    7   5   3  10   0   5   5  13   2   0   5   6   1   5   0   9   1   6  15   1  0.21 0.18
   56 V    3 -3  1  1  0 -3 -3  0 -2 -1 -2 -2 -1 -1 -3  0  1 -1  0  2   35   1   6   9   2   0   0   5   0   3   1   1   2   3   0   4   9   1   3  15  0.31 0.27
   57 S   -2 -3  2  0 -5  0 -3 -3  1 -6 -5 -2 -5 -4 -1  6  1 -6 -4 -3    1   1  10   4   0   3   0   0   3   0   0   1   0   1   3  63   9   0   0   1  1.12 0.60
   58 K   -2  0  5  1 -4  0 -1 -3  1 -3 -4  1 -4 -3 -3  2  3 -5  0 -3    2   3  31   6   0   3   3   0   4   2   1  11   0   1   1  14  17   0   3   1  0.57 0.36
   59 L   -4  6 -4 -5 -4  0 -3 -5 -1 -4  3  0 -3 -1 -2 -2 -4  1 -1 -4    0  53   0   0   0   4   1   0   1   0  25   3   0   2   2   3   0   2   2   0  1.10 0.55
   60 D    2 -3 -2  0 -3  2  1  1  1 -3 -3 -2 -3  1  4 -1 -2 -4  1 -2   18   0   1   6   0  10   9  12   4   1   2   1   0   6  20   3   1   0   5   3  0.35 0.26
   61 S   -2 -3 -3  0 -4 -4 -1 -2 -2 -5 -5 -3 -5 -2  1  6  2 -6 -2 -5    1   1   0   4   0   0   3   3   1   0   1   1   0   2   6  65  11   0   2   0  1.11 0.61
   62 G   -2 -1 -1 -1 -5 -3 -2  7 -4 -6 -6 -1 -5 -6 -3 -3 -4  2 -5 -4    1   4   2   3   0   1   2  79   0   0   0   3   0   0   1   0   0   3   0   1  1.51 0.54
   63 V   -2 -5 -5 -5 -3 -4 -5 -5 -5  4 -1 -4 -1  1 -5 -3  1 -5 -3  5    1   0   0   0   0   0   0   0   0  27   2   0   1   5   0   1  10   0   0  53  1.00 0.44
   64 P   -2 -5 -4 -4 -5 -3 -4 -5 -5 -5 -4 -4 -5 -6  8  1 -1 -6 -5 -5    2   0   0   0   0   1   0   0   0   0   1   0   0   0  80  10   4   0   0   0  2.29 0.71
   65 D    1 -3  0  5 -4 -2  2 -2 -2 -4 -4 -1 -4 -4  0  3 -1 -5 -3 -3   12   0   3  38   0   0  11   1   0   0   1   3   0   0   3  23   2   0   1   1  0.66 0.34
   66 R   -4  8 -3 -5 -6 -1 -3 -5 -2 -6 -5  0 -4 -1 -5 -3 -1 -1 -4 -6    0  85   0   0   0   2   0   0   0   0   0   3   0   3   0   1   3   1   0   0  1.94 0.71
   67 I   -5 -6 -6 -7 -6 -6 -6 -6 -2 -2 -2 -6  1  9 -7 -5 -2  0  1 -3    0   0   0   0   0   0   0   0   1   1   1   0   3  88   0   0   3   1   1   1  2.35 0.76
   68 T   -2 -3 -2 -3 -4 -3 -3 -3 -4 -3 -5 -2 -3 -4 -4  6  2 -6 -5 -2    0   1   1   0   0   0   1   1   0   1   0   1   0   0   0  77  13   0   0   3  1.32 0.62
   69 G   -1 -1 -2 -2 -5 -4 -4  7 -4 -5 -6 -2 -5 -5  0 -2 -1 -5 -2 -5    4   3   1   1   0   0   0  77   0   1   0   2   0   0   4   1   3   0   1   0  1.47 0.54
   70 S   -1 -2 -2  0 -4 -2 -3 -2  2 -5 -5 -3 -4 -4 -4  6  0 -3 -4 -5    2   2   0   4   0   1   0   2   4   0   0   1   0   1   0  78   5   0   0   0  1.31 0.62
   71 G   -2  1  0 -2 -4  1 -2  5 -3 -2 -3  2 -3 -5 -3  0 -1 -4 -2 -3    1   6   4   1   0   7   1  48   0   2   2  13   0   0   1   8   4   0   1   1  0.65 0.33
   72 S   -1 -4 -2  1 -4 -3 -3 -3 -4 -3 -3 -3 -4 -3 -1  6 -1 -2 -3 -4    3   0   0   7   0   0   0   0   0   1   2   0   0   1   3  79   1   1   1   1  1.30 0.62
   73 G   -2 -2  0 -2 -5 -3 -2  6 -2 -2 -5 -2 -4 -5 -4  0  0 -3 -4 -3    2   2   3   2   0   0   2  68   1   3   1   2   0   0   0   6   5   0   0   2  1.11 0.45
   74 T   -2 -1  4 -1 -4 -2 -2 -2 -3 -2 -3  0 -2 -4 -3  1  5 -5 -3 -3    1   2  22   2   0   1   0   3   0   2   1   5   1   0   1  10  48   0   1   1  0.81 0.43
   75 D   -1 -2  0  5 -4  0  0 -3 -1 -3 -4  0  0 -4 -3  1  3 -5 -3 -3    3   1   3  43   0   3   5   1   1   0   0   5   3   0   0   8  21   0   1   2  0.71 0.36
   76 F    2 -3 -2 -3 -1 -4 -4  0 -1 -3 -2 -4 -2  6 -4 -2 -3 -2  4 -2   23   1   2   1   1   0   1   6   1   0   1   0   0  45   0   1   0   0  15   1  0.94 0.43
   77 T   -1  0 -1 -3 -1 -1 -3 -4 -2 -1 -2 -2 -3 -1 -3  1  6 -4  2 -2    3   5   1   0   1   3   0   0   1   2   3   0   0   3   0  11  56   0   9   2  0.80 0.44
   78 L   -4 -4 -6 -6 -4 -4 -5 -6 -5 -1  6 -5  2  2 -4 -5 -3 -4 -3 -1    0   1   0   0   0   1   0   0   0   1  83   0   4   8   1   0   1   0   0   1  1.33 0.53
   79 K   -2 -1  0 -3 -3 -2 -1 -3 -2  1 -3  1 -3 -4 -3  0  6 -5 -4 -2    2   3   4   1   0   1   4   1   1   7   2   7   0   0   0   6  60   0   0   0  0.85 0.45
   80 I   -4 -6 -6 -6 -4 -6 -6 -7 -6  8  0 -6 -2  0 -6 -5 -2 -5 -4  0    0   0   0   0   0   0   0   0   0  86   6   0   0   4   0   0   2   0   0   2  1.80 0.64
   81 S   -1 -2  2 -2  1 -2 -3 -2 -1 -5 -5  0 -4 -4 -3  6  1 -6 -4 -4    2   2   8   1   3   1   0   1   2   0   0   4   0   0   0  70   6   0   0   0  1.10 0.55
   82 R   -2  3  2 -1 -3 -2 -1  4 -3 -5 -4 -1 -4 -5 -1  3 -2 -2 -4 -4    1  18  12   3   0   1   3  30   0   0   0   3   0   0   3  25   1   1   0   0  0.57 0.33
   83 V    1 -4 -5 -5 -3 -4 -4 -4 -5  1  3 -4  1 -1 -4 -3 -2 -4 -3  5   12   0   0   0   0   0   0   1   0   4  33   0   3   2   0   1   2   0   0  44  0.73 0.37
   84 E   -3  2 -2 -2 -3  6  5 -5 -2 -6 -4  0 -4 -6 -4 -2 -3 -2 -4 -4    1   8   0   1   1  47  36   0   0   0   1   2   0   0   0   1   0   1   0   1  1.28 0.57
   85 A    4 -4 -3 -3 -1 -2  1 -2 -3 -3 -4 -3 -4 -4  5  1  0 -5 -3 -2   45   0   0   0   1   1  10   1   0   1   1   0   0   0  25   8   5   0   1   2  0.80 0.41
   86 A   -3 -2 -2  2 -6 -1  6  1 -3 -5 -2 -1 -3 -6 -4 -3 -3 -6 -5 -4    1   1   1  11   0   1  66  12   0   0   4   1   1   0   0   0   1   0   0   0  1.18 0.52
   87 D   -5 -5 -1  8 -7 -4 -1 -5 -4 -7 -7 -4 -6 -7 -5 -3 -1 -8 -6 -6    0   0   1  94   0   0   1   0   0   0   0   0   0   0   0   0   4   0   0   0  2.43 0.78
   88 L    1 -3 -2  0 -3 -1  4 -2 -3 -1  0 -2 -1  1 -3  1  0 -4 -2  1   16   0   0   5   0   0  31   2   0   3   9   1   1   8   0   9   4   0   0  12  0.27 0.23
   89 G    6 -3 -4 -4 -3 -4 -3  3 -4 -4 -5 -3 -4 -5 -4  0 -2 -5 -3 -3   70   1   0   0   0   0   1  22   0   0   0   0   0   0   0   4   1   0   1   1  1.22 0.53
   90 V   -2 -3 -2  4 -3 -2 -1 -4  0  1 -2 -2  0 -3 -3 -2  2 -5 -2  4    1   0   1  30   0   1   3   0   2   7   1   1   2   1   0   1  15   0   1  32  0.54 0.32
   91 Y   -5 -4 -6 -7 -3 -5 -6 -7 -1 -5 -4 -6 -5  0 -7 -5 -5 -1 10 -3    0   1   0   0   1   0   0   0   1   0   1   0   0   1   0   0   0   0  94   2  2.97 0.90
   92 Y   -2  1 -2 -3  2  1 -2 -4  2  0 -2 -2 -2  4 -4 -1 -2  0  6 -2    0   9   0   0   6   7   0   0   6   6   0   0   0  24   0   6   0   0  35   0  0.56 0.21
   93 C   -1  1 -2 -3  4 -2 -3  1 -2 -1  0 -2 -1  2 -3  0 -1  5  2  0    0  11   0   0  11   0   0  11   0   0  11   0   0  11   0  11   0  11  11  11  0.26 0.14
   94 V    0 -1 -1 -1  3  2 -1  1  0 -1 -1 -1  3  0 -4  0  0  4  2 -2    6   4   3   3   6  11   3  13   3   4   4   3   9   4   0   6   7   5   7   3  0.19 0.17
   95 Q   -1  0 -1 -1 -6  5  1 -2  0 -2 -2  0 -1 -2 -1  1 -1  1 -1 -2    5   4   3   3   0  30   8   3   2   3   5   5   2   2   3  11   4   2   2   3  0.43 0.35
   96 G    0 -1 -1  0  1 -1 -1  1  2 -2 -2 -2  0  0 -2  1 -1  4  4 -2    9   4   3   5   3   3   4  11   4   3   4   3   3   4   3  10   3   6  15   3  0.27 0.23
   97 T   -1  0  0  0  2  0  0 -1  2  0 -1  0  2  1  0 -1  0  4  1 -1    5   5   5   5   5   5   5   5   5   5   5   5   5   5   5   5   5   5   5   5  0.09 0.08
   98 H    0  0  0  0 -3  0  0  0  1  0 -1  0 -1  0  0  0  0  3  1 -1    5   5   5   5   0   5   5   5   5   5   5   5   0   5   5   5   5   5   5   5  0.03 0.09
   99 F   -1 -1  0 -1  1 -1 -2 -2  1  0  0 -2  0  1 -1  1  1  3  3  0    4   4   4   4   3   3   3   4   3   6  10   3   2   6   4   9   8   4  10   6  0.12 0.11
  100 P    0  0  0  0  2 -1  0  0  2  0 -1  0  1 -2  0  0  0  3  1  0    6   6   5   6   5   0   6   6   5   6   6   6   5   0   6   6   6   5   5   6  0.07 0.11
  101 Y    0  0  0  0  2  0  0 -1  2  0 -1  0 -2  0  0  0  0  3  1 -1    5   5   5   5   5   5   5   5   5   5   5   5   0   5   5   5   5   5   5   5  0.06 0.08
  102 T    0 -1 -1 -1  1  0 -1 -2  1  0 -1 -1  1 -1 -1  0  3 -4  0  2    6   3   3   3   3   3   4   3   4   5   5   3   3   3   3   6  22   0   3  14  0.16 0.21
  103 F   -2 -2 -5 -2  1 -1 -5 -3  0  0 -2 -5  0  7 -2 -2 -1  5  1 -1    3   2   0   2   3   4   0   3   3   5   3   0   3  43   3   3   4   7   3   5  0.97 0.58
  104 G   -1 -2 -2 -2  2  1 -2  5  1 -2 -2 -2 -4 -2 -2 -1  0 -5 -5 -1    4   2   2   2   5   8   2  45   3   2   4   2   0   2   2   4   6   0   0   5  0.66 0.47
  105 G   -1 -1 -2 -2 -2  3 -1  3  0 -2 -2 -2  0 -2  1  1  0 -5 -1 -3    4   3   2   1   1  17   4  25   2   2   3   2   2   2   8  10   6   0   2   2  0.34 0.35
  106 G   -1  0 -1 -2 -6  0 -2  5 -1 -3 -3 -2 -2 -6  2  0  0 -6 -6 -4    5   5   3   2   0   4   3  48   1   2   3   3   1   0   9   5   5   0   0   1  0.77 0.52
  107 T   -2 -1 -2 -3 -6  2 -3 -4 -2 -3 -3 -3  1 -3 -2 -2  7 -6 -1 -3    2   3   1   2   0   9   1   2   1   2   2   1   3   1   2   3  60   0   2   1  1.25 0.84
  108 K   -2  1  0 -3 -1  2  1 -2  2 -4 -3  4  1 -5 -4  0  2  0 -4 -1    3   8   4   1   2   8   7   2   5   0   2  27   4   0   0   6  15   1   0   5  0.46 0.41
  109 L   -3 -2 -1 -4 -1 -1 -2 -5 -4  0  4  1  0 -2  0 -1  2 -5 -4  2    1   1   3   0   1   3   2   0   0   4  37   9   2   1   4   4  13   0   0  14  0.42 0.37
  110 E   -2 -3  0 -1  1  1  2 -3  0 -2 -3  0 -1 -4 -1  2  4  0 -3 -1    2   1   3   3   2   6  14   2   2   2   2   4   2   1   4  13  30   1   1   3  0.46 0.42
  111 I   -2 -4 -3 -3  0 -4 -4 -3 -1  3  1 -2 -1  0  0  1  0 -1 -4  3    2   0   1   1   2   0   0   2   2  18  14   3   1   3   5  14   6   1   0  25  0.40 0.34
  112 L   -1  0 -3 -2 -2  2 -1 -2 -2 -2  3  3 -2 -2 -1  0  0 -1 -2 -2    5   5   1   2   1   9   4   3   1   1  30  18   1   2   3   7   5   1   1   2  0.30 0.30
  113 R    0  0  1 -2  2  1  0  0  2 -2 -1  0 -1  1  1  0  0 -2  1 -1    6   6   6   0   6   6   6   6   6   0   6   6   0   6   6   6   6   0   6   6  0.07 0.11
  114 A    0  0  0 -1  1  1  1  0  1 -3 -2  0 -2 -1  1  1  0  2  0 -1    8   6   3   3   3   5  10   8   3   0   4   4   0   3   8  13   6   3   3   4  0.09 0.15
  115 D    0 -1 -1  1 -3  0 -1  0  1 -3  0  0 -2 -3  3  1  1  3 -3  0    5   3   2   8   0   3   3   6   4   0   9   6   0   0  17  13   8   5   0   7  0.23 0.24
  116 A    2  0 -2 -1  2  0 -1 -1 -3 -1  0  0 -2 -1  1  2  0 -4 -3  0   18   6   0   3   5   5   2   4   0   2   9   4   0   3   7  18   6   0   0   8  0.15 0.20
  117 A    2  0  0  0  3  0 -1  1  0 -2 -1  0  0 -3  0  1  0 -4 -3 -1   20   5   3   4   8   3   2  10   2   1   7   5   2   0   5  14   4   0   0   4  0.15 0.18
  118 P   -4 -2 -4  2 -5 -1 -1 -3 -5 -2 -3 -2 -5 -6  7  0 -2 -6 -5 -5    0   3   0  12   0   3   3   2   0   3   3   3   0   0  58   6   2   0   0   0  1.46 0.71
  119 T    0 -1 -1 -3 -3  0 -1  0  1  0 -1 -2 -2 -3  0  3  2  3 -3  0    8   2   2   0   0   4   3   7   4   7   5   0   0   0   5  29  13   4   0   5  0.27 0.29
  120 V    0 -4 -2 -4  0 -2 -2 -1 -5  0  1 -3  1 -3  0 -2  0 -5 -4  5    8   0   2   0   2   2   2   4   0   3  11   1   3   0   5   2   5   0   0  49  0.57 0.41
  121 S   -1  0 -1 -1 -1  0 -3 -2  0 -2  0 -1  3  1 -2  2  3  3 -2 -2    4   5   2   3   1   4   0   1   2   2   9   2   8   7   1  20  22   4   1   1  0.27 0.30
  122 I   -2 -1 -2 -4  0 -2 -3 -2  0  2  3 -4  2 -2 -2 -2  1 -4  0  2    2   3   2   0   2   2   1   3   2  12  36   0   4   1   2   2   8   0   3  14  0.37 0.29
  123 F   -3 -2 -3 -5  0  3 -2 -4  1 -1  2 -4 -1  6 -5 -1 -2  1  1 -1    1   1   1   0   3  14   2   1   3   2  19   0   1  36   0   5   2   2   3   3  0.70 0.45
  124 P    0 -4 -4 -4  4  0 -4 -1  0 -5 -3 -2 -5 -5  6  1 -1  4 -1 -5    6   0   0   0  10   5   0   5   2   0   3   2   0   0  43  11   4   5   2   0  1.07 0.58
  125 P   -1 -2 -5 -5 -6 -2 -2  0 -5 -6 -2  0 -5 -6  7  0 -4 -7 -6 -5    5   2   0   0   0   2   3   6   0   0   5   5   0   0  64   8   0   0   0   0  1.66 0.76
  126 S    2 -2 -1 -2 -4 -1 -1 -2 -2 -5 -1 -1 -4 -3 -1  5 -2  0 -5 -4   13   2   2   2   0   3   3   2   1   0   8   4   0   1   2  56   0   1   0   0  0.80 0.57
  127 S    1 -2 -2 -1 -4  0  0 -1 -1 -4 -2  0 -1 -4  2  4  1 -5 -1 -3   13   1   1   3   0   4   5   4   1   0   3   7   2   0  10  36   7   0   2   1  0.42 0.36
  128 E    0 -1 -2  1 -5  2  5 -2 -3 -3  0  0 -2 -4 -3  1 -1 -5 -4 -3    6   2   1   8   0   9  41   2   0   1  13   4   1   0   1  10   2   0   0   1  0.56 0.39
  129 Q    0  0 -3 -1 -4  4  4 -2 -3 -2 -1 -2 -1 -2 -1  2 -2 -5 -4 -3    7   4   0   2   0  21  32   2   0   2   8   0   1   1   2  14   1   0   0   1  0.52 0.40
  130 L   -1 -3 -4 -3  0 -2 -2 -5 -4  1  4 -4  2 -2 -4  0 -2 -4 -3  2    5   1   0   2   2   2   2   0   0   7  51   0   4   0   1   7   2   0   0  14  0.56 0.36
  131 T    0 -1  0 -2 -1  3  0 -1  1 -4 -2  1  0 -4  0  4  0 -4 -3 -3    6   1   3   1   1  18   3   3   3   0   5  10   3   0   5  33   5   0   0   0  0.41 0.34
  132 S    2 -3 -1 -2 -3  1 -1  1 -3 -3 -2 -2  0 -4  1  2  2 -4 -4 -1   17   0   1   1   0   9   2  13   0   0   4   1   3   0   8  20  16   0   0   5  0.32 0.28
  133 G   -2 -2  4  0 -5 -1 -1  5 -1 -5 -4 -1 -4 -5  2  0 -3 -5 -3 -5    0   1  21   5   0   3   3  41   1   0   2   3   0   0   9   8   0   0   1   0  0.74 0.40
  134 G    0  1  0 -1 -4  1  1  0  0 -3 -3  3 -2 -3 -3  2  2 -2 -3 -2    5   5   3   3   0   6   9   7   3   0   2  25   1   1   0  15  15   1   0   1  0.31 0.25
  135 A    5 -4 -4 -4 -3 -4 -4 -2 -4 -1  0 -4 -3 -2 -2 -1 -2 -5 -4  3   60   0   0   0   0   0   0   1   0   1   7   0   0   2   2   4   0   0   0  23  0.88 0.49
  136 S   -1  0 -2 -3 -4 -1 -3 -4 -4 -3 -4 -1 -2 -5 -4  3  6 -5 -4 -3    3   6   0   0   0   3   0   0   0   1   0   2   1   0   0  25  58   0   0   0  1.11 0.56
  137 V   -1 -4 -5 -5  1 -4 -4 -5 -5  3  4 -4  2 -2 -4 -4 -3 -4 -3  3    5   0   0   0   3   0   0   0   0  19  48   0   3   0   0   0   0   0   0  19  0.76 0.35
  138 V   -2 -3  0 -3 -3 -3 -3 -3 -4  1  0 -1  0 -2 -4  1  2 -4 -3  5    1   0   6   0   0   0   0   1   0   4   8   3   2   1   0  14  12   0   0  47  0.51 0.33
  139 C   -1 -7 -7 -7 11 -7 -7 -6 -7 -5 -5 -7 -5 -6 -7 -5 -5 -6 -6 -5    4   0   0   0  96   0   0   0   0   0   0   0   0   0   0   0   0   0   0   0  3.75 1.00
  140 F   -2  0 -3 -4 -3 -1 -3 -4 -1  0  4  1  1  2 -4  0 -2 -3 -2 -1    3   4   0   0   0   2   0   0   1   1  53  11   3   8   0  10   1   0   0   3  0.46 0.29
  141 L    3 -4 -3 -4  1 -3 -3 -3 -4  3  2 -2  1 -2 -4  0 -2 -4 -3  1   31   0   0   0   3   0   0   0   0  22  24   1   3   0   0   7   0   0   0   8  0.45 0.28
  142 N   -2 -1  4 -1  3  0 -2 -2 -2 -5 -5 -1 -4 -1 -4  5  0 -5 -4 -4    0   2  23   2   6   5   1   2   0   0   0   1   0   3   0  51   3   0   0   0  0.82 0.43
  143 N   -2  1  3  4  2  0  0  2 -2 -5 -4  0 -4 -5 -3  1 -2 -5 -4 -4    1   7  13  32   6   4   3  19   1   0   0   7   0   0   0   9   0   0   0   0  0.56 0.27
  144 F   -4 -5 -2 -5 -5 -5 -5  0 -3 -3 -2 -5 -3  8 -5  0 -4  3  3 -3    0   0   2   0   0   0   0   9   0   0   2   0   0  66   0   8   0   4   8   0  1.41 0.49
  145 Y   -3 -2 -3 -4 -2 -3 -4 -3  0 -3 -3 -3 -3  3 -4  2  1 -1  7 -1    0   2   0   0   1   0   0   1   2   0   0   1   0  13   0  18   8   0  49   5  1.01 0.40
  146 P   -3 -4 -4 -4 -5 -4 -3 -5 -5 -1 -4 -3 -4 -2  8 -1 -3 -6 -5 -3    0   0   0   0   0   0   1   0   0   4   1   0   0   2  84   5   0   0   0   2  2.27 0.57
  147 K    0  2 -1  0 -1  1  0  3 -1 -3 -3  1 -3 -2  0  2 -1 -3 -3 -3    4  15   1   5   1   5   5  27   1   0   1   8   0   2   5  17   2   0   0   0  0.32 0.15
  148 D    0 -1  0  3 -3  0  1  2 -2 -2 -3 -2 -2  1  0  1  0 -3 -1 -2    8   2   2  21   0   4   7  20   0   2   1   0   0   8   5   9   7   0   1   1  0.25 0.15
  149 I    2 -3 -4 -4 -2 -3 -2 -3 -3  2  1 -3  0 -1 -3  0 -2  4  1  3   22   0   0   0   0   0   2   0   0  13  11   0   2   1   0   5   0   7   6  31  0.39 0.22
  150 N   -1  0  1  1 -3  1  1 -3 -2 -3 -3  1  0 -1 -3  1  4  3  1 -2    3   3   8   7   0   5   7   0   0   0   1  10   2   2   0   7  34   4   5   1  0.33 0.21
  151 V   -3 -5 -5 -6 -3 -4 -5 -6 -5  2  2 -5  1 -3 -5 -4 -2 -5 -3  6    0   0   0   0   0   0   0   0   0   8  17   0   2   0   0   0   0   0   0  73  1.17 0.40
  152 K    2 -1  0 -1 -2  1  0 -1  1 -2 -2  2 -2 -3 -2  2  2 -4 -3 -1   24   0   3   1   0   7   3   2   4   2   4  14   0   0   1  19  12   0   0   3  0.25 0.17
  153 W   -6 -6 -7 -8 -6 -6 -7 -6 -6 -6 -4 -7 -5 -3 -7 -6 -6 13 -1 -6    0   0   0   0   0   0   0   0   0   0   1   0   0   0   0   0   0  99   0   0  4.55 0.91
  154 K   -1  1 -2 -3 -4  2 -1 -3 -3 -3 -1  6 -1 -4 -3  0  0 -4 -3 -3    4   3   0   0   0   9   2   0   0   0   9  59   1   0   0   4   7   0   0   1  0.73 0.33
  155 I    3  0 -3 -3 -2 -2  0 -2  0  1 -1  0 -1 -3 -3 -1 -1 -4 -3  4   29   4   0   0   0   1   7   1   3   4   3   7   1   0   0   1   1   0   0  37  0.34 0.22
  156 D   -2 -1  2  7 -5 -2  0  0 -3 -5 -5 -2 -5 -5 -1 -1 -3 -6 -5 -5    3   3  10  70   0   0   2   5   0   0   0   0   0   0   3   3   0   0   0   0  1.29 0.40
  157 G   -2 -4  1  0 -2 -1 -3  6 -3 -5 -5 -3 -2 -5 -4  0 -3 -5 -5 -5    0   0   6   4   1   3   0  75   0   0   0   1   1   0   0   6   1   0   0   0  1.32 0.39
  158 S    1 -1  1 -2 -2  2 -1  0 -2 -3 -3  1 -2 -4 -2  3  2 -4 -3  0   14   2   6   0   1  11   1   4   0   0   0   9   0   0   0  31  13   0   0   7  0.33 0.20
  159 E    1 -2 -2  0 -3 -1  2 -2 -3 -2 -1 -1 -2 -2  4  1  2 -4 -3 -1   15   1   0   3   0   2  14   1   0   1   6   1   0   1  25   9  15   0   0   5  0.41 0.19
  160 R   -1  1 -2 -3 -3  2 -2 -4 -3  2  0  1  0 -2  0  0  1 -4 -3  3    1   8   0   0   0  13   0   0   0  12   5   8   2   1   5   5   9   0   0  30  0.24 0.18
  161 Q    0  0  0 -1 -3  0 -1 -2 -3 -3 -2  1 -2 -4 -3  3  4 -4 -3 -2    7   3   3   1   0   4   1   1   0   1   3  10   0   0   0  29  36   0   0   1  0.50 0.27
  162 N    0  0  1  2 -3  3  0  1 -2 -3 -1 -1 -2 -4 -1  2  1 -4 -3 -3    4   4   5  12   0  16   2  13   0   0   9   2   0   0   1  23   8   0   0   0  0.26 0.17
  163 G   -2 -4  1  0 -3 -3 -3  6 -3 -2 -2 -3 -4 -4 -1  0 -3  1 -4 -4    1   0   8   5   0   0   0  66   0   3   5   0   0   0   2   6   0   2   0   0  0.99 0.34
  164 V   -1 -4 -4 -3 -3 -2 -1 -3 -4  3 -1 -3  0  0 -4  0 -1 -4  0  5    1   0   0   1   0   1   5   1   0  19   0   0   2   3   0   7   1   0   3  54  0.61 0.30
  165 L   -2 -1 -2 -1 -3  3  3 -3  2 -2  0  0 -2 -3 -3  0  0 -3  0  0    0   2   0   1   0  19  28   1   6   0  12   3   0   0   0   9   4   0   3  10  0.32 0.21
  166 N   -1 -2  2 -1 -3  0  0 -2  0 -3 -3 -1  0 -4 -3  2  5 -1 -3 -3    3   0  10   1   0   3   7   1   3   0   0   2   2   0   0  15  50   1   0   0  0.67 0.33
  167 S    0 -1 -2 -3 -3 -2 -2 -2 -2 -3 -4 -2 -3 -4 -3  5  5 -4 -4 -3    7   2   0   0   0   0   1   2   1   0   0   0   0   0   0  49  35   0   0   0  0.89 0.39
  168 W    0  0 -1 -1 -2  1 -1  1 -1 -1 -2  1 -1 -1 -1  1  1  2 -2  0    5   4   1   2   0   9   2  13   1   2   1  13   1   3   3  12  13   4   0  10  0.12 0.10
  169 T    0 -1 -2 -2 -3 -2 -1 -2 -3 -2  0 -2 -2 -3  5  0  3 -4 -1 -1    7   3   1   1   0   0   4   2   0   0  10   1   0   0  32   6  28   0   2   4  0.63 0.28
  170 D    2  0 -1  0 -3 -1  1 -1 -2 -3 -2 -1 -1 -1 -1  3  0  0 -2 -1   19   6   0   6   0   2  11   4   0   0   2   0   2   3   2  35   2   1   0   5  0.28 0.20
  171 Q   -1  0 -2 -3 -4  5 -1 -3 -2 -2 -1  4 -1 -3 -1  0 -1 -4 -3  1    3   3   0   0   0  31   1   0   0   0   6  30   1   1   3   6   2   0   0  13  0.53 0.30
  172 D   -3  1  0  3 -4  5  2 -3 -2 -4  0  0 -2 -4 -2  0 -2 -1 -3 -4    0   7   3  16   0  40   9   1   0   0  10   3   1   0   1   8   0   1   0   0  0.62 0.31
  173 S   -1  1 -1 -1 -3  3  0  2 -2 -2 -4 -1 -3 -4 -1  4 -1 -4 -3 -3    2   7   0   1   0  15   4  15   0   3   1   1   0   0   2  46   1   0   0   0  0.53 0.29
  174 K    0  0  0 -1 -2  0  0 -1 -1 -1 -2  2 -1 -2  3  1  0 -2 -2 -1    9   4   5   2   1   2   5   3   1   5   3  23   1   1  15  11   5   0   1   4  0.20 0.08
  175 D   -3 -3  5  6 -5 -2 -1 -3 -3 -5 -5 -2 -4 -2  0 -1 -3 -5 -4 -4    0   0  28  55   0   0   1   0   0   0   0   2   0   2   5   3   0   0   0   1  1.20 0.41
  176 S   -1 -1  4  0  0  2 -2  3  0 -4 -3  0 -3 -4 -3  2 -1 -4 -3 -4    3   2  25   4   2  10   0  25   2   0   1   4   0   0   0  20   1   0   1   0  0.49 0.24
  177 T   -2  3 -2 -3 -4 -1 -2 -4  0 -3  0  4 -1 -4 -3 -1  4 -4 -3 -3    1  15   0   0   0   2   0   0   2   0  10  30   1   0   0   2  36   0   0   0  0.63 0.32
  178 Y   -5 -5 -5 -6 -5 -4 -5 -6 -1 -4 -3 -5 -4  4 -6 -3 -4 -1  9 -4    0   0   0   0   0   0   0   0   0   0   1   0   0  16   0   2   0   0  79   0  2.30 0.65
  179 S    2 -2 -1 -3 -3  0 -2 -2  0 -2 -2 -1  3 -4 -3  5  0 -4 -3 -1   20   0   1   0   0   5   0   1   2   2   2   2   9   0   0  50   3   0   0   4  0.58 0.33
  180 M    3 -1 -3 -3  0 -1 -1  0 -2  1  1 -2  1 -2 -3  0 -1  5 -2  0   31   3   0   0   2   3   3   5   1   7  19   0   4   0   0   5   1   9   0   7  0.27 0.19
  181 S   -1 -4 -1 -3 -4 -3 -3 -3 -4 -5 -3 -3 -4 -5 -4  7  0 -6 -5 -4    1   0   1   0   0   0   0   0   0   0   2   0   0   0   0  92   4   0   0   0  1.61 0.60
  182 S   -2 -3 -2 -3 -4 -3 -3  0 -4 -5 -5 -1 -4 -5 -4  7 -1 -6 -5 -5    0   0   0   0   0   0   0   8   0   0   0   2   0   0   0  90   0   0   0   0  1.59 0.60
  183 T   -3 -4 -3 -4 -2 -3 -4 -4 -1 -2 -2 -3  0  0 -4  0  4 -2  7  0    0   0   0   0   1   0   0   0   1   1   3   0   2   3   0   8  34   0  41   7  0.96 0.41
  184 L   -4 -5 -6 -6 -4 -5 -5 -6 -5 -1  6 -5  1 -2 -5 -3 -4 -4 -4 -1    0   0   0   0   0   0   0   0   0   0  94   0   2   0   0   2   0   0   0   2  1.49 0.50
  185 T   -1  1 -1 -2 -3 -2 -2 -3 -1 -3 -4  1 -3 -4 -3  3  5 -5 -4 -3    3   7   1   0   0   0   0   0   2   0   0   8   0   0   1  28  50   0   0   0  0.86 0.40
  186 L   -2 -1 -5 -5 -3 -4 -5 -5 -5  3  5 -4  2 -2 -5 -4 -3 -4 -3  1    2   4   0   0   0   0   0   0   0  16  66   0   3   0   0   0   0   0   0   9  0.91 0.35
  187 T   -2 -3 -2 -2 -3  1 -1 -3 -3 -4 -4 -1 -2 -5  3  4  5 -5 -4 -3    0   0   0   1   0   7   2   1   0   0   0   2   1   0  16  31  39   0   0   0  0.82 0.38
  188 K    2  0 -2 -2 -3 -1 -1 -2 -2 -3 -3  2 -3 -4  3  2  1  1 -3 -2   24   4   0   1   0   1   2   1   1   0   1  16   0   0  17  20   8   2   0   2  0.42 0.23
  189 D    1 -2  0  3 -3  0  2 -1 -2 -3 -3 -1 -3 -1 -2  3  0 -4 -3 -1   16   0   3  23   0   4  12   3   0   0   1   0   0   3   0  24   5   0   0   5  0.38 0.22
  190 E   -1  0 -1  3 -5  5  4 -4 -2 -5 -5  1 -3 -5 -3 -1 -2 -5 -4 -3    3   3   1  19   0  29  32   0   0   0   0   7   0   0   0   2   1   0   0   2  0.84 0.35
  191 Y    0 -5 -6 -7 -5 -5 -5 -5 -4 -5 -5 -5 -4 -2 -6 -5 -5 12  5 -5    8   0   0   0   0   0   0   0   0   0   0   0   0   0   0   0   0  72  19   0  3.19 0.75
  192 E   -2  2  2  1 -4  1  3 -1  0 -3 -1  3 -1 -4 -3  0 -1 -4 -3 -3    1   9  14   7   0   5  22   3   1   0   6  22   2   0   0   6   2   0   0   1  0.38 0.20
  193 R    0  1 -1  1 -3 -1 -1 -1 -3 -4 -3  3  2 -4 -2  4  0 -5 -4 -3    4   5   0   9   0   1   1   3   0   0   1  22   7   0   1  43   2   0   0   0  0.53 0.30
  194 H    1  1 -1  0 -4 -2 -2  1  7 -4 -3  0 -3 -3 -3 -1 -1 -4  1 -2   12   6   2   6   0   0   0  12  38   0   1   6   0   0   0   4   2   0   6   4  0.64 0.29
  195 N   -1  0  2  1 -2  0  2  2  2 -4 -4  2 -3 -4 -2  2 -1 -4 -3 -3    4   4  12   7   1   3  15  14   5   0   0  17   0   0   0  17   1   0   0   1  0.33 0.17
  196 S    0  1 -1  0 -3 -1  1 -3 -2 -1 -1  0 -2 -3 -3  3  2 -2 -3  1    3   7   1   4   0   1   8   0   0   2   7   4   0   0   0  36  14   0   0  13  0.29 0.21
  197 Y   -4 -5 -5 -6 -5 -4 -5 -6 -2 -2 -3 -5 -3  4 -6 -4 -4 -1  8  2    0   0   0   0   0   0   0   0   0   0   1   0   0  14   0   0   0   0  69  15  1.88 0.56
  198 T    1 -3 -2 -2 -3 -2 -1 -3 -3 -1 -3 -2 -3 -3 -3  4  4 -4  2  0   10   0   0   1   0   0   2   0   0   3   0   0   0   0   0  41  29   0   7   6  0.62 0.33
  199 C   -4 -7 -6 -7 12 -6 -7 -6 -7 -5 -5 -7 -5 -6 -6 -4 -4 -6 -6 -4    0   0   0   0 100   0   0   0   0   0   0   0   0   0   0   0   0   0   0   0  3.80 0.84
  200 E   -2  1  0 -2 -5  5  4 -3  1 -3 -1  2 -2 -4 -3 -1 -1 -4 -3 -2    1   5   3   0   0  29  29   1   3   1   6  16   0   0   0   1   3   0   0   2  0.61 0.29
  201 A    2 -4 -4 -5 -3 -4 -4 -4 -5  1 -1 -4 -1 -3 -4 -3 -2 -5 -3  6   17   0   0   0   0   0   0   0   0   2   3   0   0   0   0   0   0   0   0  75  1.07 0.40
  202 T   -1  0  0 -2 -3  0 -2 -3 -3 -3 -3  1 -2 -4 -3  2  6 -4 -3 -2    1   4   3   1   0   3   0   0   0   1   0   9   0   0   0  15  59   0   0   1  0.83 0.35
  203 H   -4 -1 -1 -3 -5  1 -2 -4 10 -4  0 -3 -3 -3 -4 -3 -4 -4 -1 -4    1   2   2   0   0   5   1   1  76   0   9   0   0   0   0   1   0   0   0   1  1.99 0.53
  204 K   -1 -1 -1  1 -4  4  4  1  0 -4 -4  2 -3 -5  0 -1 -2 -4 -3 -3    4   1   2   7   0  23  29  11   2   0   0  14   0   0   4   2   0   0   0   1  0.55 0.25
  205 T    1 -3 -1 -2 -3 -2 -2  5 -3 -4 -4 -2 -3 -4 -1  3  1 -4 -4 -3    8   0   1   0   0   0   1  50   0   0   1   0   0   0   3  24   8   0   0   1  0.78 0.28
  206 S   -1 -1 -1 -1 -2  1 -1  1  0 -2  1  1 -1 -2 -2  2  0  3 -2 -1    1   2   2   2   0   9   1   9   3   1  21  12   0   0   1  26   3   4   0   2  0.18 0.15
  207 T   -1 -2  2  0 -3  1 -1 -2 -3 -3 -3 -2 -1 -4  0  2  5 -4 -3 -2    2   1   9   5   0   7   1   1   0   0   0   0   1   0   4  16  49   0   0   0  0.65 0.31
  208 S    1 -1  0 -1 -2  1  0 -1 -1 -2 -2  0 -2 -2 -1  4  2 -2 -1 -2    8   2   2   2   1   6   3   4   2   2   3   5   1   1   2  41  13   0   2   2  0.31 0.14
  209 P    0 -1 -1 -1 -2  0  0 -2 -2 -1 -1  0  0 -2  5  0  0 -2 -2 -1    6   3   2   2   1   4   8   3   1   4   5   5   3   1  37   4   8   0   1   4  0.53 0.12
  210 I   -1 -3 -4 -4 -2 -3 -3 -4 -4  3  2 -3  0 -1 -3 -3 -2 -3 -2  5    5   0   0   1   0   0   1   1   0  14  25   1   0   2   0   1   1   0   0  47  0.59 0.24
  211 V   -1 -1 -2  0 -3  1  4 -3 -2  0 -2 -1 -2 -4 -3  0  3 -4 -3  1    2   2   0   3   0   4  38   1   0   5   3   0   0   0   0   7  21   0   0  14  0.45 0.26
  212 K   -2  1 -2 -1 -5  3  1 -4 -2 -5 -4  6 -3 -4 -3 -2 -3 -4  0 -4    1   3   0   2   0  14   7   0   0   0   0  68   0   0   0   0   0   0   4   0  1.12 0.40
  213 S   -1 -2 -1 -3 -3 -2 -2 -3 -3 -2 -4  0 -3 -4 -1  4  5 -5 -4 -2    0   1   2   0   0   0   0   0   0   1   0   6   0   0   2  43  42   0   0   1  0.86 0.37
  214 F   -3 -4 -5 -5 -3 -4 -4 -5 -4  3  2 -4  0  4 -4 -4 -2 -3 -1  4    0   0   0   0   0   0   0   0   0  18  21   0   1  24   0   0   1   0   0  34  0.72 0.27
  215 N    1  2  3  0 -3  0  0 -1 -2 -2 -3  2 -2 -4 -2  2  0 -4 -3 -1   11  14  19   4   0   2   5   3   0   2   0  16   0   0   0  17   3   0   0   5  0.29 0.16
  216 R    0  5 -3 -3 -3 -1 -2 -4 -3 -3 -3  2 -2 -5  5 -2 -2 -5 -4 -4    8  40   0   0   0   0   0   0   0   1   2  15   1   0  31   2   1   0   0   0  0.98 0.34
  217 N    2 -1  1  1 -3  0 -1  1 -1 -3 -4  0 -3 -4 -2  4  1 -4 -3 -2   15   3   6   6   0   4   1  10   1   0   0   4   0   0   0  40   8   0   0   1  0.41 0.21
  218 E    0 -2 -1  1 -5  4  5 -1  0 -5 -4 -1 -3 -5 -3  0 -1 -5 -4 -4    6   0   1   6   0  21  52   4   2   0   0   0   0   0   0   5   3   0   0   0  0.86 0.33
  219 C   -3 -7 -6 -7 11 -6 -7 -6 -6 -4 -4 -6 -5 -6 -6 -4 -4 -5 -6 -4    0   0   0   0 100   0   0   0   0   0   0   0   0   0   0   0   0   0   0   0  3.61 0.74
