    1 T   -1 -3 -2 -3 -2 -2 -2 -3 -3 -2 -3 -2 -2 -4 -3  3  6 -4 -3  1    0   0   0   0   0   0   0   0   0   0   0   0   0   0   0  25  66   0   0   8  0.95 0.27
    2 H   -1 -2  2  0 -5  0  4 -3  7 -5 -5 -1 -3 -4 -3  1 -2 -5 -2 -4    4   0   8   3   0   2  28   1  40   0   0   3   0   0   0  10   1   0   0   0  0.94 0.28
    3 V   -1 -2 -3 -1 -2 -1  0 -1 -3  0 -1 -2  4  5 -4  0 -1 -2  0  2    3   2   0   3   0   1   9   4   0   5   1   2  14  29   0   7   3   0   1  15  0.31 0.18
    4 C    0  0  0  3 -2  1  2 -2  4 -3 -1  0 -2 -3  0  0 -1 -4 -2 -1    7   5   4  17   0   5  16   2  14   0   6   6   1   0   4   6   1   0   0   4  0.26 0.14
    5 Q   -2  2 -1 -1 -3  4  3 -1  0 -3  0  3 -2 -3 -2  0 -2 -4 -3 -3    1  13   2   2   0  20  19   4   2   1  10  19   1   0   1   4   0   0   0   0  0.42 0.21
    6 S    2 -2  0 -2 -3 -1  0 -2 -1 -3 -3  2 -3 -4  4  2  1 -5 -4 -2   22   1   3   1   0   2   5   2   1   1   1  15   0   0  19  15   9   0   0   2  0.44 0.24
    7 D   -2 -2  0  4 -4  0  3  2  0 -2 -4 -2 -4 -4  1 -1 -2 -4 -3 -3    2   2   3  29   0   2  24  16   2   3   1   1   0   0   8   3   2   0   1   1  0.56 0.27
    8 T    0 -4  3 -1  2 -2 -2 -2 -2 -4 -4 -3 -3 -5  6  1  2 -6 -4 -3    6   0  16   2   5   1   1   3   1   0   1   1   1   0  36  11  13   0   0   2  0.84 0.36
    9 H    0 -3 -1 -4  5  0 -3 -4  6 -2  2 -3 -2 -2 -4  0  2 -4  0  0    7   0   3   0  14   4   0   0  21   1  21   0   0   1   0   6  14   0   2   5  0.57 0.31
   10 I    0 -4 -3 -4  3 -4 -4 -1 -4  4 -2 -4 -1 -4 -4  3  2 -5 -4  3    5   0   0   0   6   0   0   4   0  26   1   0   1   0   0  23  15   0   0  18  0.57 0.32
   11 F   -4 -5 -6 -6 -4 -5 -6 -6 -5  5  2 -5  2  5 -6 -5 -4 -4 -1  1    0   0   0   0   0   0   0   0   0  40  20   0   4  26   0   0   0   0   1   9  1.14 0.42
   12 I   -1 -6 -6 -6 -2 -5 -5 -6 -6  4 -2 -5 -2  0 -5 -4  1 -5 -2  6    5   0   0   0   1   0   0   0   0  22   0   0   0   3   0   0   8   0   1  61  1.24 0.48
   13 I   -4 -6 -6 -6 -4 -5 -6 -7 -6  6  0 -6 -1 -2 -6 -5 -2 -6 -4  5    0   0   0   0   0   0   0   0   0  50   7   0   1   1   0   0   1   0   0  40  1.47 0.51
   14 M   -3 -5 -6 -6 -5 -5 -6 -6 -5  1  3 -6  3  7 -6 -5 -4 -3 -1  1    2   0   0   0   0   0   0   0   0   5  25   0   8  52   0   0   0   0   0   7  1.37 0.48
   15 G   -4 -6 -4 -5 -7 -6 -6  8 -6 -8 -8 -6 -7 -7 -6 -4 -6 -7 -7 -7    0   0   0   0   0   0   0 100   0   0   0   0   0   0   0   0   0   0   0   0  2.68 0.78
   16 A    7 -5 -5 -6 -3 -5 -5 -3 -6 -4 -5 -5 -4 -6 -5 -2 -4 -6 -5  2   87   0   0   0   0   0   0   0   0   0   0   0   0   0   0   0   0   0   0  12  1.79 0.67
   17 S   -3 -5 -3 -4 -5 -4 -4 -4 -5 -6 -6 -4 -5 -6 -5  6  4 -7 -5 -5    0   0   0   0   0   0   0   0   0   0   0   0   0   0   0  72  27   0   0   0  1.76 0.69
   18 G   -4 -6 -4 -5 -6 -6 -6  8 -6 -8 -7 -5 -7 -7 -6 -4 -5 -6 -7 -7    0   0   0   0   0   0   0  99   0   0   0   0   0   0   0   0   0   0   0   0  2.61 0.76
   19 D   -6 -4 -2  8 -7 -4  0 -5 -5 -7 -7 -4 -7 -7 -5 -4 -5 -8 -7 -7    0   1   0  93   0   0   6   0   0   0   0   0   0   0   0   0   0   0   0   0  2.62 0.79
   20 L   -5 -6 -7 -7 -5 -6 -7 -7 -6 -2  7 -6 -2 -3 -7 -6 -5 -5 -5 -3    0   0   0   0   0   0   0   0   0   0  99   0   0   0   0   0   0   0   0   0  2.11 0.70
   21 A    6 -4 -4 -5 -4 -4 -4 -3 -5 -5 -5 -4 -4 -5 -4  1  3 -6 -5 -3   69   0   0   0   0   0   0   0   0   0   0   0   0   0   0   8  20   0   0   0  1.39 0.58
   22 K   -2  4 -2 -4 -6  1 -2 -4  2 -6 -5  6 -3 -4 -4 -3 -4 -1 -2 -5    3  25   1   0   0   5   1   0   5   0   0  55   1   1   0   1   0   1   2   0  1.28 0.51
   23 K   -4  5  0 -4 -7 -2 -3 -4 -4 -6 -5  7 -5 -7 -4 -3 -4 -6 -5 -6    0  31   3   0   0   0   0   1   0   0   0  62   0   0   0   0   0   0   0   0  1.72 0.62
   24 K   -5 -1 -3 -5 -7 -3 -2 -6 -5 -7 -6  8 -4 -5 -5 -4 -4 -7 -6 -6    0   0   1   0   0   0   1   0   0   0   1  96   0   1   0   0   0   0   0   0  2.45 0.81
   25 I   -4 -5 -5 -4 -4 -5 -5 -6 -5  5  4 -5 -2 -3 -5 -4  4 -5 -4  0    0   0   0   1   0   0   0   0   0  30  39   0   0   0   0   0  28   0   0   3  1.05 0.45
   26 Y   -4 -5 -6 -6 -5 -5 -6 -6 -3  2  0 -5  4  6 -6 -5 -4 -2  6  0    0   0   0   0   0   0   0   0   0  10   8   0  12  36   0   0   0   0  27   7  1.33 0.48
   27 P   -5 -6 -6 -6 -7 -6 -5 -6 -7 -7 -7 -5 -7 -8  9 -5 -5 -8 -7 -7    0   0   0   0   0   0   0   0   0   0   0   0   0   0  99   0   0   0   0   0  3.39 0.96
   28 T    6 -4 -3 -5 -2 -4 -4 -3 -5 -5 -5 -4 -4 -6 -4  0  3 -6 -5 -3   75   0   1   0   0   0   0   0   0   0   0   0   0   0   0   4  18   0   0   0  1.52 0.61
   29 I   -4 -5 -6 -7 -4 -5 -6 -7 -6  3  6 -6 -1 -1 -6 -5 -4 -5 -4  1    0   0   0   0   0   0   0   0   0  17  71   0   0   1   0   0   0   0   0  10  1.38 0.50
   30 W   -5 -6 -5 -7 -4 -5 -6 -7 -4 -4 -3 -6 -2  7 -7 -6 -6  8  7 -5    1   0   1   0   0   0   0   0   0   0   1   0   1  43   0   0   0  20  32   0  2.22 0.68
   31 W    1 -2  2  2 -4  1 -1  1  3 -5 -4 -1 -4 -2 -4  0 -2  7 -1 -4   15   2  10  14   0   5   2  12   7   0   0   3   0   1   0   8   1  16   1   0  0.58 0.30
   32 L   -5 -6 -7 -7 -5 -6 -7 -7 -6 -2  7 -6  0 -3 -7 -6 -4 -5 -5 -3    0   0   0   0   0   0   0   0   0   0  96   0   2   0   0   0   1   0   0   0  2.01 0.68
   33 F    2 -2 -4 -5 -4 -4 -3 -4  1 -4 -3 -2 -3  6 -6 -4 -4  0  7 -4   15   2   0   0   0   0   2   1   2   0   1   3   0  33   0   1   0   1  38   0  1.37 0.52
   34 R   -2  5  2 -3  2  2 -2 -4 -1 -3 -2  2 -2 -3 -4 -2 -2 -4  3 -2    2  37  12   0   6   8   2   0   1   1   3  10   1   0   0   1   1   0  12   3  0.71 0.36
   35 D   -1  2  2  4 -5  2  3 -2  1 -3 -4 -1 -2 -4 -4  0 -3 -5 -4 -4    3  14   9  25   0   9  21   2   4   1   1   1   1   1   0   7   0   0   0   0  0.60 0.30
   36 G   -3  1  2  1 -6 -2 -3  6 -2 -6 -6  0 -5 -6 -5 -2 -4 -2 -6 -6    0   7  10   8   0   2   1  63   1   0   0   5   0   0   0   2   0   1   0   0  1.26 0.47
   37 L   -4  1 -3 -4  1 -1 -4 -5  1 -2  4 -1  0  4 -5 -4 -3  0  2 -2    0   9   1   1   3   3   1   0   3   0  46   4   1  18   0   1   0   1   6   1  0.66 0.33
   38 L   -5 -6 -7 -7 -4 -6 -6 -7 -6  0  7 -6  0 -3 -6 -6 -4 -5 -5 -2    0   0   0   0   0   0   0   0   0   4  92   0   2   0   0   0   0   0   0   1  1.87 0.64
   39 P   -2 -6 -4 -3 -4 -2 -5 -3 -4 -7 -6 -5 -6 -7  8 -2 -4 -8 -4 -6    2   0   1   2   0   2   0   2   0   0   0   0   0   0  85   3   1   0   1   0  2.60 0.80
   40 E   -1  0 -2  0 -4  0  4 -2 -1 -5 -5  3 -3 -5  4  0 -2 -5 -3 -4    5   5   1   5   0   4  28   2   1   0   0  17   0   0  22   6   1   0   0   0  0.67 0.32
   41 N   -2 -1  4  3 -5  1  1  2  4 -5 -5  0 -4 -5 -2  0 -1 -5 -3 -4    2   2  23  16   0   6   9  15  10   0   0   7   0   0   1   5   3   0   0   0  0.55 0.27
   42 T   -3 -5 -5 -4 -2 -5 -5 -5 -5  1 -1 -5 -1  6 -5 -3  4 -3 -2  2    1   0   0   0   1   0   0   0   0   8   5   0   1  40   0   1  25   0   0  16  1.05 0.44
   43 F    2  0  0 -2 -2  0 -2 -1  3 -2 -2  1 -2  0 -3  1  1 -3  1 -1   21   5   3   0   0   3   1   4  10   2   1   9   1   5   0  11  12   0   6   4  0.21 0.18
   44 I   -4 -6 -6 -6 -1 -5 -6 -6 -6  6  1 -5 -1  3 -6 -5 -4 -5 -3  3    0   0   0   0   2   0   0   0   0  52  13   0   0  11   0   0   0   0   0  20  1.24 0.45
   45 V   -3 -5 -6 -6  0 -5 -5 -6 -5  3  1 -5 -1  4 -5 -5 -2 -3  0  5    0   0   0   0   2   0   0   0   0  16  11   0   0  16   0   0   2   0   3  49  1.02 0.41
   46 G   -3 -6 -4 -5 -6 -6 -6  8 -6 -8 -7 -5 -7 -7 -6 -4 -5 -3 -7 -7    1   0   0   0   0   0   0  98   0   0   0   0   0   0   0   0   0   0   0   0  2.56 0.76
   47 Y   -3 -6 -6 -7 -4 -5 -6 -6 -3 -2 -2 -6 -3  5 -6 -5 -3 -2  8  2    2   0   0   0   0   0   0   0   0   1   3   0   0  24   0   0   1   0  53  16  1.77 0.61
   48 A    6 -5 -5 -5 -3 -4 -4 -1 -5 -5 -5 -4 -5 -6 -4  2 -2 -6 -5 -4   80   0   0   0   0   0   0   4   0   0   0   0   0   0   0  13   1   0   0   0  1.61 0.63
   49 R   -6  9 -5 -4 -8 -3 -4 -6 -4 -7 -6 -2 -6 -7 -4 -5 -5 -7 -6 -7    0  97   0   1   0   0   0   0   0   0   0   1   0   0   1   0   0   0   0   0  2.79 0.86
   50 S   -3  4 -3 -4 -4 -2 -3 -4 -4 -4 -5  0 -4 -6 -4  5  4 -6 -4 -4    0  26   0   0   0   1   0   0   0   0   0   6   0   0   0  43  23   0   0   0  1.10 0.51
   51 R   -2  0  1  4 -5  0  2 -3  1 -5 -5  4 -4 -4  1 -1 -2 -6 -4 -4    3   4   6  27   0   3  11   1   3   0   0  28   0   1   8   2   2   0   0   1  0.69 0.33
   52 L   -4 -1 -5 -6 -5 -3 -5 -6 -4  1  4 -1  6  0 -6 -5 -3  7  0 -2    0   3   0   0   0   1   0   0   0   8  34   4  24   3   0   0   1  17   3   1  1.16 0.46
   53 T   -1 -4  0  2 -4 -2  1 -3 -4 -4 -5 -3 -4 -5 -2  4  5 -6 -5 -4    3   0   3  13   0   1   8   1   0   0   0   1   0   0   2  27  41   0   0   0  0.90 0.45
   54 V   -3 -3  1  6 -3 -1 -1 -4  4 -1 -3 -2 -1 -3 -3 -2 -2 -6 -4  2    2   1   6  44   0   2   3   0  12   4   2   2   1   1   1   1   2   0   0  15  0.81 0.37
   55 A    1 -3 -1  4 -5  2  5 -3 -2 -5 -4 -1 -4 -5 -3 -2 -2 -6 -5 -2   13   0   1  24   0   9  41   1   1   0   1   2   0   0   1   1   2   0   0   3  0.91 0.42
   56 D   -1 -3 -1  5 -5  1  4 -2 -2 -5 -4 -1 -4 -3 -4  1 -2 -5  1 -4    5   0   1  32   0   7  31   2   0   0   1   2   0   1   0   8   2   0   4   0  0.80 0.37
   57 I   -4 -5 -6 -6 -5 -5 -6 -6 -4  3  3 -4 -1  7 -6 -4 -5  0  2 -2    1   0   0   0   0   0   0   0   0  14  24   1   1  50   0   1   0   1   6   1  1.36 0.48
   58 R    0  7 -4 -5 -5 -1 -2 -3  3 -2 -3  1 -3 -5 -5 -3 -4  2 -4 -4    8  62   0   0   0   1   1   2   8   3   2   7   0   0   0   0   0   3   0   0  1.32 0.52
   59 K    1  0  1  2 -5  2  4 -2 -1 -4 -4  3 -4 -5 -3  1 -1 -5 -4 -4   10   3   8  10   0  11  25   1   1   0   1  18   0   0   0   8   3   0   0   0  0.53 0.28
   60 Q    0  4 -1 -2 -4  3  0 -3  1  0 -2  2  2 -2 -3  0 -2 -4 -1  0    6  22   1   0   0  12   5   1   4   5   2  16   7   1   0   7   1   0   1   7  0.34 0.22
   61 S   -1 -4 -5 -5  4 -3 -4 -5 -4  4  1 -4  3 -1 -5  0 -2 -4 -3  3    4   0   0   0   9   1   1   0   0  29  10   1   9   3   0   7   1   0   0  25  0.67 0.31
   62 E    0  3 -1 -1 -3  0  1 -2  3 -2 -1  1 -1 -3 -3  1  0 -4 -1 -1    8  17   2   3   0   4  10   1  10   1   8  10   1   0   0  13   7   0   2   3  0.23 0.17
   63 P    0 -1 -2  2 -4  2  2  0 -1 -4 -3  2 -3 -5  4  1 -1 -5 -4 -4    6   2   1  10   0  10  15   7   1   0   2  11   0   0  20  12   2   0   0   0  0.49 0.25
   64 F    1 -3  1 -3 -3 -2 -3  0  3 -3 -3 -2 -3  4 -4  1  1 -1  6 -3   13   0   6   1   0   1   1   7   6   1   0   2   0  17   0   9   9   1  27   0  0.60 0.31
   65 F   -2 -4 -5 -5  2 -4 -5 -4 -4  3  4 -4  4  2 -5 -1 -3 -4 -2  2    1   0   0   0   4   0   0   1   0  16  37   0  11  10   0   5   0   0   0  15  0.68 0.31
   66 K   -2  3 -2 -1 -3  0  1 -3 -3 -4 -4  6 -3 -5 -3 -1  2 -5 -4 -4    1  14   1   2   0   3   8   1   0   0   1  49   0   0   1   4  14   0   0   0  0.89 0.40
   67 A    1  2  0 -2  5 -1  0  0 -1 -1 -2  0 -2 -2 -2 -1  1 -4  0  2   10  15   4   1  13   1   6   7   1   3   2   3   0   1   1   4   8   0   4  16  0.19 0.16
   68 T    0  3  0  0 -3  0  0  0 -1 -3 -2  2 -2  0 -1  0  3 -4 -3 -2    8  17   3   4   0   3   4   6   1   0   3  11   1   4   3   4  25   0   0   2  0.26 0.19
   69 P   -1 -3 -1  2 -3 -2  1 -2 -2  1 -3  0 -2 -4  5  1 -1 -5 -4 -1    5   0   3  13   0   1   8   3   1   9   2   7   1   0  29  10   2   0   0   5  0.51 0.25
   70 E    0 -2  0  4 -4  0  3  0 -1 -2 -3  0 -3  2 -1 -1 -1 -3 -2 -2    7   1   3  26   0   3  20   6   1   3   2   5   0  12   2   4   3   0   1   2  0.36 0.22
   71 E   -2  2  1  4 -2  1  3 -3  3 -2 -3  0 -2 -3 -2  0 -1 -5 -3 -3    2  11   5  22   1   6  25   1   7   2   1   6   1   1   1   6   2   0   0   1  0.49 0.25
   72 K    0  1  0  1 -3  2  4 -1  0 -4 -3  2 -2 -4  0 -1 -1 -4 -4 -3    7   6   4   8   1   9  34   5   2   1   2  12   1   0   3   3   3   0   0   1  0.45 0.24
   73 L    1 -1 -1  2  0  1  5 -2 -2 -4 -3  1 -3 -4 -1  0 -1 -5 -4 -3   12   2   2  10   2   4  42   3   1   1   3   7   0   0   3   6   2   0   0   1  0.56 0.29
   74 K   -1  2 -2 -2 -2  1 -1 -3  0 -1  0  4 -1 -2 -3 -1  0 -4 -2  2    3   8   1   2   1   5   3   0   3   3   8  34   1   2   0   3   6   0   1  16  0.34 0.23
   75 L   -3 -4 -5 -5 -2 -4 -4 -5 -4  1  3 -2  4  1 -5 -4 -4  9  1  1    2   0   0   1   1   0   0   0   0   6  30   3  10   5   0   0   0  28   4   9  1.12 0.41
   76 E    0 -1  2  3 -5  2  4 -3 -1 -5 -4  1 -4 -5 -3  0 -1 -5 -4 -4    8   3  10  17   0   8  34   1   1   0   1   6   0   0   0   8   3   0   0   0  0.62 0.30
   77 D    1  1 -1  1 -4  3  3 -2  0 -4 -4  1 -2 -5 -2  0 -1 -5 -4 -3   15   6   2   9   0  17  24   3   2   0   0  10   0   0   1   7   3   0   0   1  0.46 0.26
   78 F   -6 -7 -7 -8 -6 -7 -7 -7 -5 -4  1 -7 -4  9 -8 -6 -6 -3  0 -4    0   0   0   0   0   0   0   0   0   0  12   0   0  86   0   0   0   0   1   1  2.63 0.77
   79 F    2 -2 -4 -4  3 -3 -3 -3 -4 -1  3  0  0  3 -4  0 -2  4 -2 -1   19   2   0   0   6   1   1   0   0   3  31   7   1  15   0   6   1   6   0   2  0.40 0.25
   80 A    0  1  1  0 -4  3  3 -2 -1 -5 -4  3 -3 -5 -2  2 -1 -5 -4 -4    9   6   6   3   0  15  18   2   1   0   0  20   0   0   1  16   2   0   0   0  0.48 0.26
   81 R   -2  4 -1 -3 -2  0 -2  2  3  0  1  1  1 -3 -4 -2 -2 -4 -3 -2    2  27   3   0   1   4   0  19   9   5  13   7   3   1   0   2   1   0   0   2  0.37 0.23
   82 N   -3 -4  3 -4  6 -3 -4 -4 -3  2  2 -4  1  1 -5 -1  0 -4 -3  0    0   0  18   0  22   0   0   0   0  16  19   0   4   6   0   3   6   0   0   6  0.66 0.31
   83 S   -2  2 -2 -2 -3 -2 -1 -4  2 -2 -3 -1 -3  4 -4  2  2 -2  4 -2    1  13   1   1   0   1   3   0   6   1   1   3   0  19   0  20  12   0  16   1  0.52 0.30
   84 Y   -6 -6 -6 -7 -6 -6 -6 -7 -1 -5 -5 -6 -5  4 -7 -6 -5 -1 10 -5    0   0   0   0   0   0   0   0   1   0   0   0   0  13   0   0   0   0  85   0  2.93 0.83
   85 V   -2 -2 -4 -4  2  1 -2 -5  4  3  1 -2  1  0 -4 -3 -2 -4 -1  4    1   2   0   0   5   8   2   0  10  16  10   2   3   3   0   0   0   0   1  35  0.51 0.27
   86 A    2  0  0 -1 -2  2 -2 -2 -1 -4 -5 -1 -3 -4  2  4 -1 -4 -3 -4   18   5   4   2   1  12   0   1   2   0   0   1   0   0   9  41   2   0   0   0  0.61 0.34
   87 G   -1 -5 -4 -4 -5 -5 -5  7 -5 -2 -2 -5 -2 -3 -5 -1 -3 -6 -6 -3    3   0   0   1   0   0   0  80   0   3   5   0   1   1   0   3   1   0   0   2  1.62 0.53
   88 Q   -1 -1  2  3 -4  4  1  1 -2 -4 -4  1 -2 -5  0  1  0 -5 -4 -4    3   2  10  15   0  21   7  11   0   0   1   7   1   0   4  14   4   0   0   0  0.42 0.24
   89 Y   -4 -5 -5 -6 -3 -5 -5 -6 -1  0 -3 -4  0  5 -5 -4 -1 -2  8 -3    1   0   0   0   0   0   0   0   1   6   1   1   2  19   0   1   5   0  61   1  1.83 0.60
   90 D   -1 -3  2  7 -6 -3  0 -1 -1 -6 -6 -2 -5 -6 -4  0 -1 -7 -5 -5    5   1   8  65   0   0   3   4   2   0   0   1   0   0   0   7   3   0   0   0  1.37 0.49
   91 D   -2 -1  3  5 -4  1  1 -2 -2 -5 -5  0 -4 -5 -4  2  0 -5 -3 -4    2   2  13  38   0   6   8   3   1   0   0   5   0   0   0  15   5   0   1   1  0.72 0.32
   92 A    0  0 -2  4 -1  0  2 -1 -2 -2 -3  0 -3 -4  3 -1  0 -5 -4  0   10   5   0  24   1   2  15   4   0   1   2   5   0   0  15   4   4   0   0   7  0.38 0.21
   93 A    2 -2 -1  3 -4  0  4  0 -2 -4 -4  0 -3 -5 -2  0 -1 -5 -3 -2   16   1   2  19   0   3  37   6   0   1   1   3   0   0   1   5   3   0   0   2  0.58 0.30
   94 S    2 -3 -1  3 -3 -2 -1  3  0 -5 -4 -2 -3 -5 -3  3 -1 -5 -3 -3   18   0   2  18   0   0   2  27   3   0   1   1   0   0   0  24   2   0   0   1  0.62 0.31
   95 Y   -5 -6 -6 -7 -6 -6 -6 -6 -3 -3 -3 -6  3  8 -7 -6 -5  1  7 -3    0   0   0   0   0   0   0   0   0   0   0   0   6  57   0   0   0   1  32   1  2.10 0.64
   96 Q    1  1 -2  1 -3  3  2 -1 -1 -1 -2  1 -2 -3 -2  1  0 -4 -3  0   10   7   0   9   0  15  16   3   1   3   3   9   1   0   1   8   6   0   0   7  0.22 0.16
   97 R   -1  4  0 -1 -4  1  2 -2  0 -3 -2  4 -1 -4 -3 -1  0 -5 -3 -3    6  22   5   2   0   5  13   2   2   1   4  26   2   0   0   3   5   0   0   1  0.45 0.24
   98 L   -5 -6 -7 -7 -5 -5 -6 -7 -6 -1  6 -6  0 -1 -6 -6 -4 -5 -4 -1    0   0   0   0   0   0   0   0   0   1  93   0   1   1   0   0   0   0   0   3  1.81 0.60
   99 N    0  1  5  3 -4  0  0 -1 -1 -4 -3  2 -4 -5 -4 -1 -2 -5 -4 -3    9   9  33  15   0   2   4   3   1   0   2  16   0   0   0   3   1   0   0   2  0.60 0.29
  100 S    1  1  0  1 -2  2  2 -2 -1 -3 -3  3 -2 -3 -1  1  0 -4 -3 -2   15   5   3   7   1   9  14   2   1   0   1  20   0   1   2  12   5   0   0   2  0.31 0.19
  101 H   -1  3 -2 -2 -3  0  1 -3  5 -2  0  1 -2  1 -4 -1  1 -3  0 -2    6  17   0   1   0   3   9   1  19   2   8   8   0   7   0   2  11   0   3   2  0.34 0.22
  102 M   -3 -5 -6 -6 -1 -5 -5 -6 -5  4  5 -5  4 -2 -5 -4 -2 -5 -3  1    0   0   0   0   1   0   0   0   0  24  50   0  13   0   0   1   2   0   0   9  1.03 0.39
  103 N    0  0  1  2 -2  1  3 -2 -1 -3 -1  2 -2 -4 -3  0  0 -4 -3 -2    8   3   8  12   1   5  27   2   1   0   7  12   0   0   0   8   4   0   0   1  0.32 0.20
  104 A    1  0 -1  1 -4  2  4 -2 -1 -3 -4  2 -3 -4 -3  1 -1 -5 -4 -3   11   5   1   8   0   9  34   2   1   1   1  12   0   1   0  10   3   0   0   1  0.52 0.27
  105 L   -2 -2 -3 -5 -3 -1 -3 -5  2  2  4 -1  1  1 -4 -3 -2  0  1  0    1   2   1   0   0   2   1   0   5  15  50   5   2   5   0   2   1   1   4   3  0.55 0.27
  106 H   -4 -2 -1  2 -6  1  6 -4  3 -6 -5  1 -5 -5  1 -3 -3 -6 -3 -5    0   2   2  11   0   4  59   0   7   0   0   7   0   0   6   0   0   0   1   0  1.18 0.47
  107 L    0  3  0 -1 -2  1  0  2  1 -3 -2  2 -2 -1 -3  0 -1 -2  0 -3    9  23   5   3   1   6   4  17   3   1   2  12   0   3   0   5   3   0   3   1  0.27 0.17
  108 G    0 -1  0  0 -4 -1  1  5 -1 -4 -5  1 -3 -4 -4  0 -2 -5 -5 -5    6   2   4   4   0   2   9  53   2   1   0   7   1   0   0   6   2   0   0   0  0.80 0.33
  109 S    0  1 -1 -1  0 -1 -1 -1  0 -1 -3  1 -2 -2 -1  1  4 -4  1 -2    8   7   2   2   2   2   2   5   2   3   1  10   0   1   3   8  33   0   6   1  0.29 0.21
  110 Q   -1  2  0  0 -2  3  2  1  0 -2 -2  2  0 -3  1  0 -1 -4 -3 -2    4  10   4   4   1  14  14  13   2   1   3  11   3   0   6   6   1   0   0   3  0.23 0.15
  111 A    3  0 -2 -3  0 -2 -2  4 -2 -4 -4 -1 -4 -5  0  1  0 -5 -4 -1   24   4   1   1   2   1   2  38   1   0   0   3   0   0   4  10   4   0   0   4  0.58 0.28
  112 N   -4 -2  8 -1 -6 -1 -2 -3  2 -6 -7 -3 -5 -6 -5 -2 -4 -7 -5 -6    1   2  83   2   0   2   2   1   5   0   0   0   0   0   0   1   0   0   0   0  2.15 0.69
  113 R   -3  8 -4 -5 -1 -2 -4 -6  5 -5 -5 -1 -5 -1 -5 -4 -1 -4  0 -5    1  74   0   0   2   0   0   0  12   0   1   0   0   2   0   0   4   0   3   0  1.78 0.61
  114 L    1 -5 -5 -6 -3 -4 -5 -5 -5  4  4 -5  1 -2 -5 -4 -3 -4 -4  2   11   0   0   0   0   0   0   0   0  22  49   0   3   0   0   0   0   0   0  13  0.86 0.35
  115 F   -6 -6 -7 -5 -6 -7 -7 -7 -4 -4 -3 -7 -4  9 -7 -6 -6 -3  3 -5    0   0   0   1   0   0   0   0   0   0   1   0   0  89   0   0   0   0   9   0  2.75 0.76
  116 Y   -6 -6 -6 -7 -7 -6 -6 -7 -2 -6 -5 -6 -5 -1 -7 -6 -6 -2 10 -5    0   0   0   0   0   0   0   0   0   0   0   0   0   1   0   0   0   0  99   0  3.43 0.94
  117 L   -4 -5 -6 -7 -4 -5 -6 -7 -6 -1  6 -6  4  1 -6 -6 -4 -5 -3 -2    0   0   0   0   0   0   0   0   0   1  84   0   9   6   0   0   0   0   0   0  1.62 0.55
  118 A    6 -4 -4 -4 -4 -4 -4 -3 -5 -5 -5 -4 -4 -5 -4  4 -3 -6 -5 -2   64   0   0   0   0   0   0   0   0   0   0   0   0   0   0  34   0   0   0   1  1.41 0.56
  119 L   -3 -5 -5 -5 -3 -4 -5 -5 -5  3  4 -4  0 -3 -5 -3  2 -4 -4  3    0   0   0   0   0   0   0   0   0  18  46   0   1   0   0   0  14   0   0  20  0.86 0.36
  120 P    0 -6 -5 -5 -6 -2 -5 -5 -6 -6 -5 -5 -6 -7  8 -2 -5 -7 -6 -6    9   0   0   0   0   1   0   0   0   0   1   0   0   0  85   3   0   0   0   0  2.59 0.74
  121 P   -4 -6 -5 -5 -7  0 -5 -6 -2 -7 -7 -5 -6 -7  9 -3 -5 -7 -6 -6    1   0   0   0   0   5   0   0   1   0   0   0   0   0  92   1   0   0   0   0  2.89 0.77
  122 T   -1 -1  2  0 -4 -1  2 -2 -3 -4 -4  1 -4 -4 -3  5  2 -4 -4 -3    1   2  12   3   0   1  12   2   0   0   0   9   0   0   0  44  12   0   0   1  0.67 0.34
  123 V    1 -4 -4 -4 -3 -2 -4 -3 -4  2  1 -4  0  2 -4 -2 -2 -3 -1  5   12   0   0   1   0   1   0   1   0   7  13   0   1  11   0   2   1   0   2  45  0.55 0.27
  124 Y   -5 -6 -6 -7 -6 -6 -6 -6 -3 -3 -1 -6 -3  8 -7 -5 -5 -2  6 -3    0   0   0   0   0   0   0   0   0   1   5   0   0  64   0   0   0   0  28   1  2.09 0.60
  125 E    0 -2 -2 -2 -3  0  1  1  0  0  0 -1 -1 -3  4 -1  0 -4 -3  1    6   1   1   1   0   5  13  10   3   7   9   1   1   0  21   2   6   0   0  12  0.26 0.16
  126 A    0 -2 -1  3 -2  1  1 -2 -1 -1 -2 -1 -2 -4  3  0  1 -4 -3  0    6   0   2  23   1   5   8   1   1   2   4   2   1   0  15   8  11   0   0   9  0.34 0.19
  127 V    1 -5 -5 -6 -3 -5 -5 -4 -6  3 -2 -5 -2 -4 -5 -3 -2 -5 -4  6   11   0   0   0   0   0   0   1   0  18   0   0   0   0   0   1   2   0   0  66  1.23 0.46
  128 T    2 -4 -3 -4  4 -3 -3 -2 -4  1 -2 -3 -1 -4  0  2  3 -3 -4  1   21   0   0   0  11   0   0   2   0   8   2   0   1   0   5  14  22   0   0  13  0.44 0.25
  129 K    0  2 -1 -1 -2  2  2 -2  0 -3 -2  3 -2 -2 -3  1  0 -4 -2 -1    6  13   1   1   1  12  12   2   2   0   4  21   0   1   0  12   7   0   1   3  0.30 0.18
  130 N   -2  0  4 -2  4  4 -2  1  4 -4 -3 -1  0 -3 -3  1 -2 -4 -2 -4    1   4  25   0  10  22   1   9   9   0   1   2   3   1   1   8   1   0   1   0  0.59 0.30
  131 I   -1 -5 -6 -6 -3 -5 -5 -6 -5  5  5 -5 -1 -1 -5 -4 -3 -4 -3  0    6   0   0   0   0   0   0   0   0  31  58   0   0   1   0   0   0   0   1   3  1.09 0.40
  132 H    1  3 -1 -2 -1  0 -1  1  2 -5 -4  4 -3 -5 -3  1 -2 -5 -3 -4   14  18   1   1   1   3   1  12   7   0   0  30   0   0   0  12   0   0   1   0  0.54 0.27
  133 E    1  2  0  2 -4  1  2 -2  0 -3 -2  3 -3 -4 -2  0 -1 -4 -3 -3   12  12   4  11   0   6  18   1   2   1   4  21   0   0   1   4   3   0   0   0  0.36 0.19
  134 S    1 -1  2 -2  1  0 -2  0  6 -2 -2 -1 -3 -1 -3  2  0 -3  0 -1   13   3  12   1   4   3   1   6  23   1   3   2   0   2   0  14   6   0   2   4  0.36 0.22
  135 C    2 -3 -1 -3  7 -3 -3  4 -3 -3 -2 -3 -3 -5 -4 -1 -2 -5 -5  0   15   1   2   1  30   1   1  32   1   1   3   1   0   0   0   4   1   0   0   6  0.92 0.35
  136 M   -3 -3 -4 -5 -4  1 -4 -5 -2 -1  3 -3  7 -1 -5 -1 -1  0  4 -2    0   1   0   0   0   7   0   0   1   1  31   1  31   1   0   6   3   1  15   1  0.84 0.38
  137 S    2 -3  2  0 -2 -1 -2 -1 -2 -3 -2 -2 -3 -4  2  4  2 -4 -4 -2   16   0  10   4   1   2   1   3   0   0   3   0   0   0   9  35  13   0   0   2  0.45 0.26
  138 Q   -1  1  0  2 -4  3  3 -2  0 -4 -3  3 -2 -4  1  0  0 -4 -3 -3    2   6   3  10   0  15  21   2   1   0   1  18   0   0   5   6   7   0   0   1  0.40 0.20
  139 I   -1  1  2  2 -3  1  1  0  0 -2 -4  3 -3 -4  1  1  1 -4 -3 -3    3   6   9  13   0   4   9   6   2   2   0  20   0   0   6  10   8   0   0   1  0.29 0.15
  140 G   -1 -2 -2 -2 -3 -3 -2  6 -1 -4 -5 -2 -3 -5 -1  1 -2 -5 -5 -3    4   2   1   1   0   1   3  68   2   1   1   2   0   0   3   9   1   0   0   1  1.12 0.37
  141 W   -4 -4 -4 -5 -3 -4 -4 -3 -1  0 -3 -1 -3  1 -6 -4 -3 12  1 -2    1   1   1   1   1   1   1   2   1   7   1   5   0   4   0   1   1  65   3   3  2.50 0.62
  142 N    0  2  4 -1 -2 -1 -2 -3  1 -2 -3  1 -2 -4 -3  0  3 -4 -3 -1    7  14  25   2   1   2   0   0   3   1   1   7   1   0   0   6  24   0   0   4  0.46 0.24
  143 R   -4  8 -3 -4 -6 -2 -3 -5 -3 -6 -5  0 -4 -5 -5 -3 -4 -5 -4 -5    1  93   1   0   0   0   0   0   0   0   0   1   0   0   0   1   0   0   0   0  2.27 0.63
  144 I   -1 -4 -5 -5 -2 -4 -4 -5 -5  5  2 -4  0 -2 -4 -4 -2 -4 -3  4    3   0   0   0   0   0   0   1   0  32  23   0   0   1   0   0   1   0   0  37  0.85 0.31
  145 I   -3 -5 -5 -5 -3 -5 -5 -5 -5  6 -1 -5 -1 -3 -5 -4 -3 -5 -4  5    0   0   0   0   0   0   0   0   0  59   1   0   0   0   0   0   0   0   0  36  1.41 0.44
  146 V   -3 -5 -5 -5 -3 -5 -5 -6 -5  6 -1 -5 -1 -2 -5 -4 -3 -5 -4  5    0   0   0   0   0   0   0   0   0  49   1   0   1   1   0   0   0   0   0  46  1.35 0.44
  147 E   -4 -3 -3 -1 -6 -1  8 -5 -3 -6 -6 -2 -5 -6 -4 -3 -4 -6 -5 -5    0   0   0   2   0   0  95   0   0   0   0   0   0   0   0   0   0   0   0   0  2.19 0.66
  148 K   -4 -1 -3 -4 -6 -2 -2 -4 -4 -6 -5  8 -4 -6 -4 -2 -4 -6 -5 -5    0   0   1   0   0   0   0   0   0   0   0  95   0   0   0   2   0   0   0   0  2.12 0.64
  149 P   -4 -5 -5 -5 -6 -5 -4 -3 -5 -6 -5 -4 -6 -6  9 -4 -4 -7 -6 -5    0   0   0   0   0   0   0   2   0   0   1   0   0   0  95   0   0   0   0   0  2.96 0.73
  150 F   -5 -6 -6 -6 -5 -6 -6 -6 -4 -3 -3 -6 -3  9 -6 -5 -5 -2  0 -4    0   0   0   0   0   0   0   0   0   1   1   0   0  95   0   1   0   0   0   0  2.70 0.69
  151 G   -3 -5 -3 -4 -5 -5 -5  7 -5 -6 -6 -4 -5 -6 -5 -2 -4 -5 -6 -6    0   0   0   0   0   0   0  95   0   0   0   0   0   0   0   2   0   0   0   0  2.23 0.59
  152 R   -3  4 -2 -3 -3 -1 -2 -4  7 -4 -4  3 -2  1 -4 -1 -2 -3  3 -4    0  27   1   0   0   2   1   0  27   0   0  17   1   6   0   4   2   0   9   1  0.87 0.34
  153 D   -5 -2 -1  8 -6 -3 -1 -4 -4 -6 -6 -4 -6 -6 -4 -3 -3 -7 -6 -6    0   2   2  91   0   0   1   1   0   0   0   0   0   0   0   1   2   0   0   0  2.25 0.62
  154 L   -1 -4 -4 -3 -3 -3 -4 -3 -4  0  5 -4  0 -1 -4  0  0 -4 -1 -1    6   0   0   1   0   0   0   2   0   2  69   0   0   2   0   9   5   0   2   1  0.78 0.33
  155 Q    1 -1 -1  1 -4  2  4 -1 -1 -3 -2  1 -3 -4 -1  0 -1 -4 -3 -2   14   1   1   8   0  12  35   3   1   1   4   9   0   0   3   4   2   0   0   2  0.43 0.22
  156 S   -2 -4 -2 -3 -4 -3 -3 -3 -4 -5 -5 -3 -4 -5 -4  7  2 -5 -4 -4    0   0   0   0   0   0   0   0   0   0   0   0   0   0   0  85  10   0   0   0  1.63 0.57
  157 S    5 -3 -2 -3  1 -3 -3 -2 -3 -4 -4 -3 -3 -1 -3  5 -2 -4 -2 -3   46   0   1   0   3   0   0   1   0   0   0   0   0   3   0  42   0   0   1   0  0.97 0.41
  158 D    0  4  1  0 -3  3  1 -2  1 -2 -2  2 -2 -4 -3 -1 -2 -4 -2 -3    8  29   7   4   0  15  11   1   3   2   3   9   1   0   0   2   1   0   1   1  0.42 0.21
  159 R    1  1 -1  0 -4  2  5 -3 -1 -3 -3  2 -2 -4 -3 -1 -1 -2 -3 -2   11   6   1   3   0  11  41   1   1   1   1  14   1   0   0   3   2   1   0   3  0.58 0.26
  160 L   -4 -4 -5 -6 -4 -4 -5 -6 -5 -1  6 -5  2 -1 -5 -5 -4 -4 -3 -1    0   0   0   0   0   0   0   0   0   1  90   0   3   1   0   0   0   0   0   2  1.51 0.48
  161 S   -1 -2  5  0 -3  2 -2 -2 -2 -3 -2 -2 -1 -5 -2  3  2 -5 -4 -2    3   0  31   5   0  10   0   1   0   1   3   0   1   0   1  24  15   0   0   2  0.60 0.31
  162 N    1  3  2  2 -3  2  1 -1  1 -3 -3  2 -3 -4 -3  0 -1 -4 -3 -2   13  15  11  10   0  10   7   3   3   1   1  13   0   0   0   7   3   0   0   1  0.31 0.17
  163 H    0 -2 -1  0 -1  2  1 -1  6  0 -2 -1 -2 -3 -3  1 -1 -4 -1  0    9   1   1   6   2   9  10   4  23   6   2   3   0   0   0  12   3   0   1   9  0.31 0.20
  164 I   -3 -5 -6 -6 -1 -5 -5 -6 -5  3  5 -5  1 -1 -5 -5 -3 -4 -3  3    0   0   0   0   1   0   0   0   0  17  56   0   2   1   0   0   0   0   0  22  1.02 0.36
  165 S    1  0  1 -1  1  1  1  1  3 -3  0  1 -1 -3 -3  1 -1 -4 -2 -2   13   5   6   1   4   6   9   9   8   0  10  11   1   0   0  15   2   0   0   0  0.17 0.13
  166 S    0  1 -1 -1 -2  2  2 -1  0 -4 -3  2 -2 -3  2  3 -1 -4 -3 -3    7   7   2   2   1  13  13   3   2   0   1  12   0   1  10  24   2   0   0   1  0.34 0.19
  167 L   -1 -2 -2 -2 -1 -2 -2 -4  2  0  3 -1  0  0 -4 -2 -2 -2  3  3    5   2   2   3   1   1   1   0   6   2  33   4   1   2   0   1   1   0  11  23  0.30 0.19
  168 F   -4 -5 -5 -6  2 -5 -5 -5 -4 -2  1 -5 -2  8 -6 -5 -4  6  1 -3    0   0   0   0   5   0   0   0   0   1  13   0   0  64   0   0   0  12   2   0  1.72 0.49
  169 R   -1  2  0  2 -3  1  2 -2  1 -3 -3  2 -2 -4  2  1  2 -4 -2 -3    5  11   3  10   0   4  12   1   4   0   1  15   0   0  10   9  13   0   1   1  0.32 0.16
  170 E   -2 -3 -3 -2 -6 -1  7 -5 -3 -6 -6 -2 -5 -6  1 -3 -4 -6 -5 -5    2   0   0   0   0   0  87   0   0   0   0   0   0   0   7   1   0   0   0   0  1.86 0.59
  171 D   -2 -1  0  5 -5  0  4 -2  2 -5 -5  1 -4 -5 -1  1 -2 -5 -4 -4    1   2   4  33   0   2  25   2   6   0   0  10   0   0   2  10   0   0   0   0  0.72 0.29
  172 Q   -2 -2 -2 -1 -5  7  4 -4 -1 -5 -5 -2 -4 -5 -4  0 -3 -5 -4 -5    3   0   1   2   0  59  25   0   1   0   0   0   0   0   0   7   1   0   0   0  1.40 0.50
  173 I   -3 -5 -5 -5 -3 -4 -5 -5 -5  6  1 -4  0 -2 -2 -4  0 -5 -3  3    0   0   0   0   0   0   0   0   0  55  12   0   1   0   2   0   7   0   0  21  1.01 0.36
  174 Y   -5 -5 -5 -6 -6 -5 -6 -6  2 -4 -4 -5 -4  6 -7 -5 -5  0  8 -4    0   0   0   0   0   0   0   0   5   0   0   0   0  34   0   0   0   0  60   0  2.26 0.63
  175 R   -5  8 -4 -5 -7 -2 -4 -6 -4 -7 -6 -1 -5 -6 -6 -1 -4 -6 -5 -6    0  96   0   0   0   0   0   0   0   0   0   0   0   0   0   4   0   0   0   0  2.51 0.71
  176 I   -5 -6 -7 -7 -5 -6 -7 -7 -7  8 -1 -6  0 -3 -6 -6 -4 -6 -5 -1    0   0   0   0   0   0   0   0   0  97   1   0   1   0   0   0   0   0   0   0  2.29 0.66
  177 D   -5 -5 -2  8 -7 -4 -2 -2 -5 -7 -7 -4 -7 -7 -3 -4 -5 -8 -7 -7    0   0   0  95   0   0   0   4   0   0   0   0   0   0   1   0   0   0   0   0  2.47 0.69
  178 H   -6 -4 -3 -5 -7 -3 -4 -6 11 -7 -3 -5 -5 -5 -6 -5 -6 -6 -2 -7    0   0   0   0   0   0   0   0  96   0   4   0   0   0   0   0   0   0   0   0  3.48 0.86
  179 Y   -5 -5 -6 -7 -6 -5 -6 -7  0 -5 -1 -5 -4  0 -7 -5 -5  3  9 -5    0   0   0   0   0   0   0   0   1   0   7   0   0   1   0   0   0   4  87   0  2.65 0.73
  180 L   -5 -4 -7 -7 -4 -5 -6 -7 -6 -1  7 -6  0 -3 -3 -6 -4 -5 -4 -2    0   0   0   0   0   0   0   0   0   0  97   0   0   0   1   0   0   0   0   0  1.80 0.57
  181 G   -3 -6 -4 -4 -6 -5 -5  7 -5 -7 -7 -5 -6 -6 -5 -1 -5 -6 -6 -6    0   0   0   0   0   0   0  96   0   0   0   0   0   0   0   4   0   0   0   0  2.29 0.62
  182 K   -4  1 -3 -1 -6  0 -1 -5 -4 -5 -6  8 -5 -6 -4 -3 -4 -6 -4 -6    0   4   0   4   0   2   1   0   0   0   0  89   0   0   0   0   0   0   0   0  1.92 0.61
  183 E   -4 -3  0  0 -7 -1  7 -5 -3 -7 -6 -2 -4 -7 -4 -1 -4 -6 -5 -6    0   0   3   2   0   0  90   0   0   0   0   0   0   0   0   4   0   0   0   0  2.03 0.65
  184 M   -3 -4 -4 -5 -4 -4 -5 -5 -5 -1  2 -4  8 -3 -5 -3  5 -5 -4 -2    1   0   0   0   0   0   0   0   0   1  21   0  41   0   0   0  34   0   0   1  1.35 0.51
  185 V   -2 -6 -5 -6 -4 -5 -5 -2 -6  2 -2 -5 -2 -3 -5 -4 -2 -6 -4  7    1   0   0   0   0   0   0   4   0   8   0   0   0   0   0   0   1   0   0  84  1.58 0.53
  186 Q   -4 -2 -3 -3 -6  8  2 -5 -3 -6 -4  3 -4 -6 -4 -1 -4 -5 -5 -5    0   0   0   0   0  67  12   0   0   0   1  16   0   0   0   4   0   0   0   0  1.65 0.58
  187 N   -5 -4  9 -1 -6 -3 -4 -4 -3 -7 -7 -4 -6 -7 -6  0 -3 -7 -6 -7    0   0  95   1   0   0   0   0   0   0   0   0   0   0   0   4   0   0   0   0  2.56 0.73
  188 L   -2 -5 -6 -6 -4 -5 -5 -6 -5  4  5 -5  2 -2 -5 -5 -3 -4 -4  0    4   0   0   0   0   0   0   0   0  29  62   0   4   0   0   0   0   0   0   2  1.16 0.41
  189 M   -3 -4 -4 -5 -4 -3 -2 -5 -4  0  4 -4  6 -1 -4 -1  2 -4 -3  0    0   0   0   0   0   0   3   0   0   2  51   0  21   1   1   5  12   0   0   3  0.83 0.36
  190 V    2 -4 -3 -5 -2 -3 -4 -4 -3  2  0 -4  0 -2 -2 -2  0 -5 -3  5   18   0   1   0   1   0   0   0   1   8   4   0   1   1   1   1   5   0   0  58  0.82 0.36
  191 L   -3 -4 -5 -6 -4 -3 -5 -6 -5  1  5 -2  2  3 -5 -4 -1 -3 -2 -1    1   0   0   0   0   1   0   0   0   6  64   4   5  14   0   0   4   0   0   2  0.92 0.36
  192 R   -5  8 -4 -5 -7 -2 -4 -6 -4 -7 -6 -1 -5 -6 -1 -4 -5 -6 -5 -6    0  96   0   0   0   0   0   0   0   0   0   0   0   0   4   0   0   0   0   0  2.51 0.72
  193 F   -6 -6 -7 -7 -6 -7 -7 -7 -4 -4 -3 -7 -4  9 -1 -6 -6 -1  0 -4    0   0   0   0   0   0   0   0   0   0   0   0   0  95   4   0   0   1   0   0  2.75 0.72
  194 A    5 -4 -3 -4 -2 -3 -3  3 -4 -4 -4 -3 -4 -5  0  3 -2 -5 -4 -2   52   0   0   0   1   0   0  21   0   0   0   0   0   0   4  21   1   0   0   1  0.92 0.39
  195 N   -5 -4  9 -2 -6 -3 -4 -4 -3 -7 -7 -4 -6 -7 -1 -3 -4 -8 -6 -7    0   0  96   0   0   0   0   0   0   0   0   0   0   0   4   0   0   0   0   0  2.63 0.75
  196 R    1  3 -2 -2 -3  2  0  0 -2 -1  0  0  0 -3  1  0  0 -4 -2 -1   13  20   0   0   0  10   5   9   1   3  13   2   2   0   7   5   6   0   0   5  0.16 0.13
  197 I   -2 -5 -5 -5 -3 -4 -5 -5 -5  5  2 -4  3  3 -5 -2 -2 -1 -2  2    3   0   0   0   0   0   0   0   0  42  13   0   8  15   0   4   1   1   0  14  0.75 0.30
  198 F   -5 -1 -6 -6 -5 -6 -6 -6 -4 -2  1 -6 -1  8 -6 -5 -4 -1  2 -3    0   4   0   0   0   0   0   0   0   1  11   0   1  77   0   0   1   0   4   0  1.95 0.56
  199 G   -2 -3  1  0 -5 -1  6  2 -2 -5 -3 -2 -3 -5 -4  1 -3 -5 -4 -4    2   0   6   4   0   1  53  19   1   0   2   0   1   0   0  10   0   0   0   0  0.90 0.38
  200 P    1 -3 -3 -4 -5 -3 -3 -3 -1 -5 -5 -4 -5 -5  8  0 -2 -6 -5 -4   11   1   1   0   0   1   1   2   1   0   0   0   0   0  73   6   2   0   0   0  1.94 0.54
  201 I   -1 -4 -4 -4 -1 -3 -4 -3 -4  4  4 -4  0 -1 -4 -1  1 -4 -3  1    3   0   0   0   1   1   0   1   0  24  45   0   1   1   0   5   9   0   0   8  0.57 0.25
  202 W   -7 -7 -8 -9 -7 -6 -7 -7 -7 -7 -4 -7 -5 -1 -8 -7 -7 13 -2 -7    0   0   0   0   0   0   0   0   0   0   1   0   0   2   0   0   0  96   0   0  4.66 1.01
  203 N   -4 -4  8  0 -4 -3 -3 -4 -1 -6 -6 -3 -5 -6 -5  2  0 -7 -5 -6    0   0  76   4   0   0   0   0   1   0   0   0   0   0   0  14   4   0   0   0  1.85 0.59
  204 R   -1  7  2 -4 -4 -2 -3 -4 -1 -6 -5  2 -4 -6 -5 -1 -3 -6 -4 -5    6  67  10   0   0   0   0   1   1   0   0  10   0   0   0   5   0   0   0   0  1.40 0.48
  205 D   -3  0  5  3 -4  2  1 -2  3 -4 -4  0 -3 -4 -3  0  0 -3 -3 -4    0   5  30  19   0  11   6   1   7   0   1   6   0   0   0   6   7   0   0   0  0.62 0.26
  206 N   -3 -3  4 -3 -2 -3 -3 -4  5 -4 -3 -3 -3  3 -5  0 -3 -2  7 -4    0   1  19   0   1   0   0   0  15   0   1   0   0  11   0   8   1   0  40   0  1.16 0.41
  207 I   -3 -5 -5 -5 -4 -5 -5 -6 -6  7 -1 -5 -2 -3 -5 -5 -3 -5 -4  4    0   0   0   0   0   0   0   0   0  68   1   0   0   0   0   0   0   0   0  28  1.53 0.48
  208 A    2  2 -1  5 -4  0  0 -3  1 -4 -4 -1 -4 -5 -3  1 -2 -5 -4 -4   23  11   1  39   0   4   3   0   3   0   0   2   0   0   0  13   0   0   0   0  0.71 0.31
  209 C   -2 -3  5 -2  5 -2 -3 -3  7 -5 -4 -3 -3 -4 -4  2 -2 -5  0 -4    2   1  34   0  13   0   0   0  28   0   1   0   0   0   0  16   1   0   3   0  1.16 0.42
  210 V   -3 -5 -5 -6 -4 -5 -5 -6 -6  3 -2 -5 -1 -3 -5 -4 -3 -5 -4  7    0   0   0   0   0   0   0   0   0  13   1   0   1   0   0   0   0   0   0  83  1.63 0.52
  211 I   -3 -1 -3 -3 -5  8  1 -5 -2  0 -3 -1 -1 -5 -4 -2 -1 -5 -4  0    0   2   0   0   0  67   8   0   0   5   2   2   1   0   0   2   3   0   0   6  1.33 0.50
  212 L   -4 -5 -5 -5 -4 -5 -5 -6 -5  7  1 -5 -1  0 -5 -5 -3 -5 -4  2    0   0   0   0   0   0   0   0   0  73  13   0   0   3   0   0   0   0   0   9  1.43 0.45
  213 T   -3 -4 -2 -3 -2 -3 -4 -4 -4  2 -3 -3 -2 -4 -4  1  7 -5 -4 -1    0   0   1   1   0   0   0   0   0  12   1   0   0   0   0  10  69   0   0   4  1.24 0.47
  214 F   -1 -4 -3 -5 -3 -4 -5 -2 -4 -1  1 -4  4  7 -5 -2 -3 -2  0  1    5   0   1   0   0   0   0   3   0   0   9   0  13  52   0   3   0   0   0  12  1.03 0.38
  215 K    4  0 -2 -3 -4 -2 -2 -2 -3 -4 -4  5 -3 -5 -3  2 -2 -5 -4 -3   33   2   1   0   0   0   0   1   0   0   0  43   0   0   0  17   1   0   0   0  0.86 0.37
  216 E   -4 -4 -4 -2 -7 -1  8 -6 -4 -7 -7 -3 -6 -7 -5 -4 -4 -7 -6 -6    0   0   0   0   0   0 100   0   0   0   0   0   0   0   0   0   0   0   0   0  2.43 0.73
  217 P   -2 -3  0  5 -5 -2  0 -4 -3 -5 -5 -2 -4 -4  5  0  2 -6 -5 -4    3   1   4  31   0   1   4   0   0   0   0   1   0   1  33   8  13   0   0   0  1.00 0.37
  218 F   -4 -5 -5 -6 -2 -5 -6 -5 -5  4  1 -5 -1  7 -6 -4 -2  0 -1  2    0   0   0   0   1   0   0   0   0  27  10   0   1  46   0   1   1   1   0  12  1.15 0.39
  219 G   -2 -6 -4 -5 -6 -5 -5  7 -4 -7 -7 -5 -6 -6 -5 -2 -5 -6 -6 -6    1   0   0   0   0   0   0  97   0   0   0   0   0   0   0   2   0   0   0   0  2.32 0.63
  220 T   -2 -4 -3 -4 -2 -4 -4 -5 -5  2 -1 -4  1 -4 -4 -2  6 -5 -4  4    1   0   0   0   0   0   0   0   0  12   4   0   3   0   0   1  52   0   0  27  1.01 0.42
  221 E   -2 -3 -3 -1 -6  3  6  2 -2 -6 -5 -2 -4 -6 -4 -2 -3 -2 -4 -5    2   0   0   2   0  15  62  16   0   0   0   0   0   0   0   0   1   0   0   0  1.25 0.47
  222 G   -2 -3 -1  1 -5 -3 -1  6 -2 -3 -6 -2 -5 -6 -4 -1 -1 -5 -5 -5    1   1   2   7   0   1   5  74   1   2   0   2   0   0   0   2   4   0   0   0  1.38 0.44
  223 R   -5  8 -4 -5 -7  0 -3 -6 -4 -6 -5 -1 -5 -6 -4 -4 -4 -6 -4 -6    0  95   0   0   0   2   0   0   0   0   0   0   0   0   1   0   0   0   0   0  2.40 0.68
  224 G    3 -5 -4 -4 -5 -4 -5  7 -5 -6 -6 -4 -4 -6 -5 -3 -4 -1 -6 -5   22   0   0   0   0   0   0  76   0   0   0   0   0   0   0   0   0   1   0   0  1.72 0.52
  225 G   -2  1 -2 -4 -6 -4 -4  7 -3 -7 -6 -3 -6 -6 -3 -2 -4 -6 -6 -6    1   8   1   0   0   0   0  85   0   0   0   1   0   0   1   2   0   0   0   0  1.82 0.53
  226 Y   -6 -6 -6 -7 -6 -5 -6 -7 -2 -5 -4 -6 -5  2 -7 -6 -5 -1 10 -5    0   0   0   0   0   0   0   0   0   0   0   0   0   4   0   0   0   0  95   0  3.10 0.81
  227 F   -5 -6 -6 -7 -6 -6 -6 -7 -3 -4 -3 -6 -3  8 -7 -5 -5  0  7 -4    0   0   0   0   0   0   0   0   0   0   1   0   0  62   0   0   0   1  36   0  2.29 0.63
  228 D   -5 -4  2  7 -7 -3  3 -2 -4 -6 -7 -3 -6 -7 -4 -2 -4 -7 -6 -6    0   0   8  74   0   0  15   2   0   0   0   0   0   0   0   1   0   0   0   0  1.81 0.55
  229 E   -2 -1  1  2 -4  1  4  3  1 -5 -5  1 -4 -5 -3  1  0 -5 -4 -4    1   2   8  10   0   5  28  20   4   0   0   7   0   0   0  10   5   0   0   0  0.50 0.23
  230 F    1 -4 -3 -4 -3 -3 -4 -4 -2  2 -2 -4 -2  5 -4  2 -2 -2  5  0   11   0   1   0   0   1   0   0   0  15   0   0   0  30   0  17   1   0  19   4  0.73 0.33
  231 G   -3 -6 -3 -5 -6 -5 -5  7 -5 -7 -7 -5 -6 -6 -6 -4 -4  0 -6 -7    0   0   0   0   0   0   0  97   0   0   0   0   0   0   0   0   1   2   0   0  2.37 0.64
  232 I    4 -5 -5 -5 -4 -4 -5 -5 -5  6 -1 -5  0 -3 -5 -3 -3 -5 -4  0   33   0   0   0   0   0   0   0   0  60   1   0   2   0   0   1   0   0   0   3  1.22 0.46
  233 I    1 -5 -5 -6 -4 -5 -5 -5 -5  6  2 -5  1 -2 -5 -4 -2 -5 -4  1   12   0   0   0   0   0   0   0   0  60  19   0   3   0   0   0   1   0   0   6  1.08 0.39
  234 R   -5  8 -4 -5 -7 -2 -4 -6 -4 -7 -6 -1 -5 -6 -6 -4 -5 -1 -5 -6    0  99   0   0   0   0   0   0   0   0   0   0   0   0   0   0   0   1   0   0  2.63 0.73
  235 D   -5 -5 -2  8 -7 -4 -1 -5 -4 -7 -7 -4 -7 -7 -5 -4 -5 -8 -7 -7    0   0   0  97   0   0   1   0   0   0   0   0   0   0   0   0   0   0   0   0  2.62 0.72
  236 V   -3 -3 -6 -6 -2 -5 -5 -6 -5  4 -1 -5  6 -3 -5 -5 -3 -5 -4  6    0   1   0   0   0   0   0   0   0  22   0   0  22   0   0   0   0   0   0  54  1.34 0.47
  237 M   -3 -4 -5 -6 -2 -2 -4 -3 -1  4  1 -4  7  1 -5 -4 -3 -4 -3  3    1   0   0   0   1   1   0   2   1  22   9   0  39   6   0   0   0   0   0  18  1.02 0.40
  238 Q   -4 -3 -4 -4 -7  9 -2 -6  3 -7 -6 -2 -4 -7 -5 -4 -4 -6 -5 -6    0   0   0   0   0  93   0   0   5   0   0   0   0   0   0   0   0   0   0   0  2.54 0.79
  239 N   -5 -4  9 -2 -6 -2 -4 -4 -3 -7 -7 -3 -6 -7 -5  0 -3 -7 -6 -6    0   0  91   0   0   1   0   0   0   0   0   0   0   0   0   7   0   0   0   0  2.42 0.70
  240 H   -6 -4 -3 -5 -7 -3 -4 -6 11 -7 -4 -4 -5 -5 -4 -5 -6 -6 -2 -7    0   0   0   0   0   0   0   0  97   0   1   0   0   0   1   0   0   0   0   0  3.54 0.87
  241 L   -4 -5 -6 -6 -4 -5 -6 -6 -5  1  6 -5  4 -2 -6 -5 -3  0 -4 -1    1   0   0   0   0   0   0   0   0   6  80   0   9   0   0   0   1   1   0   2  1.40 0.47
  242 L   -4 -5 -6 -3 -1 -4 -5 -6 -5  0  6 -5  5 -1 -5 -4 -1 -4 -4 -1    0   0   0   1   1   0   0   0   0   3  73   0  14   2   0   0   3   0   0   1  1.23 0.44
  243 Q   -5 -3 -3 -4 -7  9 -1 -6 -2 -7 -5 -1 -4 -7 -5 -4 -4 -6 -5 -6    0   0   0   0   0  96   1   0   0   0   1   1   0   0   0   0   0   0   0   0  2.65 0.80
  244 M   -3 -4 -5 -5 -3 -4 -5 -5 -5  4  3 -3  5 -2 -5 -4  0 -4 -3  3    0   0   0   0   0   0   0   0   0  22  30   1  16   0   0   0   6   0   0  25  0.79 0.31
  245 L   -4 -5 -6 -6 -4 -5 -5 -6 -5  2  5 -5  2  2 -5 -5 -3 -4 -2  1    0   0   0   0   0   0   0   0   0   8  74   0   3   7   0   0   0   0   0   7  1.18 0.41
  246 C    4 -4 -2 -4  6 -3 -3 -2 -4 -4 -4 -3 -2 -5 -4  3  3 -5 -4 -2   37   0   2   0  16   0   0   1   0   0   0   0   1   0   0  26  17   0   0   1  0.87 0.38
  247 L   -4 -5 -6 -6 -4 -5 -5 -6 -5  1  6 -3  3  0 -6 -5 -4 -4 -3 -1    0   0   0   0   0   0   0   0   0   6  81   1   7   2   0   0   0   0   1   1  1.35 0.46
  248 V   -2 -4 -2 -5 -2 -4 -4 -5 -5  2  2 -4 -1  2 -4 -3  3 -4 -2  4    0   0   2   0   0   0   0   0   0  11  18   0   1   9   0   0  19   0   0  39  0.66 0.30
  249 A    7 -4 -4 -5 -2 -2 -4 -2 -5 -4 -4 -4 -3 -5 -4 -1  1 -6 -5 -3   87   0   0   0   1   1   0   2   0   0   0   0   0   0   0   1   7   0   0   1  1.52 0.55
  250 M   -5 -5 -6 -7 -5 -4 -6 -7 -6 -2 -2 -5 11 -4 -7 -6 -5 -5 -5 -3    0   0   0   0   0   0   0   0   0   1   0   0  99   0   0   0   0   0   0   0  3.37 0.90
  251 E   -3 -4 -4  0 -7 -1  8 -5 -4 -7 -6 -3 -6 -7 -5 -4 -4 -6 -6 -6    1   0   0   2   0   0  96   0   0   0   0   0   0   0   0   0   0   0   0   0  2.26 0.70
  252 K   -2  3 -3 -3 -5  0  2 -4 -3 -4 -4  4 -4 -5  5 -2  0 -5 -4 -4    3  15   0   0   0   2  13   0   0   0   1  27   0   0  32   1   6   0   0   0  0.91 0.35
  253 P   -5 -6 -6 -5 -7 -5 -5 -6 -6 -7 -7 -5 -6 -8  9 -5 -5 -8 -7 -6    0   0   0   0   0   0   0   0   0   0   0   0   0   0  99   0   0   0   0   0  3.23 0.81
  254 A    2 -2  0 -3 -1 -2 -3 -3 -3  3 -1 -2 -1 -2 -3  0  1 -4 -3  4   22   2   5   1   1   1   0   0   0  17   2   2   0   0   0   6   7   0   0  32  0.37 0.23
  255 S    0  0 -1 -2 -4 -2 -3 -2 -4 -3 -4 -2 -4 -2 -4  6  1 -5 -4 -3    5   4   2   1   0   1   0   1   0   2   1   1   0   2   0  74   5   0   0   1  1.13 0.48
  256 T   -2 -4 -3 -4  0 -4 -4 -5 -4  1  3 -4  1  5 -5 -3  2 -2 -1 -1    2   0   1   0   2   0   0   0   0   5  37   0   2  31   0   0  15   0   1   2  0.71 0.31
  257 N   -1 -2  3  5 -4 -1  1 -2  3 -5 -3 -1 -4 -4 -3  2 -1 -5 -2 -4    4   1  14  36   0   1   7   2   9   0   2   3   0   0   0  19   2   0   1   0  0.68 0.29
  258 S    5 -4 -3 -2 -3 -3 -3  1 -4 -4 -4 -3 -3 -5  4  2 -1 -5 -5 -3   51   0   0   1   0   0   0   8   0   0   0   0   0   0  20  18   2   0   0   0  0.94 0.39
  259 D   -2 -2  0  5 -6 -1  5 -4 -1 -6 -5 -1 -5 -6 -4 -1 -2 -6 -4 -5    2   1   4  36   0   1  45   0   1   0   0   3   0   0   0   4   2   0   0   0  1.16 0.42
  260 D    2 -3 -1  6 -3 -2  0 -3  1 -5 -5 -3 -5 -5 -2  2 -2 -6 -2 -4   16   1   1  55   1   1   3   0   4   0   0   0   0   0   1  15   1   0   1   0  1.05 0.40
  261 V   -4 -3 -6 -6 -4 -5 -5 -6 -5  6  2 -5  1 -2 -5 -5 -3 -5 -4  3    0   1   0   0   0   0   0   0   0  58  14   0   3   1   0   0   0   0   0  22  1.21 0.41
  262 R   -4  8 -4 -5 -5 -1 -3 -4 -2 -4 -4 -1 -5 -6 -6 -4 -4 -6 -5 -4    0  92   0   0   0   1   0   1   1   1   1   0   0   0   0   0   0   0   0   1  2.23 0.66
  263 D    0 -2  4  6 -5 -3 -2 -3 -2 -4 -5 -3 -4 -5 -4 -2  0 -6 -4 -5    7   2  24  56   0   0   0   1   0   1   0   0   0   0   0   1   6   0   0   0  1.26 0.44
  264 E   -2 -3 -4 -1 -7  0  8 -5 -3 -7 -6 -2 -5 -7 -4 -3 -4 -6 -5 -6    3   1   0   1   0   2  93   0   0   0   0   1   0   0   0   0   0   0   0   0  2.11 0.66
  265 K   -3  0 -4 -4 -6 -2 -3 -5 -4 -4 -6  8 -4 -6 -4 -3 -3 -6 -5 -2    1   2   0   0   0   0   0   0   0   1   0  92   0   0   0   0   1   0   0   3  2.02 0.64
  266 V   -1 -5 -4 -5 -3 -3 -1 -6 -5  1  0 -4 -1 -3 -5 -4 -1 -5 -4  7    3   0   1   0   0   1   5   0   0   4   5   0   1   0   0   0   2   0   0  78  1.27 0.47
  267 K   -2  1 -2 -3 -6 -1 -2 -4 -4 -4 -5  7 -4 -4 -4 -3 -4 -6 -5 -5    2   5   1   0   0   1   1   0   0   1   0  87   0   1   0   0   0   0   0   0  1.80 0.58
  268 V   -1 -5 -6 -6 -4 -5 -5 -6 -6  0  0 -5 -2 -2 -5 -4 -3 -5 -4  7    4   0   0   0   0   0   0   0   0   2   5   0   0   1   0   0   0   0   0  86  1.58 0.52
  269 L   -4 -5 -6 -6 -4 -5 -5 -6 -5  0  6 -5  1  0 -5 -5 -4  0 -3 -1    1   0   0   0   0   0   0   0   0   2  90   0   2   2   0   0   0   1   0   1  1.52 0.49
  270 K   -1  5 -1 -3 -5  3  0 -3  0 -5 -4  4 -3 -5 -4  0 -3 -5 -3 -4    4  40   2   0   0  12   3   1   2   0   0  29   0   0   0   5   0   0   1   0  0.94 0.36
  271 C    4 -3 -3 -3  7 -2 -3 -2 -1 -4 -4 -2 -4 -4 -4  4 -2 -5 -3 -3   32   1   0   1  24   1   0   2   1   0   0   1   0   0   0  33   1   0   1   0  0.99 0.39
  272 I   -3 -4 -5 -5 -3 -4 -5 -5 -5  5  1 -4  3 -1 -4 -3  0 -4 -3  3    1   0   0   0   0   0   0   0   0  46  12   0   9   2   0   0   7   0   0  21  0.87 0.33
  273 S    0  5 -1 -1 -3  1  0 -3  1 -4 -3  2 -3 -4  2  0 -2 -4 -3 -3    8  37   1   3   1   4   5   1   4   0   2  12   0   1  12   8   1   0   0   1  0.56 0.25
  274 E   -1 -1 -2 -3 -5 -1  0 -4 -3 -3 -1  0 -2 -5  7 -2 -2 -5 -4 -2    6   2   1   0   0   3   8   0   0   1   8   7   1   0  57   1   2   0   0   2  1.25 0.39
  275 V    0 -4 -4  0 -3 -3 -3 -3 -4  4  2 -3  1  1 -1 -3 -2 -3 -1  3    7   0   0   7   0   0   0   1   0  26  22   0   2   5   4   1   0   0   2  22  0.40 0.20
  276 Q   -1  0  0  3 -3  1  2 -2 -1 -3 -1  1 -2 -4  0  1  1 -4 -3 -2    4   5   3  17   0   8  15   1   1   0   7  10   0   0   4  14   8   0   0   2  0.26 0.15
  277 A    0  0 -2 -1 -3 -1 -1 -1 -1  0  2 -1  2 -1  3 -1 -1 -3 -2  0    8   5   1   3   0   1   4   3   2   5  25   4   8   2  17   3   4   0   0   5  0.20 0.13
  278 N    0  0  1  3 -4  1  4 -2  0 -4 -3  2 -3 -4 -3  2 -1 -3 -3 -4    6   3   7  14   0   3  30   2   2   0   2  12   0   0   0  15   2   0   0   0  0.46 0.23
  279 N   -3 -2  4  6 -5 -1  1 -3  3 -5 -6 -2 -5 -5 -4 -2 -2 -3 -4 -5    1   2  24  50   0   1   8   1   7   0   0   1   0   0   0   1   1   0   0   0  1.20 0.41
  280 V   -2 -4 -4 -5  2 -4 -4 -5 -5  1  1 -4  0 -1 -4 -2  3 -4 -3  5    2   0   0   0   4   0   0   0   0   6  10   0   2   2   0   2  19   0   0  52  0.77 0.33
  281 V    0 -5 -5 -5 -2 -4 -5 -5 -5  4  1 -4 -1 -3 -4 -3 -2 -5 -3  5    9   0   0   0   1   0   0   0   0  20  11   0   0   0   0   0   1   0   0  56  0.94 0.36
  282 L   -3  5 -4 -5 -4 -3 -4 -5 -4  2  4 -2 -1 -2 -5 -4 -3 -4 -3  0    1  34   0   0   0   0   0   0   0  10  46   0   0   1   0   0   1   0   0   7  0.84 0.35
  283 G   -1 -4 -3 -4 -5 -5 -5  7 -5 -7 -6 -4 -6 -6 -5 -2 -4 -5 -6 -6    4   0   0   0   0   0   0  93   0   0   0   0   0   0   0   1   0   0   0   0  2.17 0.59
  284 Q   -4 -2 -4 -4 -6  9 -2 -5 -3 -6 -6 -2 -4 -7 -5 -4 -4 -6 -5 -6    0   1   0   0   0  97   0   0   0   0   0   0   0   0   0   0   0   0   0   0  2.68 0.79
  285 Y   -5 -5 -5 -6 -6 -4 -5 -6 -1 -5 -4 -5 -4  1 -6 -5 -5 -1 10 -5    0   0   0   0   0   0   0   0   0   0   1   0   0   2   0   0   0   0  94   0  2.95 0.76
  286 V    1 -1 -2 -2 -2 -1 -1  1 -3  0 -1  1  0 -2 -2  0  2 -3 -2  2   10   2   0   2   0   1   2  10   0   4   2  11   2   1   1   6  20   0   1  24  0.20 0.15
  287 G    3  0 -2 -2 -2 -1  0  4 -2 -4 -4  1 -3 -4 -1  0 -1 -4 -4 -3   28   4   1   1   1   1   6  37   1   0   1  10   0   0   2   5   2   0   0   0  0.56 0.24
  288 N   -1 -1  3  1 -2 -2 -2  3  2 -3 -4 -1 -3 -4  0  3 -1 -4 -3 -3    4   3  16   9   1   1   1  27   5   1   1   2   0   0   4  23   2   0   0   1  0.45 0.20
  289 P    0 -2 -2 -2 -2 -1  0  1 -2 -2 -1 -1 -2 -2  4  0 -1  7 -1 -2    7   2   2   2   1   1   7  12   1   1   5   3   1   1  23   7   3  18   1   3  0.55 0.19
  290 D   -1 -1  1  3 -3  3  2 -1 -1 -2 -2  1 -1 -2 -2  0  1  0 -2 -1    3   2   6  21   0  15  12   3   1   3   3   7   1   2   1   4  10   1   1   4  0.25 0.12
  291 G    0 -2 -2 -2 -2 -2 -1  5 -2  1 -2 -1  2 -2 -2  0 -2 -3 -3  0    5   1   1   2   1   1   4  46   1   9   3   3   6   1   1   6   1   0   1   7  0.47 0.18
  292 E   -1  1  1  1 -2  1  2 -1  0 -2 -2  2 -1 -2  0  0  0 -1 -1 -1    4   6   9   8   1   3  17   4   1   3   4  15   1   2   4   8   4   1   2   4  0.15 0.05
  293 G    0 -2 -1  0 -3 -2 -2  6 -2 -3 -3 -2 -3 -3 -1 -1 -1 -3 -3 -2    8   2   3   5   1   1   3  59   1   1   3   2   1   1   2   3   3   0   1   2  0.78 0.22
  294 E   -1  0  1  2 -2  1  3 -2 -1 -2 -2  2 -2 -3  0 -1 -1 -3 -2 -1    3   4   6  12   1   6  28   2   1   2   2  17   1   1   5   2   2   0   1   4  0.34 0.14
  295 A    2  0 -1 -1 -2  1  1  0  0 -2 -2  1 -1 -2  2  1  0 -2 -1 -2   20   4   2   3   0   5   9   7   3   2   2  11   1   1   9  14   6   0   2   2  0.18 0.10
  296 T   -1  0 -2 -3 -1  0 -1 -3 -1  0  0  3  0 -2 -3 -2  0 -3  0  4    3   3   1   0   1   3   4   1   1   3   6  25   1   1   0   2   6   0   4  35  0.32 0.21
  297 K   -2  0 -2 -2 -3 -1 -1 -3 -3 -2  0  1 -2 -3  6 -2 -2 -4 -3  0    2   6   2   2   1   3   4   1   0   1  13  11   0   1  42   2   1   0   1   7  0.75 0.27
  298 G    1 -4 -3 -3 -4 -4 -4  7 -4 -5 -5 -4 -5 -5 -4  0 -4 -5 -5 -4   10   1   0   1   0   0   0  80   0   0   1   0   0   0   0   5   0   0   0   1  1.62 0.47
  299 Y   -5 -5 -5 -6 -5 -4 -5 -6 -2 -4 -2 -4 -4  2 -5 -5 -4 -1  9 -4    0   0   0   0   0   0   0   0   0   0   3   1   0   4   0   0   0   0  88   0  2.59 0.67
  300 L   -3  4 -3 -4 -2 -2 -3 -4 -1 -1  4  1  0 -2 -2 -2  0 -4 -3 -1    1  26   0   0   1   1   0   0   1   2  47   7   1   0   1   1   7   0   0   2  0.59 0.28
  301 D   -3 -3 -1  6 -5  2  4 -4 -3 -5 -5 -2 -4 -5 -3 -2 -3 -5 -4 -5    1   0   1  51   0   8  31   1   0   0   1   1   0   0   0   2   1   0   0   0  1.28 0.42
  302 D   -3 -3 -2  6 -5 -2  5 -4 -2 -5 -5 -2 -5 -5 -4 -2 -3 -5 -5 -5    1   1   0  52   0   0  41   0   1   0   1   1   0   0   0   1   1   0   0   0  1.49 0.47
  303 P   -2 -3 -1  3 -5 -1  3 -4 -2 -4 -5  1 -4 -5  6 -2 -2 -5 -3 -3    2   1   2  20   0   2  20   1   1   1   1   9   0   0  39   1   1   0   1   1  1.03 0.35
  304 T   -2 -1  0  0 -4 -3 -2  4 -4 -4 -4 -1 -4 -5 -4  0  5 -5 -4 -3    0   3   4   6   0   0   1  32   0   0   0   3   0   0   0   5  45   0   0   0  0.88 0.37
  305 V   -2 -5 -5 -6 -4 -5 -5 -6 -6  2 -2 -5  0 -1 -5 -4 -3 -5 -3  7    1   0   0   0   0   0   0   0   0   9   1   0   2   3   0   0   0   0   0  82  1.52 0.50
  306 P    0 -3  2  2 -5 -2 -3 -3 -2 -5 -5  0 -1 -5  7  0 -3 -5 -3 -4   10   1   9  12   0   1   0   1   1   0   0   5   2   0  49   7   0   0   1   0  1.14 0.38
  307 R    0  0  0  1 -4 -1  0 -3  0 -4 -3  4 -3 -4  5 -1 -2 -5 -4 -3    9   5   4   7   0   2   4   1   2   0   3  28   0   0  30   3   1   0   0   1  0.68 0.27
  308 G   -2 -2  3  5 -4  0  1  3  0 -5 -5 -1 -4 -4 -3 -1 -1 -5 -4 -5    2   1  16  35   0   3   6  26   2   0   1   4   0   0   0   2   3   0   0   0  0.75 0.29
  309 S   -2 -4 -2 -3 -4 -3 -3 -3 -4 -6 -6 -3 -5 -6 -4  7 -1 -6 -5 -5    0   0   1   0   0   0   0   1   0   0   0   0   0   0   0  96   1   0   0   0  1.95 0.66
  310 T   -2  2  2 -2 -1 -1 -2 -3  1  0  0  1  0 -3 -2 -1  3 -4 -2  0    1  16  10   0   1   2   0   1   5   6  12  10   2   0   1   2  23   0   0   9  0.24 0.18
  311 T   -2 -4 -3 -4  6 -2 -4 -5 -5 -3 -4 -4 -4 -5 -4 -2  7 -5 -5 -1    2   0   0   0  15   2   0   0   0   1   0   0   0   0   0   1  76   0   0   3  1.69 0.58
  312 A    0 -4 -4  0 -4 -2  4 -4 -4 -4 -5 -3 -5 -6  7 -2 -3 -6 -5 -2    8   0   0   4   0   0  31   0   0   1   0   0   0   0  50   1   0   0   0   3  1.41 0.46
  313 T   -3 -4 -3 -4 -4 -4 -4 -5 -5 -4 -3 -4 -4 -5 -4 -2  8 -6 -5 -3    0   0   0   0   0   0   0   0   0   0   2   0   0   0   0   0  96   0   0   0  2.22 0.70
  314 F   -5 -5 -6 -6 -5 -5 -6 -3 -3 -4 -3 -6 -3  8 -6 -5 -5 -2  7 -4    0   0   0   0   0   0   0   2   0   0   0   0   0  58   0   0   0   0  38   0  2.15 0.60
  315 A    6 -4 -4 -5  2 -4 -4 -3 -4 -2 -3 -4 -1  2 -4 -1 -2 -4 -3  2   66   0   0   0   5   0   0   0   0   1   1   0   2   8   0   2   0   0   0  15  0.97 0.41
  316 A    6 -4 -4 -4  0 -3 -3 -2 -4 -3 -1 -3  0 -4 -3  0  2 -5 -4 -2   70   0   0   0   2   0   0   2   0   0   5   0   2   0   0   4  13   0   0   1  1.03 0.43
  317 V    3 -4 -3 -4  2 -3 -4 -2 -4  2  2 -3  4 -2 -4 -2 -1 -3 -3  1   33   0   1   0   5   0   0   2   0  12  20   0  12   1   0   1   4   0   0   9  0.44 0.24
  318 V    1  3 -3 -3 -3 -1 -2 -3 -2 -1 -2  3 -2 -4 -2 -2  1 -5 -3  3   13  15   0   0   0   1   1   1   1   2   0  24   0   0   1   0   9   0   0  31  0.45 0.27
  319 L   -2 -4 -5 -5  1 -4 -5 -5 -5 -1  5 -4  3  3 -5 -4 -3 -3 -2  1    2   0   0   0   3   0   0   0   0   1  67   0   7  11   0   0   0   0   0   7  1.00 0.36
  320 Y   -3  0 -1 -1 -4 -1  1 -3  2 -3 -2  0  0  4 -4 -2 -2  4  5 -3    1   5   4   4   0   2  11   1   5   0   2   6   2  19   0   2   1   6  26   1  0.55 0.25
  321 V   -3 -5 -5 -6 -3 -5 -5 -6 -6  7 -1 -5 -2 -3 -5 -5 -3 -5 -4  4    0   0   0   0   0   0   0   0   0  63   2   0   0   0   0   0   0   0   0  33  1.47 0.47
  322 E   -3 -2  4  6 -3  0  1 -3  4 -5 -5 -1 -4 -5 -3 -2 -3 -5 -4 -5    1   2  22  44   0   4   8   1  11   0   0   4   0   0   0   1   0   0   0   0  1.03 0.37
  323 N   -4 -4  8 -2 -5 -3 -3 -4 -3 -6 -6 -3 -5 -6 -5 -1  1 -6 -5 -5    0   0  87   0   0   0   0   0   0   0   0   0   0   0   0   2   9   0   0   0  2.20 0.64
  324 E    1  2 -3  1 -5 -1  4 -3 -3 -5 -4 -2 -4  0  0 -2 -3  8 -2 -4   12  13   0   7   0   1  31   1   0   0   0   0   0   4   5   1   0  22   0   0  0.90 0.36
  325 R   -5  8 -4 -5 -6 -2 -3 -5 -3 -6 -5 -1 -5 -6 -5 -4 -4 -6 -5 -5    0  96   0   0   0   0   0   0   0   0   0   1   0   0   0   0   0   0   0   1  2.44 0.68
  326 W   -6 -6 -7 -8 -6 -6 -6 -6 -6 -6 -5 -7 -5 -3 -7 -6 -6 13 -2 -7    0   0   0   0   0   0   0   0   0   0   0   0   0   0   0   0   0  97   0   0  4.69 0.99
  327 D    3  0  0  5 -4  1  2 -2 -2 -4 -4  0 -4 -5 -3  0 -2 -5 -3 -4   28   4   3  36   0   7  10   1   1   0   0   5   0   0   0   5   1   0   0   0  0.66 0.30
  328 G   -3 -5 -2 -1 -4 -5 -5  7 -5 -7 -7 -5 -6 -6 -5 -3 -5 -6 -6 -6    0   0   1   3   0   0   0  94   0   0   0   0   0   0   0   1   0   0   0   0  2.19 0.60
  329 V   -3 -6 -6 -6 -4 -5 -6 -6 -6  0 -2 -5 -2 -4 -6 -5 -3 -6 -4  7    0   0   0   0   0   0   0   0   0   2   0   0   0   0   0   0   0   0   0  96  2.01 0.62
  330 P   -4 -5 -5 -5 -6 -5 -4 -5 -5 -6 -6 -4 -6 -7  9 -4 -4 -7 -6 -6    0   0   0   0   0   0   0   0   0   0   0   0   0   0  97   0   0   0   0   0  3.10 0.75
  331 F   -5 -6 -6 -6 -5 -6 -6 -6 -4 -1 -3 -6 -3  9 -6 -5 -5 -1  0 -3    0   0   0   0   0   0   0   0   0   3   0   0   0  93   0   0   0   0   0   1  2.59 0.67
  332 I   -4 -5 -5 -5 -4 -4 -5 -6 -3  5  1 -4  0  1 -5 -4 -3 -2  7  0    0   0   0   0   0   0   0   0   0  38  13   0   1   3   0   0   0   0  37   5  1.14 0.40
  333 L   -4 -5 -5 -6 -4 -4 -5 -6 -5  3  5 -5  4 -1 -5 -5 -3 -4 -3  1    0   0   0   0   0   0   0   0   0  17  62   0  13   1   0   0   0   0   0   7  1.12 0.39
  334 R   -4  7 -1 -4 -6 -2 -2 -5 -3 -3 -5  5 -4 -6 -5 -3 -4 -6 -5 -4    0  62   2   0   0   0   1   0   0   2   0  32   0   0   0   0   0   0   0   1  1.61 0.52
  335 C    4 -4 -3 -4  6 -4 -4 -3 -4 -4 -4 -4 -3 -5 -2  0  4 -5 -4 -3   40   0   0   0  20   0   0   1   0   0   0   0   0   0   2   4  31   0   0   0  1.07 0.42
  336 G   -2 -5 -4 -4 -6 -5 -5  7 -5 -7 -7 -5 -6 -6 -5 -3 -5 -6 -6 -6    2   0   0   0   0   0   0  97   0   0   0   0   0   0   0   0   0   0   0   0  2.34 0.62
  337 K   -4 -1 -3 -4 -6 -2 -1 -5 -3 -5 -4  8  1 -6 -4 -3 -4 -6 -4 -4    0   0   0   0   0   0   2   0   0   0   1  91   3   0   0   0   0   0   1   1  1.95 0.62
  338 A    5  5 -3 -4 -4 -3 -3  0 -2 -4 -4 -2 -3 -5 -4 -1 -3 -5 -3 -2   51  36   0   0   0   0   0   8   1   0   0   1   1   0   0   1   0   0   0   2  1.03 0.43
  339 L   -4 -5 -6 -6 -4 -5 -6 -6 -6 -1  6 -5  4 -2 -6 -5 -2 -5 -4 -2    0   0   0   0   0   0   0   0   0   0  88   0   8   0   0   0   2   0   0   1  1.60 0.52
  340 N   -1 -3  5  1 -5 -1 -1  1  2 -1 -4 -2 -1 -5  4 -1 -2 -5 -4 -4    4   0  35   7   0   1   4  12   5   5   0   1   2   0  21   2   1   0   0   0  0.71 0.30
  341 E   -2  3 -1  0 -5  0  4 -3 -2 -4 -4  3 -3 -5 -3  0  1 -5 -4 -2    2  14   1   2   0   3  38   0   0   1   0  18   0   0   0   7  10   0   0   3  0.64 0.30
  342 R   -1  6 -1 -3 -4  1 -1 -1  2 -5 -5  3 -4 -5 -4 -1 -2 -5 -4 -5    5  52   3   1   0   5   2   4   5   0   0  20   0   0   0   3   1   0   0   0  1.02 0.38
  343 K   -1  2 -2 -4 -3 -1 -2 -3  0 -1 -2  5 -2 -3 -4 -1 -1 -5 -2  3    4  10   1   0   0   1   0   1   2   1   1  42   1   0   0   3   3   0   1  29  0.63 0.32
  344 A    3 -4 -3 -4 -1 -3 -3 -3 -4 -2 -2 -3 -2 -4 -3  1  5 -5 -4  2   32   0   0   0   1   0   0   1   0   0   1   0   1   0   0   9  37   0   0  18  0.76 0.36
  345 E   -4 -3 -3 -1 -7 -1  8 -4 -3 -7 -6 -2 -5 -7 -5 -3 -4 -6 -6 -5    0   0   0   2   0   0  94   1   0   0   0   1   0   0   0   0   0   0   0   1  2.16 0.67
  346 V   -3 -6 -6 -6 -4 -5 -6 -6 -6  7 -1 -5 -1 -3 -6 -5 -3 -6 -4  5    0   0   0   0   0   0   0   0   0  62   0   0   0   0   0   0   0   0   0  37  1.60 0.51
  347 R    2  7 -3 -4 -5 -2 -3 -4 -2 -3 -4 -1 -3 -5 -4 -1 -1 -5 -4  1   22  58   0   0   0   0   0   0   1   1   0   0   0   0   0   3   2   0   0  11  1.11 0.44
  348 L   -3 -5 -6 -6 -4 -5 -5 -6 -6  6  2 -5  0 -3 -5 -5 -3  1 -4  4    0   0   0   0   0   0   0   0   0  50  15   0   1   0   0   0   0   2   0  32  1.20 0.41
  349 Q   -4 -2 -2 -4 -6  8  0 -5  4 -3 -4 -2 -2 -6 -5 -3 -1 -5 -4  1    0   0   1   0   0  68   3   0   8   1   0   0   0   0   0   0   4   0   0  12  1.54 0.57
  350 F   -6 -6 -6 -7 -6 -6 -7 -4 -4 -4 -2 -6 -3  9 -7 -6 -5 -2  4 -4    0   0   0   0   0   0   0   2   0   0   2   0   0  86   0   0   0   0  10   0  2.45 0.66
  351 H   -3  4 -2 -3 -4  1 -2 -4  2 -5 -5  6 -4 -5 -4 -2  0 -4 -4 -5    0  26   1   0   0   6   0   0   5   0   0  52   0   0   0   2   7   0   0   0  1.15 0.43
  352 D   -2  3  1  5 -4  0  1 -3  4 -5 -5  0 -4 -5  1 -1 -1 -5 -3 -5    2  15   4  37   0   4   7   1  12   0   0   5   0   0   6   3   2   0   0   0  0.70 0.29
  353 V    2 -4 -4 -4 -3 -4 -1 -4 -5  0 -1 -4  0 -4  1 -2  1 -5 -4  5   18   0   0   0   0   0   5   0   0   2   2   0   2   0   7   1   7   0   0  56  0.77 0.36
  354 A    1 -5 -4 -3 -5 -4 -3 -4 -2 -3 -5 -4 -5 -5  8 -2  0 -6 -5 -4   10   0   1   1   0   0   1   0   1   2   1   0   0   0  73   2   7   0   0   1  1.94 0.56
  355 G   -2 -1  0 -2 -3  1 -2  4  6 -4 -2 -1 -1 -2 -3  0 -2 -3 -1 -4    1   2   5   1   0   7   1  41  20   1   5   2   1   2   1   8   1   0   1   0  0.66 0.29
  356 D   -2 -2  3  3 -4 -1 -1  2  1 -2  0 -2 -1 -1  1  0 -2 -4 -2 -2    0   2  17  23   0   2   1  15   3   1  13   1   2   3   7   5   1   0   1   3  0.29 0.18
  357 I   -3 -4 -5 -5 -3 -4 -4 -5 -5  5  3 -4  2 -1  1 -4 -3 -4 -2  2    0   0   0   0   0   0   0   0   0  38  32   0   6   1   9   1   0   0   1  11  0.78 0.30
  358 F   -5 -6 -6 -7 -6 -6 -6 -6 -3 -3 -3 -6  0  9 -7 -5 -5 -1  5 -4    0   0   0   0   0   0   0   0   0   0   0   0   2  78   0   0   0   0  18   0  2.34 0.63
  359 H    0  2  1  2 -2  1  1  1  1 -3 -2  1 -2 -3  0  1  0 -3 -2 -3    5  13   6  11   1   7  10  10   3   1   2   8   0   1   5  11   3   0   0   1  0.21 0.10
  360 Q   -2  1  0  1 -4  3  3  2  0 -4 -4  2 -3 -5 -3  0 -1 -4 -3 -4    1   6   3   6   0  17  21  18   1   0   0  17   0   0   0   6   2   0   0   1  0.49 0.23
  361 Q   -1  0  2  4 -2  4  2 -2  0 -4 -4  1 -2 -5 -2  0 -1 -5 -4 -4    6   4  12  22   1  21  15   2   2   0   0   8   0   0   1   4   2   0   0   0  0.54 0.25
  362 C    1 -3 -3 -3  4 -1 -3 -3 -2  3  2 -2  0  0 -2 -1  0 -2 -2  1   11   0   1   1  12   3   1   1   1  18  27   1   1   4   2   5   6   0   0   5  0.29 0.17
  363 K    1  0  0 -1 -4  2  1  3 -1 -4 -2  1 -2 -4  3  0 -1 -4 -3 -3   10   3   3   2   0  12   8  22   1   0   3  12   1   0  13   7   2   0   1   0  0.33 0.17
  364 R   -2  6 -1 -2 -3  2  0 -2  0 -4 -4 -1 -4 -5  3 -1  1 -5 -4 -4    2  44   2   1   1  12   4   2   2   0   0   0   0   0  15   3  12   0   0   1  0.80 0.35
  365 N   -5 -4  9 -2 -6 -2 -4 -4 -3 -7 -4 -4 -6 -7 -6 -2 -3 -7 -6 -6    0   0  95   1   0   1   0   0   0   0   2   0   0   0   0   1   1   0   0   0  2.55 0.73
  366 E    1 -2 -3 -2 -4  0  6 -4 -3 -1 -1  0 -3 -5 -4 -1 -2 -4 -4  0   12   1   0   0   0   2  60   0   0   3   5   4   0   0   0   2   1   0   0   9  0.89 0.39
  367 L   -4 -5 -6 -7 -4 -5 -6 -7 -6  0  6 -5  0  0 -6 -5 -4 -4 -4 -1    0   0   0   0   0   0   0   0   0   3  91   0   1   3   0   0   0   0   0   2  1.61 0.52
  368 V   -1 -4 -5 -6 -4 -5 -5 -5 -6  3 -1 -5 -2 -4 -5 -3 -1 -6 -4  7    4   0   0   0   0   0   0   0   0  13   2   0   0   0   0   1   3   0   0  76  1.35 0.47
  369 I   -4 -5 -6 -6 -3 -5 -6 -6 -5  6  2 -5  4  0 -5 -5 -3 -5 -3  2    0   0   0   0   0   0   0   0   0  58  19   0  11   3   0   0   0   0   0   9  1.21 0.41
  370 R   -4  8 -3 -5 -2 -1 -3 -6 -1 -6 -5  0 -5 -6 -5 -3 -4 -6 -5 -6    0  91   1   0   1   1   0   0   1   0   0   2   0   0   0   2   0   0   0   0  2.23 0.66
  371 V   -2 -5 -5  0 -3 -5 -5 -6 -5  5  1 -5 -1 -3 -5 -4 -3 -5 -4  5    3   0   0   5   0   0   0   0   0  36   8   0   1   0   0   0   0   0   0  47  1.05 0.39
  372 Q   -3 -2  0 -4 -6  9 -1 -5 -2 -6 -5 -2 -4 -6 -5 -3 -3 -5 -4 -3    1   0   3   0   0  89   1   0   0   0   0   1   0   0   0   1   1   0   0   2  2.25 0.71
  373 P   -4 -4 -6 -5 -6 -5 -4 -6 -6 -6 -6 -4 -6 -7  9 -4 -5 -7 -6 -6    0   1   0   0   0   0   0   0   0   0   0   0   0   0  97   0   0   0   0   0  3.13 0.78
  374 N   -3 -3  5  6 -4 -2  0  0 -1 -5 -5 -2  0 -5 -4  1 -2 -6 -5 -5    0   0  27  44   0   1   5   7   1   0   1   1   3   0   0   8   1   0   0   0  1.02 0.38
  375 E   -4 -4 -3  0 -7 -1  8 -5 -4 -7 -6 -3 -4 -7 -3 -4 -4 -6 -6 -6    1   0   1   2   0   1  94   0   0   0   0   0   0   0   1   0   0   0   0   0  2.20 0.69
  376 A    5 -4 -4 -4 -4 -4 -4  5 -4 -5 -5 -3 -4 -5 -4  1 -3 -5 -5 -4   52   0   0   0   0   0   0  39   0   0   0   1   0   0   0   7   0   0   0   0  1.23 0.46
  377 V   -3 -2 -6 -6 -4 -5 -5 -6 -6  6  0 -5  3 -3 -5 -5 -3 -5 -4  5    1   2   0   0   0   0   0   0   0  46   6   0   8   0   0   0   0   0   0  37  1.18 0.42
  378 Y   -2 -4 -3 -5 -5 -2 -4 -5 -1 -3  0 -4 -3  0 -5  1  2  2  8 -3    3   0   0   0   0   2   0   0   1   0   9   0   0   1   0  12  14   3  53   0  1.22 0.47
  379 T   -1 -4 -5 -5 -2 -4 -5 -5 -5  2  4 -4  5 -1 -5 -3  0 -4 -2  1    6   0   0   0   1   0   0   0   0  13  44   0  19   2   0   0   6   0   0   9  0.75 0.31
  380 K   -4  5 -2 -4 -4 -1 -2 -4 -2 -5 -5  7 -3 -6 -4 -2 -3 -6 -5 -4    0  27   1   0   0   1   1   0   1   1   0  64   0   0   0   2   1   0   0   1  1.45 0.51
  381 M   -4 -5 -5 -6 -2 -4 -5 -6 -4  3  2 -5  6  6 -5 -4 -2 -3 -1  1    0   0   0   0   1   0   0   0   0  19  14   0  23  33   0   0   2   0   0   9  1.05 0.38
  382 M   -2 -3  6 -2 -3 -1  0  3 -2 -3 -3 -3  5 -4 -4 -1  0 -5 -3 -3    2   0  38   1   0   2   6  20   1   1   1   0  19   0   0   2   6   0   0   1  0.81 0.37
  383 T    2 -3  3 -3  0 -2 -3 -2 -3 -1 -1 -2  0 -3 -3  3  2 -5 -3  1   18   0  14   0   2   0   0   1   0   2   4   0   2   0   0  27  15   0   0  13  0.40 0.26
  384 K   -4  0 -4 -4 -7 -2 -3 -5 -4 -6 -6  8 -5 -7 -5 -4 -4 -7 -5 -6    0   2   0   0   0   0   0   0   0   0   0  98   0   0   0   0   0   0   0   0  2.35 0.71
  385 K   -1  0 -2 -3 -3  0 -1 -4 -3  1 -1  3  1 -3 -3  0  1 -4 -2  3    2   4   1   0   0   5   3   0   0   7   5  22   4   0   0   6  11   0   1  30  0.33 0.22
  386 P   -4 -6 -6 -5 -7 -5 -5 -6 -6 -7 -6 -5 -6 -8  9 -4 -5 -8 -7 -6    0   0   0   0   0   0   0   0   0   0   0   0   0   0  99   1   0   0   0   0  3.26 0.82
  387 G   -3 -6 -3 -5 -3 -5 -5  7 -5 -6 -7 -4 -6 -7 -6 -3 -5 -6 -7 -7    1   0   0   0   0   0   0  97   0   0   0   0   0   0   0   0   0   0   0   0  2.37 0.65
  388 M    0 -3 -2 -4 -3 -1 -2 -3 -2  1  3 -3  4 -1  1  0  1 -3 -2  0    9   0   1   0   0   2   1   0   1   5  35   0  15   2   6   6   9   0   0   4  0.36 0.22
  389 F    0 -2  0  1 -3  0  1  3 -1 -3 -2 -1 -3  2 -3  2  0 -3  1 -3    7   1   3   7   0   5  10  24   1   0   2   2   0  10   0  17   6   0   5   0  0.26 0.17
  390 F   -3 -3  0 -3 -4 -3 -3 -3 -3 -1  1 -3  6  5 -5  0  1 -3  0 -1    1   0   6   1   0   0   1   1   0   2  11   1  27  27   0   7  11   0   1   2  0.69 0.33
  391 N   -1  3  2  2 -2  3  3 -2  1 -3 -4  0 -2 -4 -2  0 -1 -4 -2 -2    3  18  13  10   1  14  18   2   4   1   1   4   0   0   1   6   2   0   1   2  0.42 0.21
  392 P    0 -4 -3 -4 -1 -3 -3 -4 -4  2  2 -3  1 -3  3 -1  2 -4 -3  2    9   0   0   0   1   0   0   0   0  12  19   0   3   0  17   3  18   0   0  18  0.45 0.23
  393 E   -2  3 -2  2 -2  2  3 -3  1 -1 -2  0 -1 -4 -3 -1 -1 -4 -3  0    2  21   0  12   1  10  23   1   3   5   2   4   1   0   0   2   2   0   0  10  0.38 0.22
  394 E   -1  0 -1  2 -2  2  3 -3 -2 -1 -2 -1 -2 -4  3  1  0 -5 -4 -1    5   4   1  13   1   9  24   1   0   3   3   1   1   0  15  10   5   0   0   5  0.38 0.21
  395 S   -1 -4 -3 -4 -3 -3 -3 -4 -4  0 -2 -3 -2 -4 -3  3  4 -5 -4  4    3   0   0   0   0   0   0   0   0   3   2   0   0   0   1  25  31   0   0  35  0.78 0.38
  396 E   -1 -1  2  3 -5 -1  5 -4 -2 -4 -4  0 -3 -5 -3  0  1 -5 -4 -3    4   2  10  13   0   1  49   0   0   1   0   4   0   0   0   5  10   0   0   1  0.82 0.35
  397 L   -4 -5 -6 -7 -4 -4 -6 -6 -5 -1  5 -5  8 -2 -6 -5 -4 -5 -4 -2    0   0   0   0   0   0   0   0   0   1  57   0  42   0   0   0   0   0   0   0  1.76 0.57
  398 D   -4 -4  3  8 -7 -3  0 -4 -2 -6 -7 -3 -6 -7 -5 -3 -4 -7 -6 -6    1   0  14  78   0   1   3   0   1   0   0   1   0   0   0   0   0   0   0   0  1.97 0.59
  399 L   -5 -5 -6 -7 -5 -5 -6 -6 -5 -2  5 -6  0  6 -6 -5 -4 -3 -1 -2    0   0   0   0   0   0   0   0   0   0  58   0   1  40   0   0   0   0   1   0  1.53 0.50
  400 T   -1  1 -1 -1  2 -2 -2  0  2 -2  0 -2 -2 -3 -3  2  4 -4 -2 -2    4   8   1   3   4   1   1   6   5   1  11   1   0   1   0  16  36   0   1   1  0.39 0.26
  401 Y   -5 -5 -6 -6 -6 -2 -5 -6 -2 -5 -4 -5 -5  0 -6 -5 -5 -1 10 -4    0   0   0   0   0   2   0   0   0   0   1   0   0   1   0   0   0   0  93   1  2.96 0.79
  402 G    0  2  0 -1 -2  0 -1  4  0 -5 -4  2 -2 -5 -3  2 -2 -3 -4 -4    7  10   3   2   1   5   3  34   3   0   0  17   1   0   0  15   1   0   0   0  0.52 0.24
  403 N    0  1  2  2 -1  1  1 -2  3 -4 -3  0 -3 -4 -3  3  1 -4 -3 -3    6   8  11  14   1   5   9   2   8   0   1   4   0   0   0  24   7   0   0   0  0.37 0.21
  404 R    1  6 -2 -3  0 -1 -1 -3 -2 -3 -3  1 -2 -2 -3  1 -1 -4 -3 -3   13  51   1   1   3   1   2   1   0   1   1   7   1   2   0  11   3   0   0   1  0.80 0.32
  405 Y   -5 -5 -6 -6 -3 -3 -5 -4 -2 -2  0 -5 -2  7 -6 -4 -5  0  8 -4    0   0   0   0   1   1   0   1   0   2   6   0   0  40   0   0   0   0  47   0  1.82 0.55
  406 K    0  1 -1  0 -2  1  0 -1 -1 -2 -2  2 -2 -1  1  1  2 -3 -2 -1    6   6   2   4   0   6   6   5   1   1   2  20   1   2   7  11  15   0   1   3  0.19 0.11
  407 N   -2 -1  3  4 -3 -1  3  3 -1 -3 -4 -1 -4 -5 -3 -1 -2 -5 -4 -3    2   3  16  28   0   2  17  21   1   1   1   3   0   0   0   1   1   0   0   1  0.61 0.26
  408 V    1 -2 -2 -2 -2 -1 -1 -2 -2  1  1 -1  1  0 -1  0  1 -3 -1  3   13   1   1   2   0   2   3   1   1   9  10   3   4   5   2   6   8   0   1  30  0.16 0.11
  409 K   -1  1  2  0 -4  0  2 -3  0 -3 -3  3 -2 -3 -1  1  0  2  1 -2    5   7   9   4   0   2  14   0   2   0   0  26   0   1   2  13   5   3   5   2  0.32 0.19
  410 L   -2 -4 -2 -4 -3 -3 -3 -3 -4  4  3 -3  1 -1 -2  2  1 -4 -3  1    1   0   1   0   0   0   0   2   0  28  26   0   3   2   2  18   8   0   0   8  0.43 0.24
  411 P   -2 -5 -5 -5 -6 -4 -4 -4 -2 -6 -3 -4 -2 -6  8 -2 -4 -7 -6 -5    3   0   0   0   0   0   0   1   1   0   4   0   1   0  85   3   0   0   0   0  2.50 0.68
  412 D   -4 -4 -1  6 -5 -1  5 -3 -3 -6 -6 -3 -5 -6 -4 -2 -1 -6 -5 -5    1   0   2  48   0   1  41   1   0   0   0   0   0   0   0   1   4   0   0   0  1.44 0.50
  413 A    7 -5 -4 -5 -4 -4 -4 -2 -5 -5 -5 -4 -4 -5 -3  0 -1 -6 -5 -3   89   0   0   0   0   0   0   2   0   0   0   0   0   0   1   6   2   0   0   0  1.65 0.58
  414 Y   -6 -6 -2 -7 -7 -5 -6 -7 -2 -5 -5 -6 -5 -1 -7 -6 -6 -2 10 -5    0   0   2   0   0   0   0   0   0   0   0   0   0   0   0   0   0   0  98   0  3.23 0.87
  415 E   -4 -3 -3  0 -7 -1  7 -5 -2 -7 -6 -2 -5 -7 -3 -2 -2 -6 -5 -6    0   0   1   3   0   1  89   0   1   0   0   0   0   0   1   2   2   0   0   0  1.99 0.65
  416 R    0  7 -2 -4 -6 -2 -3 -5  2 -5 -5 -1 -4 -6 -5  1 -2 -6 -4 -3    7  73   1   0   0   0   0   0   5   0   0   1   0   0   0   9   2   0   0   2  1.55 0.54
  417 L   -5 -5 -7 -7 -5 -5 -6 -7 -6 -2  7 -6 -1 -3 -6 -6 -4 -5 -4 -2    0   0   0   0   0   0   0   0   0   0 100   0   0   0   0   0   0   0   0   0  1.95 0.61
  418 I   -4 -5 -6 -6 -4 -5 -6 -6 -6  6  4 -5  0 -1 -6 -5 -4 -5 -4  0    0   0   0   0   0   0   0   0   0  55  41   0   1   2   0   0   0   0   0   1  1.38 0.46
  419 L   -4 -1 -3 -6 -1 -4 -5 -6  0 -1  6 -4 -1 -1 -6 -5 -4 -3  0 -2    0   4   1   0   1   0   0   0   3   1  82   0   0   1   0   0   0   0   3   1  1.26 0.46
  420 D   -5 -5 -2  8 -7 -3  0 -5 -5 -7 -7 -4 -7 -7 -5 -4 -5 -8 -7 -7    0   0   0  96   0   0   4   0   0   0   0   0   0   0   0   0   0   0   0   0  2.59 0.73
  421 V    4 -5 -5 -5  6 -4 -4 -4 -5 -1 -3 -4 -2 -4 -4 -2 -1 -5 -4  5   32   0   0   0  16   0   1   0   0   0   0   0   0   0   0   1   3   0   0  47  1.06 0.43
  422 F   -2 -5 -5 -6 -3 -4 -5 -5 -4  3  3 -5  6  4 -5 -4 -3 -1 -1  0    2   0   0   0   0   0   0   0   0  19  30   0  22  22   0   0   1   1   1   3  0.93 0.36
  423 C   -2  2  0  0  5  0  0 -4  0 -1  2  1  1 -2 -4 -1 -2 -4 -2 -2    2  16   5   5  15   3   5   0   2   1  26  11   3   0   0   2   1   0   1   1  0.32 0.20
  424 G   -3 -6 -2 -4 -5 -5 -5  7 -5 -7 -7 -4 -6 -7 -6 -3 -5 -6 -7 -7    0   0   1   0   0   0   0  97   0   0   0   1   0   0   0   0   0   0   0   0  2.36 0.66
  425 S   -4 -3  1  7 -4 -2  2 -4 -4 -5 -6 -2 -5 -6 -4  2 -2 -7 -5 -5    0   1   6  62   0   0  10   0   0   0   0   2   0   0   0  18   1   0   0   0  1.39 0.49
  426 Q    1  0  0 -3 -5  5 -2 -3  5 -5 -5 -1 -3 -5  2  1 -2 -5 -3 -4   13   5   5   0   0  35   0   1  15   0   0   3   0   0  11  12   0   0   0   0  0.79 0.37
  427 M   -1  1  0 -3 -4  0 -3 -3  2 -1 -2 -2  4 -4  1  2  4 -5 -3 -2    3   6   3   0   0   4   0   0   5   3   1   1  14   0   7  19  31   0   0   0  0.52 0.31
  428 H   -3 -3  4 -2 -4 -3 -4 -5  6 -2  4 -4 -1 -2 -5 -3 -2 -4  1 -3    1   1  22   1   0   0   0   0  19   1  47   0   0   1   0   1   1   0   4   0  0.90 0.40
  429 F   -6 -6 -6 -7 -6 -7 -7 -7 -5 -3 -3 -7 -4  9 -7 -6 -6 -3  1 -4    0   0   0   0   0   0   0   0   0   0   0   0   0  95   0   0   0   0   3   0  2.85 0.75
  430 V    1 -4 -4 -5 -3 -4 -4 -5 -5  2 -1 -4  2 -3  3 -2  2 -5 -3  5   10   0   0   0   0   0   0   0   0   9   2   0   4   0  14   1  13   0   1  46  0.74 0.34
  431 R   -4  8 -4 -5 -4 -2 -3 -6  0 -6 -5 -1 -4 -6 -2 -4 -4 -6 -5 -4    0  91   0   0   0   1   0   0   2   0   0   0   0   0   3   0   0   0   0   2  2.25 0.69
  432 S    0  1  1  3 -4 -1 -1  0  3 -3 -4  0 -3 -3 -3  3  1  3 -2 -3    5   8   5  17   0   2   1   5   7   1   0   5   0   0   0  30   7   5   0   1  0.42 0.24
  433 D   -4 -4 -2  8 -7  0  1 -4  0 -6 -7 -3 -6 -7 -5 -3 -4 -7 -6 -6    1   0   0  84   0   3   8   0   2   0   0   0   0   0   0   0   0   0   0   0  2.11 0.63
  434 E   -1 -3 -4 -1 -7 -1  7 -3  0 -6 -5 -3 -3 -6 -4 -3 -4 -5 -5 -6    6   0   0   1   0   0  87   2   2   0   0   0   1   0   0   1   0   0   0   0  1.89 0.64
  435 L   -3 -5 -6 -6 -4 -5 -5 -5 -6  0  5 -5  0 -3 -5 -4 -2 -5 -4  4    1   0   0   0   0   0   0   1   0   1  59   0   1   0   0   0   1   0   0  36  1.17 0.44
  436 L    0  3 -2  3 -5  0  4 -4  0 -4 -3  0 -3 -4 -3 -1 -2 -5 -3 -3   10  15   0  20   0   2  36   0   2   1   2   4   1   0   0   4   0   0   0   2  0.64 0.30
  437 E    4 -2 -3 -3 -2 -1  3 -3 -1 -1  0 -2 -2 -3 -3 -1 -1 -4 -2  1   40   1   0   0   1   2  25   0   2   2  12   0   0   0   0   2   3   0   1   9  0.48 0.29
  438 A    6 -4 -4 -4  2 -3 -3 -2 -4 -4 -5 -3 -3 -5 -4  3 -1 -5 -5 -3   65   0   0   0   3   1   0   2   0   0   0   0   0   0   0  27   2   0   0   0  1.21 0.49
  439 W   -7 -7 -8 -8 -7 -6 -7 -7 -7 -7 -6 -5 -6 -3 -8 -7 -7 13 -2 -7    0   0   0   0   0   0   0   0   0   0   0   1   0   0   0   0   0  98   0   0  4.87 1.09
  440 R    0  5  1 -2 -5  1  1 -2 -2 -5 -4  4 -3 -5 -4  0 -2 -5 -4 -4    9  35   6   1   0   6   8   2   0   0   0  25   0   0   0   6   2   0   0   0  0.73 0.32
  441 I   -4 -5 -6 -6 -4 -5 -6 -6 -5  6  2 -4 -1  3 -4 -5 -3 -4 -1  1    0   0   0   0   0   0   0   0   0  62  16   1   0  11   1   0   0   0   1   7  1.22 0.43
  442 F   -4 -5 -6 -6 -3 -5 -6 -6 -4  0  2 -5  0  7 -6 -5 -4 -2  0  3    0   0   0   0   0   0   0   0   0   4  22   0   1  51   0   0   0   0   1  19  1.26 0.43
  443 T   -3 -4 -2  4 -4  0 -2 -3 -4 -4 -5 -4 -1 -5 -4 -1  7 -6 -5 -4    0   0   1  22   0   5   1   1   0   0   0   0   1   0   0   2  67   0   0   0  1.40 0.55
  444 P   -4 -3 -5 -4 -7 -4 -5 -4 -3 -6 -6 -4 -6 -7  9 -4 -5 -7 -7 -5    0   2   0   0   0   0   0   1   0   0   0   1   0   0  93   1   0   0   0   0  2.91 0.78
  445 L   -1 -5 -5 -6 -3 -5 -5 -6 -5  5  4 -5  0 -1 -5 -3 -3 -4 -3  2    5   0   0   0   0   0   0   0   0  35  42   0   1   2   0   1   0   0   0  14  0.91 0.35
  446 L   -2 -4 -6 -5 -4 -4  0 -5 -5  0  6 -5 -1 -2 -5 -4 -3 -5 -4 -2    4   0   0   0   0   0   7   1   0   3  82   0   0   0   0   1   1   0   0   0  1.24 0.47
  447 H   -1 -1  1  1 -5  1  3 -4  8 -5 -5  2 -3 -5 -4 -1 -3 -5 -2 -5    4   2   6   8   0   6  19   0  38   0   0  12   0   0   0   3   1   0   0   0  1.03 0.40
  448 Q    2  0 -2 -2 -3  3  2 -2  3 -3 -3  0 -3  0 -3 -2 -2  3  4 -1   17   4   0   2   0  13  15   2   8   0   1   5   0   4   0   0   2   5  17   5  0.39 0.24
  449 I   -4 -5 -6 -6 -4 -5 -6 -6 -5  5  1 -5 -1 -1 -6 -5 -3 10 -2 -1    0   0   0   0   0   0   0   0   0  42  14   0   1   1   0   0   1  36   0   1  1.79 0.53
  450 E    0 -1 -2  4 -5  0  5 -3 -2 -5 -5  0 -4 -5 -3 -1 -2 -5 -4 -4   10   2   0  28   0   2  45   1   0   0   0   6   0   0   0   3   1   0   0   0  0.98 0.38
  451 L    2  2  2  0 -2  1  2  1 -1 -3 -3  1 -3 -4 -2  1  0 -4 -3 -3   18  12  10   4   0   6  15   9   1   1   2  10   0   0   1   7   4   0   0   0  0.26 0.16
  452 E   -1  0  2  2 -4  1  3  1  0 -4 -3  2 -2 -4 -1  0  0 -3 -3 -3    3   3  13  10   0   6  23  12   3   0   3  12   1   0   3   5   4   0   0   1  0.34 0.18
  453 K    0  2  1  0 -4  0  1  0  1 -4 -4  4 -3 -5  2 -1 -2 -5 -3 -4    6   9   7   6   0   2   8   8   4   0   0  36   0   0  10   3   2   0   0   0  0.49 0.25
  454 P    0 -3 -3 -1 -2 -2 -1  1 -3  3 -1 -2  0 -2  4 -1 -1 -3 -3  2    6   1   1   3   0   1   4  10   1  23   3   1   2   1  23   3   3   0   0  15  0.39 0.21
  455 K    1  2 -1  0 -3  2  0 -2 -1 -1 -3  3 -2 -4  2  0  0 -4 -3 -1   11  12   1   5   0   9   4   2   1   4   1  24   0   0  12   4   7   0   0   4  0.32 0.19
  456 P   -3 -5 -2 -1 -3 -4 -3 -4 -4 -1  0 -4 -2 -2  7 -2 -2 -6 -5  0    1   0   2   4   1   0   1   1   0   3  11   0   1   1  65   2   2   0   0   6  1.59 0.51
  457 I   -1 -3 -3 -1 -2 -1  3 -4  1  3  0 -1  0  2  0 -2 -2 -3  1  1    5   0   0   3   0   2  26   0   5  21   7   2   2   9   4   1   1   0   4   8  0.27 0.20
  458 P   -2 -3 -2 -3 -4  1  0 -1 -1 -2  1 -1 -2 -1  6 -1 -1 -5 -1 -3    1   0   2   1   0   8   7   5   1   3  14   3   1   2  43   4   4   0   2   1  0.78 0.32
  459 Y   -6 -6 -6 -7 -7 -6 -6 -7 -2 -5 -5 -6 -5 -1 -7 -6 -6 -2 10 -5    0   0   0   0   0   0   0   0   0   0   0   0   0   0   0   0   0   0  99   0  3.39 0.91
  460 I    1 -1 -3 -1 -4  0  3 -4 -3 -1 -3  1 -2 -5  5 -1  0 -5 -3  0   12   2   0   2   0   3  20   0   0   3   1  10   1   0  31   3   6   0   0   6  0.63 0.29
  461 Y    4 -3 -4 -5 -1 -3 -4 -4 -1 -4 -3 -4 -3  2  1  0 -3 -2  7 -3   33   1   0   0   1   1   0   0   1   0   2   0   0   8   6   7   0   0  38   1  0.98 0.42
  462 G   -3 -6 -4 -4 -5 -5 -6  8 -6 -7 -7 -5 -6 -5 -6 -4 -5 -6 -7 -7    0   0   0   0   0   0   0  98   0   0   0   0   0   0   0   0   0   0   0   0  2.46 0.69
  463 S   -2 -4 -2 -3 -2 -3 -3  0 -4 -5 -5 -3 -4 -5 -4  6  4 -6 -5 -4    1   0   0   1   1   0   0   6   0   0   0   0   0   0   0  63  27   0   0   1  1.30 0.54
  464 R   -5  7 -4 -5 -4 -3 -3 -5 -5 -6 -5 -2 -2 -4 -6 -4 -2 10 -3 -6    0  53   0   0   0   0   1   0   0   0   0   1   1   0   0   1   2  39   0   0  2.35 0.69
  465 G   -3 -6 -4 -4 -6 -3 -2  7 -5 -7 -7 -5 -6 -7 -6 -3 -5 -6 -7 -7    0   0   0   0   0   1   3  95   0   0   0   0   0   0   0   0   0   0   0   0  2.33 0.67
  466 P   -5 -6 -6 -6 -7 -5 -5 -6 -6 -7 -7 -5 -7 -5  9 -5 -5 -8 -7 -6    0   0   0   0   0   0   0   0   0   0   0   0   0   1  99   0   0   0   0   0  3.32 0.87
  467 T    1 -1 -1  0 -3  0  1 -3 -1  0 -2  2 -2 -3  2  0  0 -4 -3  1   16   2   1   5   0   4  11   0   1   4   1  20   0   0   8   5   7   0   0  15  0.22 0.17
  468 E    1 -2 -1 -1 -1  0  5  2 -2 -5 -5 -1 -4 -5 -3  1 -2 -5 -4 -2   10   1   3   1   1   3  50  14   1   0   0   2   0   0   0  10   0   0   0   3  0.76 0.36
  469 A    6 -4 -4 -5 -3 -4 -4 -2 -5 -2  1 -4 -2 -3 -3  1 -2 -5 -3 -2   71   0   0   0   0   0   0   1   0   1  14   0   0   1   0   9   0   0   0   2  1.11 0.48
  470 D   -3 -2  1  7 -6 -2  2 -4  3 -5 -6 -2 -5 -4 -4 -2 -3 -6  1 -4    2   2   4  63   0   1  10   0   8   0   0   1   0   0   0   1   1   0   6   1  1.34 0.48
  471 E    0 -1 -1  3 -5  1  5 -3 -2 -4 -2  1 -3 -2 -3 -2 -2 -3  3 -3    9   2   1  16   0   4  39   1   0   0   4   7   0   1   0   1   1   0  12   1  0.59 0.31
  472 L   -4 -5 -6 -6 -4 -4 -6 -6 -5 -1  5 -3  5  4 -6 -5 -4 -3  0 -2    0   0   0   0   0   0   0   0   0   1  63   1  14  17   0   0   0   0   3   0  1.26 0.46
  473 M    0 -2 -4 -5 -1 -3 -3 -3 -4  3  3 -4  5 -2 -4 -2 -1  2 -2  1   10   1   0   0   1   0   1   1   0  20  33   0  16   0   0   3   4   3   0   6  0.51 0.26
  474 K    3  0  1 -1 -3  1  2 -1 -1 -3 -3  3 -3 -3 -3  0 -1 -3 -3 -2   36   4   6   2   0   5  13   3   1   1   1  19   0   1   0   6   2   0   0   1  0.42 0.25
  475 R   -2  6  0 -1 -5  1  0 -3 -2 -5 -4  4 -4 -5 -3  0 -2 -5 -4 -5    2  43   3   3   0   4   5   2   1   0   1  30   0   0   1   6   1   0   0   0  0.96 0.38
  476 V   -1 -2  1  4 -4 -2 -1 -3  5 -3 -3 -2 -2  0 -4 -1 -1 -2  3  1    4   2   5  29   0   1   2   0  15   0   1   1   1   4   0   4   3   0  14  14  0.52 0.27
  477 G   -3 -4  2 -2 -5 -4 -4  7 -4 -6 -6 -3 -5 -6 -5 -3 -4 -6 -6 -6    0   0  11   2   0   0   0  82   0   0   0   1   0   0   0   1   0   0   0   0  1.85 0.56
  478 F   -4  4 -3 -5 -4 -3 -4 -5  0 -2 -3 -2 -3  6 -5 -4 -3 -1  5  1    0  29   1   0   0   0   0   0   2   1   1   1   0  31   0   0   0   1  20  12  1.05 0.42
  479 Q   -1  4 -1 -3 -4  2  0 -3  3 -1 -3  2 -2 -3 -3  0  0 -3 -3  1    3  26   1   0   0  10   5   0   7   3   1  16   0   1   0   5   4   0   0  15  0.41 0.23
  480 Y   -5  1 -5 -6 -6 -1 -5 -6 -1 -5 -4 -3 -3  2 -6 -4 -5 11  6 -5    0   9   0   0   0   3   0   0   1   0   1   2   0   8   0   1   0  52  22   0  2.40 0.66
  481 E    0 -2  1  1 -3  0  2  0  2 -4 -3 -1 -3 -2 -2  2  1  4  1 -3    8   0   7   5   0   3  20   8   6   0   1   1   0   1   0  15  11   8   5   0  0.31 0.17
  482 G   -1 -3  0  4 -4 -1  0  4  2 -5 -4  0 -4 -5 -1 -1 -2 -5 -4 -4    3   0   2  28   0   2   5  40   5   0   1   5   0   0   3   3   2   0   0   1  0.69 0.25
  483 T   -1 -2  2  2 -3 -2  0  2 -2 -3 -3 -1 -3 -4 -1  2  3 -4 -3 -2    3   1  11  11   0   0   5  18   0   0   2   2   0   0   2  14  28   0   0   1  0.40 0.19
  484 Y   -4 -4 -5 -2 -5 -4 -5 -6  0 -4 -4 -4 -1  1 -5 -4 -3  3  9 -1    0   0   0   3   0   0   0   0   1   0   0   0   2   1   0   1   1   3  82   5  2.12 0.53
  485 K   -1  1 -1 -1 -3  3  1 -3  0  1 -3  4 -1 -3 -3  0  1 -4 -3 -1    1   5   2   2   0  16   7   1   3  11   0  32   1   1   0   6  10   0   0   2  0.35 0.18
  486 W   -6 -6 -7 -8 -4 -5 -6 -6 -6 -6 -5 -7 -5 -2 -7 -6 -6 13 -1 -6    0   0   0   0   0   0   0   0   0   0   0   0   0   0   0   0   0  99   0   0  4.54 0.78
  487 V   -2  2 -3 -4 -2 -2 -3 -4 -3  3 -1 -1 -1 -2 -3 -2  1 -4 -3  4    0  17   0   0   0   0   0   0   0  22   0   2   0   0   0   1  10   0   0  48  0.50 0.18
  488 N   -2 -2  7  0 -3 -1 -1 -1 -1 -4 -4 -1 -3 -4 -3  2 -1 -5 -3 -4    0   0  76   1   0   0   0   0   0   0   0   0   0   0   0  23   0   0   0   0  1.06 0.20
