    1 P   -7 -8 -8 -7 -9 -7 -7 -8 -8 -9 -9 -7 -9 -10  9 -7 -7 -10 -9 -8    0   0   0   0   0   0   0   0   0   0   0   0   0   0 100   0   0   0   0   0  3.70 1.34
    2 H   -7 -6  0 -7 -9  3 -6 -8 11 -9 -7 -6 -7 -5 -8 -6 -7 -8 -4 -9    0   0   4   0   0  11   0   0  84   0   1   0   0   0   0   0   0   0   0   0  3.62 1.28
    3 F   -4 -6 -5 -7  5 -6 -7 -7 -6  4  4 -6  0  4 -7 -6 -4 -5 -4  0    1   0   1   0  11   0   0   0   0  23  39   0   2  17   0   0   0   0   0   6  1.20 0.55
    4 I   -3 -3 -3 -5 -4 -3 -4 -6  3  5 -2 -5 -2 -2 -6 -3  4  0  0  3    2   1   1   0   0   1   1   0   7  31   2   0   1   1   0   2  23   1   3  23  0.88 0.49
    5 V   -1 -6 -7 -7 -1 -6 -7 -7 -7  6  2 -6  3 -2 -6 -6 -4 -6 -5  4    4   0   0   0   1   0   0   0   0  38  21   0   7   1   0   0   1   0   0  26  1.24 0.57
    6 E   -6 -5 -2  4 -8 -1  7 -6 -1 -8 -3 -4 -7 -8 -6 -4 -6 -8 -7 -6    0   0   2  22   0   2  67   0   1   0   4   0   0   0   0   1   0   0   0   0  1.92 0.88
    7 C   -4 -6 -7 -8  5 -7 -7 -7  4 -4 -4 -7 -5 -1 -8 -6 -3 -2  9 -5    2   0   0   0  12   0   0   0   8   1   1   0   0   2   0   0   2   0  71   1  2.66 1.06
    8 S   -1 -6 -4 -3 -4 -5 -5 -5 -6 -7 -7 -5 -6 -5 -3  6  4 -7 -5 -6    5   0   0   2   0   0   0   0   0   0   0   0   0   0   2  64  26   0   0   0  1.72 0.87
    9 D    4 -1  0  3 -5  0  1  0 -2 -5 -5 -1 -5 -6  1  0 -2 -6 -5 -4   35   4   5  17   0   5  10   6   1   0   0   4   0   0   7   5   1   0   0   0  0.58 0.39
   10 N   -3 -2  7  2 -6 -1  0 -1 -1 -7 -7 -3 -6 -7  0  1 -1 -7 -4 -5    2   1  54   8   0   2   5   5   1   0   0   1   0   0   5   8   4   0   0   1  1.27 0.64
   11 I   -3 -6 -7 -6 -4 -5 -7 -6 -4  4  6 -6 -1 -3 -5 -6 -2 -6 -5  2    2   0   0   0   0   0   0   0   1  19  63   0   1   0   0   0   2   0   0  10  1.38 0.64
   12 R    2  1 -2  2 -4 -1  3 -1 -1 -2 -1  0 -3 -3  1  0  0 -4 -3 -3   19   7   1  11   0   2  20   3   2   3   7   6   0   1   6   5   6   0   1   1  0.27 0.24
   13 E    0 -1  1  4 -5  2  3  1  0 -3 -3 -1 -4 -5  0 -1 -1 -5 -4 -3    9   3   5  22   0  10  18  11   2   2   2   2   0   0   4   4   3   0   0   1  0.43 0.30
   14 E    0  2  0  1 -3  2  1 -1  1 -1 -1  0 -1 -1 -2  0  0 -2 -1 -1    9  12   5   9   0   8  11   4   5   3   6   5   1   2   1   7   6   0   2   4  0.12 0.11
   15 A    1 -3 -3 -1 -1 -2 -3 -3  1  1  2 -2 -1  2  0 -2  0 -4 -2  2   15   1   1   3   1   2   1   2   4   9  19   2   1  11   5   1   5   0   1  17  0.24 0.21
   16 D   -2 -1  3  6 -6 -1  0 -4 -1 -4 -4 -2 -4 -6  0  0 -2 -7 -6 -4    4   3  12  50   0   3   5   1   1   1   2   2   0   0   4   7   3   0   0   1  1.05 0.55
   17 L   -1  1 -4 -3 -3 -1 -1 -4 -3  3  1 -3  3  1  2 -3 -2  1 -3  1    6  10   0   1   0   3   5   1   1  19  11   1  10   6  11   0   2   2   0  11  0.34 0.27
   18 P    1  2  0  2 -4  3  1  0  0 -4 -3  1 -3 -5  3  0 -1 -5 -4 -3   10  10   3  10   0  14  10   6   2   0   2   7   1   0  15   5   3   0   0   1  0.39 0.29
   19 G    3  0 -2  0 -3  1  2  2 -1 -4 -2  0 -3 -3 -1  0  0 -3 -4 -1   27   4   1   6   0   6  14  15   2   0   3   4   0   1   3   6   5   0   0   3  0.30 0.26
   20 L   -2 -6 -7 -7 -5 -6 -6 -7 -6  1  6 -6  0  3 -6 -5 -2 -2 -3  1    3   0   0   0   0   0   0   0   0   7  65   0   2  11   0   0   2   1   0   7  1.29 0.59
   21 F    1 -5 -5 -6  6 -5 -6 -3 -5  0  4 -5  3  3 -4 -4 -2 -5 -3  1   11   0   0   0  16   0   0   2   0   4  35   0   8  10   1   0   2   0   1   9  0.84 0.44
   22 A    0  3 -1  1 -4  2  3 -3  0 -3  0  2 -2 -4 -3 -1 -1 -5 -3 -3    9  18   2   7   0   8  19   2   2   1  11  11   1   0   1   4   3   0   0   1  0.34 0.27
   23 K    3  1 -1  1 -1  1  1 -1 -1 -3 -2  2 -3 -5 -4  0  1 -5 -4 -2   27   8   2   9   1   7   8   3   2   0   4  12   0   0   0   5   7   0   0   3  0.31 0.26
   24 V   -1 -6 -4 -7 -2 -5 -6 -5 -6  2  5 -6  0 -2 -6 -5 -3 -6 -5  4    5   0   1   0   1   0   0   1   0  11  50   0   2   1   0   0   1   0   0  27  1.10 0.53
   25 N    0  0  5 -5 -4 -1 -5 -4  9 -6 -5 -3 -5  0 -5 -3 -3 -4  1 -5    8   5  23   0   0   3   0   1  45   0   1   1   0   3   0   1   1   0   4   0  1.66 0.74
   26 P    1  1  1  2 -3  3  1 -2  2 -4 -3  0 -4 -4  0 -1  0 -5 -3 -3   15   9   5  13   0  15  10   3   6   1   2   5   0   1   5   4   5   0   1   1  0.33 0.27
   27 T    4 -2 -4 -4  1 -1 -1 -1 -2 -1 -1 -3 -2 -3 -4 -1  3 -5 -2  2   37   2   0   0   2   2   3   4   1   2   7   0   0   1   0   4  16   0   2  16  0.50 0.37
   28 L    3 -6 -6 -6  0 -5 -6 -5 -6  0  4 -5  3 -3 -6 -4  0 -6 -5  2   28   0   0   0   2   0   0   0   0   4  41   0   8   1   0   1   5   0   0  11  0.92 0.51
   29 A    2 -2 -2 -1  1 -2 -1 -3 -3  2  1 -3  1  0 -4 -2 -1  0 -2  3   16   2   2   4   3   1   3   2   0  14  15   1   3   4   0   3   2   2   1  22  0.27 0.22
   30 A    3 -1  0  2 -4  0  3  1 -3 -5 -5  0 -4 -6 -3  1 -1 -6 -4 -4   25   4   3  12   0   3  22  12   0   0   1   4   0   0   1  10   3   0   0   0  0.53 0.37
   31 T   -1 -2 -3 -2  0  0 -3 -3  0  0 -3 -1 -2 -4 -3  4  4 -6 -3 -2    4   2   0   2   2   4   1   2   2   7   2   3   1   1   1  34  30   0   1   3  0.69 0.47
   32 G    1 -2 -2  1 -6  0  0  6 -4 -4 -3 -3 -4 -6 -1 -2 -3 -6 -4 -2   10   2   2   8   0   4   6  52   0   1   2   1   0   0   4   2   1   0   0   4  0.88 0.47
   33 I    0 -4 -3 -2 -3  1 -1 -1  1  1  3 -3 -1 -2 -2 -2 -1 -2 -2  2    8   0   1   3   0   7   3   5   4   8  34   1   0   1   2   2   3   0   1  18  0.35 0.27
   34 F    0 -7 -7 -7 -3 -5 -7 -5 -4  0 -2 -7  0  8 -7 -5 -1 -2  0 -1    9   0   0   0   0   0   0   1   0   4   3   0   2  67   0   1   5   1   2   5  1.86 0.76
   35 P    0  1 -1  2 -6  1  2 -2 -2 -4 -5  1 -4 -6  5  0 -2 -6 -5 -3    7   7   2  13   0   6  11   3   1   1   1   9   0   0  29   7   2   0   0   2  0.67 0.40
   36 L    1 -2 -3 -2 -3 -2  2 -4 -3  1  1 -2  0 -3  4 -1  0 -3 -3  1   12   2   1   2   0   1  14   0   0   8  16   2   2   0  18   3   7   0   0   9  0.32 0.26
   37 A    2 -3  0  0 -5  0  2  4 -1 -4 -4 -2 -4 -5  1  0 -1 -1 -4 -4   20   1   5   6   0   3  14  28   1   1   2   1   0   0   6   7   4   1   0   1  0.48 0.33
   38 G    2 -4 -1  5 -6 -3 -2  4 -1 -5 -5 -4 -6 -7 -4  1 -2 -7 -6 -3   16   0   2  33   0   1   2  31   1   0   1   0   0   0   0   9   3   0   0   2  0.95 0.52
   39 I   -3 -7 -7 -7  6 -7 -7 -6 -7  7  0 -7 -2 -1 -7 -6  0 -7 -5  3    1   0   0   0  14   0   0   0   0  54   8   0   0   2   0   0   5   0   0  15  1.54 0.66
   40 R   -6  5 -5 -6 -4 -3 -4 -7 -6 -8 -7  7 -6 -8 -6 -4 -5 -8 -7 -7    0  31   0   0   0   0   0   0   0   0   0  67   0   0   0   1   0   0   0   0  2.28 0.96
   41 S    0 -5 -5 -5 -1 -5 -5 -5 -6 -1 -3 -5 -4 -6 -5  4  4 -7 -6  4    6   0   0   0   1   0   0   0   0   4   2   0   0   0   0  33  27   0   0  27  1.08 0.62
   42 R   -7  8 -6 -7 -9 -1 -5 -8 -6 -8 -2 -2 -3  0 -7 -6 -6 -8 -3 -6    0  86   0   0   0   3   0   0   0   0   5   1   1   4   0   0   0   0   1   0  2.56 1.04
   43 V    5 -5 -6 -6  0 -5 -5 -3 -3  1  0 -5 -2  3 -4 -1 -2 -6 -4  0   56   0   0   0   2   0   0   1   0   8   8   0   1  12   1   4   2   0   0   5  1.00 0.56
   44 H   -3  3  0 -5 -2  0 -3 -5  2  3  1 -2  0  1 -5 -2 -1 -1  3  2    1  17   4   0   1   4   1   0   5  21  12   1   1   6   0   2   3   1   9  13  0.41 0.29
   45 W    1  4 -4 -4  2 -1  0 -2 -4 -3 -2  1 -2 -5  4 -1 -2  1 -5 -2   12  27   0   0   4   2   5   2   0   1   4   7   1   0  23   4   2   2   0   3  0.66 0.41
   46 V    1 -3 -3 -2  5 -1 -4 -4  0  0  1 -4  0  2 -4 -1  0 -1  4  1   15   1   1   2  11   3   0   0   2   4  15   0   2   9   0   3   6   1  13  11  0.40 0.29
   47 D    0 -1 -1  4 -6  2  4 -3  2 -4 -5  0 -4 -6  0  0  0 -6 -4 -5    7   3   3  25   0   7  25   1   6   1   0   5   0   0   4   6   6   0   0   0  0.65 0.40
   48 T   -1 -2  1  4 -2  0  1 -4  7 -3 -4 -3 -3 -2 -4 -1  1 -6  1 -2    5   2   6  22   1   4   7   1  25   1   1   1   0   2   0   5  10   0   4   3  0.73 0.43
   49 W   -2 -6 -3 -6  0 -5 -5 -5  0 -3 -3 -6 -4  5 -6 -1 -1  6  7 -2    4   0   1   0   2   0   0   1   2   1   2   0   0  24   0   4   5  10  39   3  1.49 0.67
   50 Q    1  3 -3 -4  1  1 -2 -4 -1 -1  2 -1 -1  0 -4 -2 -1 -2 -1  2   13  17   1   0   4   7   2   0   2   3  20   3   1   4   0   2   4   0   2  14  0.26 0.23
   51 M   -3 -5 -6 -6 -1 -3 -6 -5 -6  5  0 -4  3 -3 -6 -4 -2 -6 -3  5    1   0   0   0   1   1   0   1   0  32   6   1   6   1   0   1   2   0   1  45  1.23 0.55
   52 A    4 -5 -2 -3 -5 -4 -5  6 -4 -4 -5 -4 -5 -4 -4 -3 -3 -5 -5 -3   36   0   1   2   0   0   0  51   0   1   1   0   0   1   1   1   1   0   0   2  1.36 0.60
   53 D   -1 -3  1  6 -3 -3  0  0 -1 -3 -2 -3 -3 -3 -1 -1  2 -5 -4 -2    4   1   5  47   0   1   5   6   1   2   4   1   1   1   3   3  11   0   1   2  0.82 0.43
   54 G    0 -2 -1  1 -1 -1  1  6 -3 -6 -3 -2 -4 -4 -4 -1 -2 -6 -5 -4    8   2   3   9   1   3   8  53   1   0   3   2   0   1   1   3   2   0   0   1  0.90 0.46
   55 Q    0  0  1  1 -4  1  1  0  1 -2 -1  1 -2 -3  0  0  1 -4 -3 -2   10   6   5  10   0   8   7   8   4   1   7   8   1   1   5   7  10   0   0   2  0.15 0.14
   56 H    0 -1  0  2 -4  0  3  1  1 -4 -4 -1 -4 -5  4  0 -1 -6 -3 -2    9   3   4  13   0   3  18   9   4   1   1   2   0   0  19   7   4   0   0   3  0.46 0.31
   57 D   -1 -1  1  5 -5  1  2  1  0 -4 -5  0 -5 -6  0 -1 -2 -6 -5 -4    5   3   5  32   0   7  14  12   2   1   1   6   0   0   6   4   1   0   0   1  0.62 0.36
   58 Y   -1  3  2  2 -3  2  0 -3  5 -3 -3 -1 -2 -1 -3 -1 -2 -3  3 -1    5  14  11  11   0  12   4   2  13   1   3   2   1   2   1   3   2   0  10   4  0.42 0.27
   59 A    5 -3 -1  0 -3 -3 -2  3  0 -3 -4 -3 -3 -4 -1  1 -1 -5 -4 -3   47   1   2   5   0   1   2  19   2   1   2   1   1   1   3   8   3   0   0   1  0.75 0.43
   60 F   -7 -7 -7 -8 -7 -6 -8 -6 -3 -1 -2 -7  1  9 -8 -6 -7 -4  3 -2    0   0   0   0   0   0   0   1   1   3   2   0   3  77   0   1   0   0   8   3  2.52 0.94
   61 V   -1 -7 -7 -7 -2 -6 -7 -7 -7  5  0 -6  0 -2 -6 -6 -3 -6 -5  6    5   0   0   0   1   0   0   0   0  32   8   0   2   1   0   0   1   0   0  50  1.46 0.64
   62 H   -2 -6  0  0 -5 -2 -5 -7 10 -8 -6 -6 -7 -4 -8 -5 -6 -7  3 -8    4   0   4   6   0   1   0   0  74   0   1   0   0   1   0   0   0   0   8   0  2.94 1.10
   63 M    1 -6 -6 -7 -2 -6 -6 -4 -6  3  2 -6  3 -3 -6 -5 -2 -6 -5  5   12   0   0   0   1   0   0   1   0  15  21   0   7   0   0   0   1   0   0  41  1.03 0.52
   64 T   -2  1  2 -1 -2  1  1 -4  1 -2 -3  1 -2  1 -4  1  4 -3 -3 -2    3   7   9   3   1   7   9   0   3   3   2   8   0   6   0  10  25   0   0   3  0.34 0.29
   65 L    0 -6 -7 -7 -2 -6 -6 -4 -6  3  5 -6  0  1 -6 -5 -3 -5 -4  3    7   0   0   0   1   0   0   2   0  14  48   0   1   7   0   0   1   0   0  20  1.00 0.50
   66 K    1  5 -1 -3 -4 -1 -1  0  2 -4 -4  3 -4 -3 -5  1 -3 -1  1 -5   11  28   3   1   0   2   3   6   5   1   1  20   0   1   0   9   1   1   6   0  0.61 0.39
   67 I   -5 -6 -7 -7 -5 -4 -7 -6 -7  6  4 -6  4 -3 -7 -6 -2 -6 -5  1    0   0   0   0   0   1   0   1   0  41  39   0   9   0   0   0   2   0   0   8  1.42 0.63
   68 G    0 -1 -5 -6 -5 -4 -5  3 -3 -2  5 -4  5 -1 -6 -4 -3 -5 -5 -2    6   3   0   0   0   0   0  20   1   1  49   1  13   2   0   1   1   0   0   1  0.94 0.52
   69 A    3 -1 -2 -1 -5  0  1 -2  1 -5 -5 -1 -4 -6  3  3  0 -4 -4 -4   28   4   1   3   0   3  10   2   3   0   0   2   0   0  13  24   5   0   0   1  0.59 0.41
   70 G   -4 -6 -4 -7 -8 -7 -6  8 -7 -9 -9 -7 -8 -9 -5 -6 -4 -8 -8 -8    1   0   0   0   0   0   1  96   0   0   0   0   0   0   1   0   1   0   0   0  2.79 1.05
   71 R   -7  9 -6 -7 -9 -4 -6 -8 -3 -9 -8 -1 -7 -5 -8 -6 -7 -2 -7 -8    0  96   0   0   0   0   0   0   1   0   0   2   0   1   0   0   0   1   0   0  3.11 1.16
   72 S   -2 -4  0  2 -5 -4 -2 -5 -5 -5 -6 -4 -4 -7  1  5  5 -7 -6 -5    2   0   4  11   0   0   2   0   0   0   0   0   0   0   7  40  31   0   0   0  1.13 0.64
   73 L    1 -3 -1  3 -4  0  2 -3 -2 -1  0 -2 -1 -4  3 -1  1 -5 -4 -1   12   1   2  15   0   5  16   1   0   3  10   2   2   0  16   3   8   0   0   4  0.35 0.27
   74 E    3 -3 -3  2 -6  1  6 -4 -5 -5 -5 -3 -5 -6 -3 -2 -3 -7 -6 -3   20   1   1   9   0   6  53   1   0   0   1   1   0   0   1   2   2   0   0   2  1.19 0.63
   75 S    0 -3 -2  0 -3  5  0 -5 -3  0 -1 -2 -1 -3 -5 -2  3 -6 -5  3    8   0   1   4   0  29   5   0   0   4   7   1   1   1   0   2  16   0   0  19  0.60 0.43
   76 R   -4  3 -4 -5  1  1 -3 -6  2 -1 -1  6  1 -6 -5 -4  0 -6 -5 -1    0  14   0   0   3   5   0   0   4   3   6  52   3   0   0   0   5   0   0   4  1.06 0.60
   77 Q    0  3 -1 -1  0  4  0  0  1 -2 -3  2  0 -2 -4 -1 -1 -4 -3 -2    8  14   3   3   2  23   5   6   3   2   2  14   2   2   0   4   4   0   0   2  0.36 0.29
   78 Q    1  3  0  0 -3  2  1 -2  0 -2 -2  0  0 -2  0  0  0 -4 -1 -2   16  19   4   4   0   8  10   2   3   2   4   5   3   2   4   5   4   0   2   2  0.19 0.19
   79 A    2 -4 -4 -4 -3 -4 -4 -3 -4  2  4 -4  1  0 -4 -2  0 -4 -3  2   16   0   0   0   0   0   0   2   0  10  40   0   3   3   0   2   6   0   0  14  0.53 0.32
   80 G    1 -2 -1 -3  4 -2 -3  3 -4 -2 -3 -2 -1 -1 -3  3  1 -4 -4 -2   12   1   2   0   8   1   0  27   0   2   2   2   2   3   0  26   7   0   0   3  0.50 0.33
   81 E    0  0  0  4 -4  2  3 -1  1 -3 -3  0 -2 -4 -3 -1 -1 -5 -2 -3    9   4   3  21   0   9  25   4   3   1   3   6   1   0   0   4   3   0   1   1  0.43 0.29
   82 M    3  1 -1 -1 -1  1  0 -2  2 -2  0  0  1 -3 -3  0  0 -4 -2 -2   29   9   2   3   1   8   6   2   7   2   8   4   3   1   0   7   7   0   1   1  0.23 0.24
   83 L   -2 -6 -6 -7 -2 -6 -6 -5 -6  4  4 -6  1 -1 -4 -4 -3 -6 -5  3    3   0   0   0   1   0   0   1   0  19  45   0   3   2   1   1   1   0   0  22  1.05 0.51
   84 F   -3 -2 -3 -4 -1 -3 -4 -5 -2 -1  4 -4  3  6 -6 -2 -2 -2  0  0    2   2   1   1   1   1   1   1   1   2  34   1   7  30   0   3   2   1   2   6  0.83 0.44
   85 E    3  0 -1  3 -3  2  3 -1 -1 -2 -4  0 -2 -3 -3  0  0 -5 -4 -3   27   6   2  14   1   8  16   4   1   2   1   5   1   1   1   5   5   0   0   1  0.40 0.31
   86 L    3 -1 -3 -3  2 -1 -1 -3 -3  0  0 -1  0 -2 -3 -1  1 -2 -2  3   27   3   1   1   5   3   4   1   1   4  10   3   2   1   1   3   8   1   1  23  0.31 0.26
   87 I    0 -5 -6 -6 -1 -5 -6 -6 -6  3  5 -4  3 -2 -6 -5 -2 -5 -2  2   10   0   0   0   1   0   0   0   0  13  51   1   6   1   0   0   2   0   1  13  0.96 0.49
   88 K    0  3 -1 -1  1  2  1 -3  0 -2 -2  3 -2 -5 -3  0  1 -5 -4 -1    9  15   2   4   3  12   7   1   2   1   3  17   1   0   1   8   9   0   0   5  0.31 0.26
   89 T    2  0  0  2 -4  3  2 -1  1 -4 -3  1 -2 -5 -3  0  1 -5 -4 -3   19   5   3  10   0  13  16   4   4   1   2   7   1   0   1   6   7   0   0   1  0.35 0.28
   90 H    0  0 -2 -3  0  0 -2 -3  7 -2 -1 -2  1  1 -4 -2 -2  1  3 -1    8   5   1   1   2   4   3   2  32   2   8   2   3   7   1   3   2   2   9   4  0.69 0.39
   91 F   -2 -4 -3 -5  2 -1 -4 -4 -4  0  4 -4  2  5 -4 -3 -1 -1 -1  0    4   0   1   1   4   3   1   1   0   5  35   1   4  26   0   1   3   1   2   7  0.71 0.38
   92 A    3 -1 -2  0 -1  1  1  0 -2 -3 -2  0 -3 -4  3  0 -1 -4 -2 -2   31   3   1   5   1   6   7   7   1   1   4   6   0   0  14   6   3   0   1   2  0.36 0.27
   93 A    1 -1 -1  2 -3  1  2 -1 -1 -4 -3 -1 -2 -3  5  0 -1  0 -1 -3   12   3   2  11   1   5  12   5   1   1   2   2   1   1  28   5   3   2   2   1  0.50 0.33
   94 L    0 -2 -3 -2 -1 -1 -1 -2  0  2  2 -2  0 -2  0 -1 -1  1 -2  2   10   2   1   2   1   4   5   2   2  11  23   2   1   1   5   4   3   2   1  18  0.21 0.18
   95 M   -1 -1 -1 -2  0  1 -1 -2 -1  0  1 -1  2  4  1 -1 -1 -2  1 -1    5   3   2   2   2   7   4   3   1   4  15   3   7  17   7   5   4   0   4   3  0.18 0.16
   96 E    3 -1  1  2 -1  1  2  0 -2 -3 -3 -1 -3 -2  0  1  0 -4 -2 -2   24   3   5  10   2   6  13   8   1   1   2   4   0   2   4   8   5   0   1   2  0.23 0.20
   97 S    0  2  0  0 -3  2  1  1  0 -2 -1  1 -2 -2 -2  1  1 -2 -2 -2    7  10   4   6   0   8   8  13   2   2   5   9   1   1   2  10   8   1   1   3  0.14 0.13
   98 R   -2  4 -2 -1 -2  0  0 -2  3 -2  0  0  0 -2  1  0  0 -2 -1  0    2  24   1   3   1   4   5   3   7   2  12   4   2   2   8   6   5   1   2   7  0.25 0.20
   99 L   -1 -1 -1  0 -3  0  0  0  3 -2 -1 -1 -1 -1  2  0  0 -1  3 -1    5   3   3   7   0   5   5   7   8   2   5   3   1   2  10   9   6   1  13   5  0.16 0.15
  100 L   -2 -3 -3 -3  2 -3 -4 -2 -1  3  3 -3 -1  2 -3 -3 -2 -3 -2  3    3   2   1   2   4   1   1   3   2  15  28   1   1   8   1   1   2   0   1  22  0.48 0.27
  101 A    4 -3 -3 -3 -3  5 -3  1  2 -4 -5 -4 -1 -5 -4  3 -2 -5 -4 -4   30   1   1   1   1  24   1  11   4   1   1   0   1   1   0  20   1   0   0   1  0.83 0.53
  102 L   -3 -6 -7 -7 -2 -6 -7 -7 -7  4  5 -5  0 -1 -7 -4 -4 -6 -2  1    2   0   0   0   1   0   0   0   0  22  60   1   1   3   0   1   1   0   1   7  1.34 0.63
  103 S   -2 -3 -5 -6  5 -3 -5 -3 -6 -4 -7 -5 -6 -5 -6  6  4 -7 -6 -6    2   1   0   0  11   1   0   2   0   1   0   0   0   1   0  57  23   0   0   0  1.61 0.86
  104 F    0 -6 -7 -7 -2 -6 -6 -7 -6  1  2 -6  4  3 -6 -4 -3 -6 -4  5    9   0   0   0   1   0   0   0   0   6  20   0   8  10   0   1   1   0   0  44  1.08 0.56
  105 E   -4 -5  2  2 -8  2  7 -7  1 -8 -7 -4 -4 -8 -6 -4 -4 -8 -3 -6    1   0  10  10   0   9  63   0   3   0   0   0   0   0   0   0   1   0   1   0  1.73 0.87
  106 I   -4 -7 -7 -5 -2 -7 -7 -8 -7  6  1 -7  4 -3 -4 -6 -3 -3 -6  5    1   0   0   1   1   0   0   0   0  38  14   0  10   0   1   0   2   0   0  32  1.39 0.66
  107 E   -1  4 -1  1  0  0  0 -4  0  1  0 -1 -1 -2 -3 -1  0 -5  1  1    4  27   2   8   2   4   5   1   2   8   7   1   1   1   1   4   5   0   4  12  0.29 0.26
  108 E   -6 -6 -3  6 -9 -2  6 -7 -4 -3 -6 -4 -7 -8 -7 -5 -5 -9 -8 -3    0   0   1  44   0   1  48   0   0   2   1   0   0   0   0   0   0   0   0   2  1.95 0.93
  109 L   -3 -6 -2 -7 -6 -6 -7 -2 -4  4  3 -6  7  4 -7 -2 -4 -5 -4 -2    2   0   2   0   0   0   0   4   0  21  25   0  24  16   0   3   1   0   0   2  1.14 0.59
  110 H   -2 -4  1  6 -6  0  2 -4  3 -5 -5 -3 -4 -6  2  1 -2 -7 -4 -5    3   1   6  41   0   3  14   1   6   1   1   1   0   0  10   9   2   0   1   0  0.97 0.55
  111 P    1  4 -3 -3 -6 -1  1 -2 -2 -6 -5  2 -4 -6  4 -1 -1 -3 -5 -3   10  24   1   1   0   3   9   3   1   0   1  14   0   0  24   4   3   0   0   2  0.77 0.47
  112 T    3 -2 -2  2 -5  1  3 -1 -1 -3 -4 -3 -4 -4 -1  0 -1 -6 -4  1   23   2   1  10   0   6  22   5   2   1   1   1   0   1   3   8   4   0   0  12  0.40 0.34
  113 L   -1 -3 -1 -2  2 -2 -3  0  1  0  1 -3 -2  1 -2  2  2  0  3 -1    5   1   3   2   4   1   0   8   3   4  15   1   0   6   2  16  13   1  12   2  0.23 0.23
  114 N   -4 -4  1  0 -7 -4 -3 -5 -1 -6 -6 -3 -6  2 -7  1  2 -4  8 -6    1   1   7   6   0   0   2   1   1   0   0   2   0   7   0  12  11   0  50   0  1.51 0.77
  115 F    2  2 -3 -5  1 -1 -4 -1  0 -3 -2 -1 -3  4 -1  0 -2  5  4 -1   15  10   0   0   3   3   0   5   2   1   3   4   0  16   3   7   2   9  13   4  0.47 0.34
  116 K   -6  0  2 -5 -8 -3 -3 -6 -6 -6 -7  8 -6 -8 -6 -3 -4 -8 -4 -4    0   4  10   0   0   1   1   0   0   0   0  79   0   0   0   2   1   0   1   1  2.16 0.98
  117 Q   -3  4 -3 -2 -1  3 -2 -4  6 -3 -2  4 -1 -1 -5 -2 -1  2 -3 -3    2  20   0   2   1  11   2   1  19   2   3  22   2   2   0   3   4   3   0   1  0.74 0.45
  118 N   -3 -1  7 -2 -3 -3 -3  1 -1 -4 -4 -3 -5 -6 -5  3  1 -6 -5 -4    1   3  49   2   0   1   1  10   1   1   2   0   0   0   0  20   9   0   0   1  1.15 0.59
  119 N    0 -4  7 -3 -5 -4 -4 -4 -4 -4 -4 -2  0 -6 -1  3  1 -7 -6 -4    7   0  54   0   0   0   0   0   0   1   2   1   3   0   4  19   9   0   0   1  1.28 0.64
  120 V   -3 -4 -4 -4 -4 -5 -4 -4 -6  6  3 -5  0 -3 -4 -4 -3 -5 -1  2    1   1   1   1   0   0   1   1   0  51  25   0   2   0   1   0   1   0   2  13  1.06 0.47
  121 H   -4  3 -1 -5 -7 -1 -3 -6 10 -7 -7 -3 -6 -6 -4 -5 -6 -7 -3 -7    2  15   2   0   0   3   1   0  76   0   0   1   0   0   1   0   0   0   0   0  2.76 0.91
  122 A    3 -2  0  2 -4  1  1 -2 -2 -5 -4 -1 -4 -5  5 -1 -1 -5 -5 -4   28   1   3  14   0   7   9   2   0   0   0   4   0   0  27   2   2   0   0   0  0.71 0.37
  123 L   -2  5 -1 -4 -5 -2 -2 -5  5 -3  3  0 -2  0 -5 -4 -4 -4  0 -3    3  41   2   0   0   0   2   0  14   0  28   3   0   4   0   0   0   0   3   0  0.87 0.43
  124 F   -4 -5 -6 -6 -5 -5 -6 -6 -4 -1  4 -5  0  6 -6 -5 -4 -2  5 -2    0   0   0   0   0   0   0   0   0   2  43   0   2  37   0   0   0   0  17   1  1.31 0.47
  125 K   -3  4  3 -3 -5  3 -2 -4 -2 -5 -5  5 -4 -5 -4 -2 -3 -5 -4 -5    0  24  18   0   0  12   0   0   0   0   0  46   0   0   0   0   0   0   0   0  1.13 0.41
