    1 A    6 -4 -3 -4 -3 -3 -3 -2 -4 -4 -4 -3 -3 -5 -3  3 -2 -5 -4 -3   75   0   0   0   0   0   0   0   0   0   0   0   0   0   0  25   0   0   0   0  1.21 0.39
    2 T   -3  3  0 -3 -5  1 -2 -4  4 -5 -5  6 -4 -5 -4 -3  1 -5 -2 -4    0  17   4   0   0   7   0   0  12   0   0  52   0   0   0   0   8   0   1   0  1.06 0.41
    3 R    6  3 -4 -4 -3 -2 -3 -2 -2 -3 -4 -2 -4 -5 -4 -1 -1 -5 -4  0   69  15   0   0   0   1   0   1   1   0   0   1   0   0   0   1   4   0   0   6  1.04 0.44
    4 I   -2 -6 -6 -6 -3 -5 -6 -6 -6  7 -1 -5  0 -2 -6 -5 -3 -6 -4  4    4   0   0   0   0   0   0   0   0  68   1   0   1   1   0   0   0   0   0  25  1.52 0.50
    5 E   -3  7 -3 -4 -2  4  1 -5 -3 -1 -3  0 -2 -5 -5 -3 -3 -5 -4  0    0  57   0   0   1  17   7   0   0   5   2   2   1   0   0   1   1   0   0   7  1.13 0.44
    6 F   -2 -5 -5 -6 -3 -5 -5 -6 -5  5  0 -5  1  5 -5 -4 -3 -3 -1  3    2   0   0   0   0   0   0   0   0  34   5   0   3  31   0   0   0   0   1  23  1.02 0.37
    7 H   -1  1  0  0 -5  0  1 -4  8 -5 -5 -2 -4 -3 -4  1 -1 -4  2 -4    4   7   3   5   0   3   8   0  41   0   0   1   0   1   0  14   4   0   8   1  0.94 0.37
    8 K    1  3 -2 -1 -4  4  4 -3 -1 -4 -4  1 -3 -5 -3 -1  0 -5 -4 -4   13  16   0   1   0  18  32   1   1   0   0   9   0   0   0   3   5   0   0   0  0.67 0.31
    9 H   -1 -3  0 -4 -4 -1 -3 -4  5 -1 -1 -3 -3  1  1 -1  5 -4  2 -1    4   0   5   0   0   2   0   0  18   2   5   0   0   7   7   1  39   0   6   5  0.64 0.33
   10 G   -3 -6 -4 -5 -6 -5 -6  8 -6 -7 -7 -5 -6 -7 -6 -4 -5 -6 -7 -7    0   0   0   0   0   0   0 100   0   0   0   0   0   0   0   0   0   0   0   0  2.51 0.67
   11 G   -2 -5 -3 -1 -6 -5 -3  7 -5 -7 -6 -5 -6 -6 -4 -2 -4 -6 -6 -6    2   0   0   3   0   0   2  90   0   0   0   0   0   0   1   1   1   0   0   0  2.04 0.58
   12 P   -2 -6 -6 -5 -6 -5 -4 -6 -6 -6 -6 -5 -6 -7  9 -2 -4 -7 -7 -4    3   0   0   0   0   0   0   0   0   0   0   0   0   0  92   3   0   0   0   1  2.85 0.75
   13 E   -4 -3 -3  4 -7  0  7 -4 -3 -6 -6 -2 -5 -7 -4 -2 -4 -6 -5 -6    0   0   0  18   0   2  76   1   0   0   0   1   0   0   0   2   0   0   0   0  1.75 0.58
   14 V    0 -4 -4 -6 -4  0 -3 -6 -5 -1 -2 -2 -2 -4 -5 -4 -2 -6 -4  7    7   0   1   0   0   4   2   0   0   0   0   2   0   0   0   0   1   0   0  82  1.44 0.53
   15 L   -4 -5 -6 -7 -4 -4 -6 -7 -5  1  6 -5  6 -1 -6 -5 -4 -5 -4 -2    0   0   0   0   0   0   0   0   0   5  73   0  20   2   0   0   0   0   0   0  1.49 0.50
   16 Q   -1  4 -1 -1 -3  3  3 -3  0 -3 -3  3 -3 -5 -3 -1  0 -5 -3 -1    3  21   2   2   0  16  18   1   2   1   1  18   0   0   0   4   6   0   0   5  0.51 0.25
   17 A   -2 -4 -5 -6 -2 -4 -5 -5 -3  0  2 -5 -1  2 -3 -4 -3  9  5  0    4   1   0   0   1   0   0   0   0   4  24   0   1   6   2   0   1  31  18   6  1.23 0.41
   18 V   -1 -1 -3  0 -2  0  5 -4 -2 -1 -3 -1 -3 -4 -4 -2 -1 -5 -4  3    5   2   0   3   1   2  49   1   1   2   1   1   0   0   0   1   3   0   0  26  0.78 0.37
   19 E   -1 -3  0  6 -5  0  4 -3 -1 -5 -5 -2 -5 -5 -2 -1  0 -6 -5 -5    4   1   3  44   0   4  29   1   1   0   0   1   0   0   1   4   7   0   0   0  1.00 0.38
   20 F   -1 -1 -4 -4 -2 -2 -3 -5 -1  2  0 -3  0  2 -4 -3 -1 -1  0  5    5   5   0   0   0   1   1   0   2  12   7   0   1   9   0   1   2   1   2  49  0.58 0.28
   21 T   -1 -3 -1  4 -5  0  4 -3 -2 -4 -5 -1 -3 -5  3  0  1 -5 -4 -3    6   0   1  20   0   3  34   1   0   0   0   1   1   0  14   5  12   0   0   1  0.71 0.32
   22 P   -1 -4 -5 -3 -3 -4 -4 -5 -5  2  3 -4 -1 -3  3 -3  0 -5 -4  4    3   0   0   1   0   0   0   0   0  11  26   0   0   0  15   1   5   0   0  37  0.68 0.30
   23 A    1 -2 -3 -2 -5 -3 -2  5 -3 -5 -4 -2 -5 -6  5 -2 -3 -5 -5 -3   12   2   0   2   0   1   2  44   0   0   1   1   0   0  32   1   1   0   0   1  1.11 0.39
   24 D    2 -1 -1  3 -4  1  4 -3 -3 -4 -4  0 -3 -5  2  0 -1 -5 -4 -3   23   3   1  16   0   5  30   1   0   0   0   3   0   0   9   5   2   0   0   1  0.56 0.27
   25 P   -4 -6 -6 -5 -7 -5 -5 -6 -6 -7 -4 -5 -6 -8  9 -5 -5 -8 -7 -6    0   0   0   0   0   0   0   0   0   0   1   0   0   0  98   0   0   0   0   0  3.18 0.81
   26 A    2 -3 -2 -3 -5 -2 -3  6 -3 -6 -5  0 -5 -6 -4 -2 -3 -5 -5 -4   17   1   1   0   0   2   1  68   0   0   0   7   0   0   0   2   0   0   0   0  1.33 0.44
   27 E    2 -2 -3 -2 -5 -2  1 -4 -3 -5 -5 -1 -5 -6  7 -2 -2 -3 -5 -3   19   1   0   2   0   1  12   0   0   0   0   3   0   0  56   2   1   0   0   2  1.39 0.46
   28 N   -3 -4  1 -1 -6 -2 -5  7  0 -7 -6 -3 -6 -6 -5 -3 -4 -6 -5 -6    0   1   5   3   0   2   0  85   2   0   0   1   0   0   0   0   0   0   0   0  1.85 0.54
   29 E   -4 -3 -3 -1 -7  5  7 -5 -3 -6 -6 -2 -3 -7 -4 -3 -4 -6 -5 -6    0   0   0   1   0  23  74   0   0   0   0   0   1   0   0   0   0   0   0   0  1.84 0.61
   30 I    1 -5 -6 -6 -3 -5 -5 -5 -6  4 -1 -5 -2 -3 -5 -4 -3 -5 -4  6   14   0   0   0   0   0   0   0   0  20   3   0   0   0   0   0   0   0   0  62  1.20 0.44
   31 Q   -3  6 -3 -4 -4  3 -3 -5 -2 -3  2  0 -2 -4 -5 -3 -1 -2 -4 -2    1  52   0   0   0  14   0   0   0   0  22   2   0   0   0   0   3   0   0   3  1.01 0.41
   32 V   -3 -5 -6 -6 -4 -5 -5 -6 -6  5  2 -5  1 -2 -5 -5 -3 -5 -4  5    0   0   0   0   0   0   0   0   0  32  17   0   2   0   0   0   0   0   0  49  1.17 0.41
   33 E   -2  7 -3 -2 -6  0  1 -5 -2 -6 -5  2 -4 -6 -5 -3 -3 -5 -5 -4    4  68   0   2   0   2  11   0   1   0   0  11   0   0   0   1   1   0   0   1  1.46 0.49
   34 N   -4 -3  5 -3 -6  4 -3 -5  8 -3 -3 -3 -4 -5 -5 -3 -3 -6 -3 -2    0   0  24   0   0  22   0   0  44   2   2   0   0   0   0   0   1   0   0   4  1.57 0.54
   35 K    0  2 -2 -2 -4  0  2 -3  4 -3 -3  3 -2 -4 -3  0  3 -4 -2 -1    8  10   0   0   0   2  15   1  13   0   2  17   0   0   0   4  23   0   0   4  0.43 0.25
   36 A    7 -4 -5 -5 -3 -4 -4 -3 -3 -5 -5 -4 -4 -4 -4 -2 -3 -6 -2 -3   96   0   0   0   0   0   0   0   1   0   0   0   0   1   0   0   0   0   1   1  1.85 0.63
   37 I    0 -5 -6 -6  2 -5 -5 -6 -6  6 -1 -5 -1 -3 -5 -4 -3 -5 -4  4    7   0   0   0   5   0   0   0   0  51   1   0   0   0   0   0   0   0   0  35  1.23 0.43
   38 G   -2 -6 -4 -5 -6 -5 -6  7 -6 -7 -7 -5 -6 -7 -6 -4 -5 -6 -7 -7    2   0   0   0   0   0   0  98   0   0   0   0   0   0   0   0   0   0   0   0  2.42 0.65
   39 I   -3 -5 -6 -6 -2 -5 -5 -6 -5  2  5 -5  0 -1 -5 -5 -3 -4 -3  4    0   0   0   0   1   0   0   0   0   9  59   0   0   2   0   0   0   0   0  29  1.09 0.39
   40 N   -5 -4  9 -2 -7 -4 -4 -4 -3 -7 -7 -4 -6 -7 -6 -3 -4 -8 -6 -7    0   0 100   0   0   0   0   0   0   0   0   0   0   0   0   0   0   0   0   0  2.87 0.80
   41 F   -5 -6 -6 -7 -6 -6 -6 -7 -3 -4 -3 -6 -2  8 -7 -6 -5 -2  7 -4    0   0   0   0   0   0   0   0   0   0   0   0   1  66   0   0   0   0  32   1  2.34 0.64
   42 I    0 -5 -6 -6 -4 -4 -6 -6 -6  8 -1 -6 -2 -3 -6 -5 -3 -6 -4  1    8   0   0   0   0   1   0   0   0  84   2   0   0   0   0   0   1   0   0   4  1.74 0.55
   43 D   -5 -5 -2  8 -7 -4 -1 -5 -5 -7 -7 -4 -7 -7 -5 -4 -5 -8 -7 -7    0   0   0  99   0   0   1   0   0   0   0   0   0   0   0   0   0   0   0   0  2.71 0.74
   44 T   -2 -5 -4 -5  0 -4 -4 -5 -5  3 -2 -4 -2 -4 -4 -2  5 -5 -4  4    1   0   0   0   2   0   0   0   0  19   1   0   0   0   0   0  46   0   0  31  1.07 0.44
   45 Y   -6 -6 -6 -7 -7 -5 -6 -7 -1 -5 -5 -6 -5 -1 -7 -5 -6 -2 10 -5    0   0   0   0   0   0   0   0   0   0   0   0   0   0   0   0   0   0  99   0  3.29 0.86
   46 I   -3 -2 -2 -4 -4  3 -3 -5  7 -1 -3 -3 -1  6 -5 -3 -4 -2  3 -1    1   1   1   0   0  15   0   0  26   4   1   1   1  36   0   0   0   0   8   3  1.11 0.42
   47 R   -5  9 -4 -5 -4 -3 -4 -6 -4 -7 -6 -1 -5 -7 -6 -4 -5 -7 -5 -6    0 100   0   0   0   0   0   0   0   0   0   0   0   0   0   0   0   0   0   0  2.70 0.76
   48 S   -1 -1  0 -1 -3 -2 -2 -2 -3 -3 -4  1 -3 -5 -4  5  4 -5 -4 -4    1   3   4   2   0   1   2   2   0   1   0   7   0   0   0  44  32   0   0   0  0.83 0.39
   49 G   -3 -6 -4 -5 -6 -5 -5  8 -6 -7 -7 -5 -6 -7 -6 -4 -5 -6 -7 -7    0   0   0   0   0   0   0 100   0   0   0   0   0   0   0   0   0   0   0   0  2.49 0.67
   50 L   -1 -1 -4 -5 -4 -2 -4 -5 -3  1  5 -3  0 -2 -5 -3 -1 -4 -2  1    4   3   0   0   0   2   0   0   1   4  68   1   0   0   0   1   5   0   1  10  0.85 0.35
   51 Y   -5 -6 -6 -7 -6 -5 -6 -7 -1 -5 -5 -6 -5  1 -7 -6 -6 -2 10 -4    0   0   0   0   0   0   0   0   0   0   0   0   0   2   0   0   0   0  97   0  3.18 0.84
   52 P   -1 -3 -4 -4 -6 -1 -3 -5 -5 -6 -6  3 -5 -7  8 -2 -3 -7 -6 -5    6   0   0   0   0   2   1   0   0   0   0  17   0   0  70   2   1   0   0   0  1.97 0.57
   53 P    2 -3 -2 -3 -3 -1 -3 -3 -1  1  2 -2  2 -1  2 -1 -1 -1 -2  2   24   1   2   0   0   4   0   0   1   5  22   0   6   2   9   2   4   1   0  17  0.27 0.19
   54 P    0 -2 -2 -1 -3 -1 -1 -2 -2 -3 -3 -2 -3 -3  7 -1 -2 -3 -3 -3    8   2   1   3   1   3   3   3   1   1   3   2   1   1  59   3   2   0   1   2  1.27 0.30
   55 S    1  0  0  1 -2  1  1  0  0 -2 -2  0 -1 -2  0  2  1 -2 -2 -1   15   3   3   7   1   8   7   5   2   1   3   7   1   1   3  16  12   0   1   2  0.15 0.08
   56 L   -3 -4 -5 -5 -4 -4 -5 -5 -5 -1  6 -4  4  1 -3 -4 -3 -3 -2 -1    1   0   0   1   0   0   0   1   0   1  73   0  11   5   1   1   1   0   1   1  1.15 0.41
   57 P   -4 -6 -6 -5 -7 -5 -4 -6 -6 -6 -7 -5 -6 -7  9 -4 -4 -7 -7 -6    0   0   0   0   0   0   1   0   0   0   0   0   0   0  98   0   0   0   0   0  3.18 0.81
   58 S    2 -3  0 -3 -1 -2 -3 -1  2 -2 -1 -3 -1  4 -4  3  0 -2  0 -2   16   0   4   0   1   1   0   4   5   1   6   0   1  24   0  27   5   0   3   1  0.42 0.26
   59 G   -1 -3 -3 -4 -3 -3 -4  5 -4  2 -3 -3 -3 -4 -3 -1  2 -4 -4  2    4   1   0   0   0   1   0  48   0  12   0   0   0   0   1   3  16   0   0  14  0.76 0.33
   60 L   -2 -5 -5 -5 -4 -4 -5 -5 -5  2  4 -4  2 -3  5 -4 -3 -5 -4  0    2   0   0   0   0   0   0   0   0  10  52   0   6   0  26   0   1   0   0   3  1.02 0.39
   61 G   -3 -6 -4 -5 -6 -5 -6  8 -6 -7 -7 -5 -6 -7 -6 -4 -5 -6 -7 -7    0   0   0   0   0   0   0 100   0   0   0   0   0   0   0   0   0   0   0   0  2.52 0.69
   62 T   -1 -2  1 -3 -3  0 -2 -2  0 -1  1 -1  5 -1 -4  1  2 -4 -2  1    2   1   8   0   0   4   1   3   3   0  13   4  21   2   0  10  12   0   0  14  0.27 0.21
   63 E   -4 -4 -4 -1 -7 -2  8 -6 -4 -7 -7 -3 -6 -7 -5 -4 -4 -7 -6 -6    0   0   0   2   0   0  98   0   0   0   0   0   0   0   0   0   0   0   0   0  2.38 0.74
   64 A    5 -5 -4 -4 -4 -4 -4  5 -5 -5 -5 -4 -4 -5 -4 -1 -3 -5 -5 -4   57   0   0   0   0   0   0  41   0   0   0   0   0   0   0   2   0   0   0   0  1.39 0.50
   65 A    6 -5 -5 -5  1 -4 -4 -3 -5 -4 -4 -4 -4 -5 -4  0 -3 -6 -5  1   82   0   0   0   3   0   0   0   0   0   0   0   0   0   0   5   0   0   0   9  1.45 0.54
   66 G   -3 -6 -4 -5 -6 -5 -6  8 -6 -7 -7 -5 -6 -7 -6 -4 -5 -6 -7 -7    0   0   0   0   0   0   0 100   0   0   0   0   0   0   0   0   0   0   0   0  2.51 0.68
   67 I   -3 -2 -5 -3 -4 -3  1 -5 -4  2 -2 -4 -1 -3 -5 -4  1 -5 -4  6    0   2   0   1   0   0  11   0   0  11   0   0   1   0   0   0  10   0   0  62  0.97 0.42
   68 V   -3 -6 -6 -6 -4 -6 -6 -7 -6  3 -2 -6 -2 -3 -6 -5 -3 -6 -4  7    0   0   0   0   0   0   0   0   0  17   0   0   0   0   0   0   0   0   0  83  1.78 0.58
   69 S   -2 -2 -3  1 -5 -1  5 -4 -3 -1 -2 -1 -2 -5 -4 -1  2 -5 -4  1    2   1   0   5   0   1  51   0   0   4   4   2   1   0   0   2  15   0   0  12  0.74 0.36
   70 K    6 -3 -4 -3 -4 -2  0 -3 -4 -4 -5  1 -3 -5 -4 -1 -2 -6 -4 -3   78   1   0   1   0   1   6   0   0   0   0   9   0   0   0   3   1   0   0   0  1.24 0.50
   71 V   -3 -5 -6 -6 -4 -5 -6 -6 -6  2  0 -5 -2 -4 -5 -5 -2 -6 -4  7    1   0   0   0   0   0   0   0   0   8   8   0   0   0   0   0   2   0   0  81  1.55 0.53
   72 G   -3 -6 -4 -5 -6 -5 -6  8 -6 -7 -7 -5 -6 -7 -6 -4 -5 -6 -7 -7    1   0   0   0   0   0   0  99   0   0   0   0   0   0   0   0   0   0   0   0  2.48 0.68
   73 S    1 -2 -2  1 -5 -1  4 -3 -2 -5 -5 -1 -4 -5  5  1 -2 -6 -5 -4   13   1   0   8   0   1  35   0   1   0   0   1   0   0  27  11   1   0   0   1  0.88 0.36
   74 G   -1 -4  0  2 -5 -3 -1  7 -3 -6 -6 -3 -5 -6 -5 -2 -4 -6 -6 -6    5   0   4  10   0   0   5  74   1   0   0   0   0   0   0   1   0   0   0   0  1.50 0.48
   75 V   -3 -6 -6 -6 -4 -5 -6 -5 -6  0 -1 -6 -2 -4 -5 -5 -3 -6 -4  7    1   0   0   0   0   0   0   1   0   1   3   0   0   0   0   0   1   0   0  94  1.92 0.62
   76 K   -1 -1 -1  0 -4 -1  0 -3 -1 -3 -4  0 -3 -5 -4  2  6 -5 -4 -2    4   3   1   5   0   1   7   1   1   0   1   6   0   0   0  11  57   0   0   2  0.83 0.39
   77 H   -2  0  1  3 -4  0  2  3  5 -5 -4 -2 -3 -3 -4 -1 -1 -1 -2 -4    2   6   6  18   0   2  12  26  17   0   1   0   0   1   0   3   3   1   1   1  0.56 0.26
   78 I   -3 -1 -5 -6 -3 -5 -5 -6 -4  1  3 -4 -1  6 -5 -4 -3  0 -1  3    0   4   0   0   0   0   0   0   0   8  31   0   1  35   0   0   0   1   0  19  0.88 0.34
   79 K    3  2 -1 -3 -3  2 -1 -2  0 -4 -4  5 -3 -4 -3  0 -1 -5 -4 -2   24  12   1   0   0   8   2   1   2   0   0  38   0   0   0   6   2   0   0   2  0.64 0.31
   80 A    0 -4 -5 -4 -4 -3  0 -5 -5  0 -2 -3 -3 -4  5 -3 -2 -6 -4  5    7   0   0   0   0   1   7   0   0   3   2   1   0   0  29   0   1   0   0  47  0.97 0.40
   81 G   -3 -5 -4 -5 -6 -5 -6  8 -6 -7 -7 -5 -6 -7 -6 -4 -5 -6 -7 -7    0   0   0   0   0   0   0 100   0   0   0   0   0   0   0   0   0   0   0   0  2.50 0.68
   82 D   -5 -5 -2  8 -7  0 -1 -5 -5 -7 -7 -4 -2 -7 -5 -4 -3 -8 -7 -7    0   0   0  92   0   4   2   0   0   0   0   0   1   0   0   0   1   0   0   0  2.37 0.69
   83 R   -5  8 -4 -5 -7 -2 -3 -6 -3 -4 -3 -1 -5 -5 -5 -4 -4 -6 -4 -3    0  91   0   0   0   0   0   0   0   1   3   1   0   0   0   0   0   0   0   2  2.23 0.68
   84 V    0 -6 -6 -6 -4 -5 -6 -6 -6  1 -2 -5 -2 -4 -6 -5 -3 -6 -4  7    6   0   0   0   0   0   0   0   0   4   0   0   0   0   0   0   0   0   0  89  1.80 0.59
   85 V    6 -4 -4 -5 -2 -4 -4  1 -5 -3 -4 -4 -3 -3 -4 -1  1 -5 -4  1   71   0   0   0   1   0   0   8   0   0   0   0   0   1   0   1   8   0   0  10  1.12 0.46
   86 Y   -5 -5 -6 -7 -5 -5 -6 -6 -1 -5 -5 -5 -5  1 -6 -4 -1  3 10 -4    0   0   0   0   0   0   0   0   0   0   0   0   0   2   0   1   4   3  88   0  2.73 0.76
   87 A    4 -3 -1 -3  2 -3 -3  0 -3 -1 -2 -3  0  0 -2 -1  1 -4 -2  1   49   0   2   0   5   0   0   7   0   2   3   0   2   5   1   2  11   0   1   9  0.48 0.26
   88 Q    0 -2  0 -2 -3  2 -1  4 -2 -3 -2 -2  1 -3 -3  1  1 -2 -3 -2    8   0   4   1   0  14   2  36   1   1   2   0   4   1   0  12   9   1   0   3  0.44 0.22
   89 S    1 -1  2 -2 -3  0 -2  4 -1 -3 -4 -2 -2 -4  1  2  0 -4 -3 -2   10   3   9   1   0   4   0  36   1   1   1   0   1   0   7  19   4   0   1   2  0.50 0.23
   90 A    1 -4 -4 -2 -4 -2 -2 -1 -3 -4 -3 -3 -4 -4  7 -1  1 -5 -4 -1   12   0   0   2   0   1   1   5   1   1   2   0   0   1  56   3   9   0   0   5  1.29 0.41
   91 L   -2 -1 -2 -3 -3  0 -3 -3 -2  1  4 -3  3 -1  3 -2 -1 -3 -3  0    2   4   2   1   0   4   0   2   1   8  43   0   7   2  15   1   2   0   0   5  0.43 0.22
   92 G   -3 -5 -3 -4 -6 -5 -5  7 -5 -7 -7 -5 -6 -7 -6 -3 -4 -6 -7 -7    1   0   1   0   0   0   0  97   0   0   0   0   0   0   0   0   0   0   0   0  2.36 0.65
   93 A    6 -4 -4 -4 -2 -4 -4  0 -4 -4 -5 -3 -4 -5 -4  3 -1 -5 -3 -3   72   0   0   0   1   0   0   7   0   0   0   0   0   0   0  18   2   0   1   0  1.25 0.50
   94 Y   -5 -6 -6 -7 -3 -5 -6 -7 -2 -5 -5 -6 -5 -1 -7 -6 -6 -2 10 -5    0   0   0   0   1   0   0   0   0   0   0   0   0   0   0   0   0   0  98   0  3.23 0.86
   95 S    5 -3 -4 -4  3 -3 -3 -2 -4 -4 -4 -3 -4 -5 -4  4 -1 -5 -5 -3   61   1   0   0   6   0   0   1   0   0   0   0   0   0   0  28   2   0   0   0  1.15 0.47
   96 S   -2 -2 -2  1 -5  3  5 -3 -2 -4 -4 -2 -4 -5 -4  0  3 -5 -4 -4    2   1   0   7   0  11  49   1   1   0   0   0   0   0   0   7  19   0   0   1  0.93 0.40
   97 V    2  0 -3 -2 -2  0  4 -3  2 -1 -1 -1 -2 -1 -3 -1 -2 -2  2  1   20   5   0   1   1   4  30   0   5   2   5   1   0   2   0   2   1   0   7  13  0.31 0.22
   98 H   -1  7 -2 -4 -6  2 -3 -4  5 -4 -4 -1 -4 -5 -5 -3 -3 -5 -3 -2    6  65   1   0   0   7   0   0  14   1   1   0   0   0   0   1   1   0   0   3  1.42 0.50
   99 N   -2 -3  4 -3 -1 -3 -4 -4 -3  2  2 -3 -1 -3 -4 -2  0 -5 -3  4    2   1  26   0   2   0   0   0   0  14  19   0   0   0   0   0   5   0   0  31  0.59 0.30
  100 I   -2 -4 -5 -5 -3 -4 -5 -5 -4  4  2 -4  5 -1 -5 -4 -3 -4  0  4    3   0   0   0   0   0   0   0   0  22  19   0  20   1   0   0   0   0   3  31  0.84 0.33
  101 I    1 -4 -3 -1 -5 -3 -1 -4 -3 -5 -5 -2 -5 -5  8 -1 -3 -6 -5 -4   11   1   1   3   0   1   3   1   1   0   1   2   0   0  71   4   0   0   0   1  1.87 0.55
  102 A    7 -4 -4 -4 -3 -3 -1 -3 -5 -4 -4 -4 -4 -5 -4 -1 -1 -4 -5 -1   86   0   0   0   0   1   5   0   0   0   0   0   0   0   0   1   2   0   0   3  1.47 0.55
  103 D    2  0  1  5 -4  0  2 -1  1 -4 -4  0 -3 -4 -3  0 -1 -2 -4 -3   21   4   5  34   0   3  11   2   4   0   0   5   1   0   0   6   2   1   0   0  0.53 0.25
  104 K   -1  4  0 -3  0  1 -1 -3  2 -2 -3  3 -1 -2  0  0 -2 -3 -2 -1    4  30   5   0   2   7   1   1   6   2   2  21   1   1   5   6   1   0   1   5  0.43 0.23
  105 A    1 -4 -5 -5 -3 -4 -5 -5 -5  0  5 -4 -1 -2 -5 -3 -3 -4 -4  3   13   0   0   0   0   0   0   0   0   1  59   0   0   0   0   0   1   0   0  24  0.93 0.38
  106 A    0 -5 -5 -5  3 -5 -5 -5 -5  3  0 -5 -1  0 -5 -4 -3 -5 -3  6    8   0   0   0   6   0   0   0   0  17   6   0   0   5   0   0   0   0   0  58  0.98 0.38
  107 I   -1  2 -3 -3 -5 -1 -2 -3  3 -2 -1  4 -3 -4  4 -2 -2 -5 -3 -1    5  13   0   0   0   1   0   1   8   2   6  35   0   0  23   1   1   0   0   4  0.69 0.31
  108 L   -4 -5 -6 -6 -4 -5 -5 -6 -5  3  5 -5  0 -2 -5 -4 -3 -4 -4  3    0   0   0   0   0   0   0   0   0  12  67   0   1   0   0   1   0   0   0  18  1.15 0.41
  109 P   -4 -6 -5 -5 -6 -5 -5 -6 -6 -6 -6 -5 -6 -7  9 -4 -5 -7 -7 -6    0   0   0   0   0   0   0   0   0   0   0   0   0   0  97   1   0   0   0   0  3.15 0.80
  110 A    0 -3  0  6 -5 -1  3 -2 -2 -5 -5 -1 -5 -6  1 -1 -3 -6 -5 -4    8   1   3  56   0   2  17   2   1   0   0   2   0   0   6   2   0   0   0   0  1.11 0.40
  111 A    2 -2  0  1 -3 -2  0  4  0 -4 -4 -2 -3 -3 -3  2  0 -1 -4 -3   22   1   4   8   0   1   6  32   2   0   0   0   0   1   0  17   5   1   0   0  0.50 0.24
  112 I   -3 -6 -6 -6 -4 -5 -6 -6 -6  7  0 -5 -1 -2 -5 -5 -3 -5 -4  3    0   0   0   0   0   0   0   0   0  69   6   0   0   1   0   0   1   0   0  22  1.49 0.48
  113 S    0 -3 -1  4 -4 -3  0  0 -3 -5 -5 -2 -4 -5  0  5  0 -6 -5 -4    5   0   1  29   0   0   3   6   0   0   0   1   0   0   4  45   5   0   0   0  0.86 0.38
  114 F   -2 -4 -2  4  2 -3 -1 -4 -1 -3 -1 -4 -3  6  0 -1 -1 -3  2 -3    3   0   0  30   4   0   2   1   1   0   5   0   0  33   6   3   3   0   7   0  0.74 0.33
  115 E   -2  2 -2  2 -6  1  6 -4 -2 -2 -4  0 -3 -5 -4 -2 -1 -5 -4 -2    2   9   0   9   0   5  58   0   1   3   0   5   1   0   0   1   2   0   0   3  0.98 0.40
  116 Q   -1 -3 -2 -1 -4  4  0 -4 -3  0 -2 -2 -2 -4 -4 -1  5 -5 -3  1    4   0   0   3   0  24   5   0   0   5   4   1   0   0   0   1  43   0   0  10  0.70 0.36
  117 A    6 -5 -5 -5 -4 -4 -4  2 -5 -4 -4 -4 -4 -5 -4 -2 -3 -6 -5 -2   84   0   0   0   0   0   0  12   0   1   1   0   0   0   0   0   0   0   0   2  1.54 0.56
  118 A    7 -5 -5 -5 -3 -4 -4 -2 -5 -5 -5 -4 -3 -6 -4 -2 -3 -6 -5 -4   97   0   0   0   0   0   0   1   0   0   0   0   1   0   0   1   0   0   0   0  1.94 0.65
  119 A    6 -4 -4 -4 -1 -4 -4  1 -5 -4 -5 -4 -4 -5 -4  1 -1 -6 -5 -2   76   0   0   0   1   0   0   8   0   0   0   0   0   0   0  11   3   0   0   2  1.29 0.50
  120 S    0 -4 -4 -5 -1 -3 -4 -4 -3  1  1 -4  7 -3 -4  1 -1 -4 -3  2    9   0   0   0   1   0   0   1   0   8  10   0  36   0   0  13   3   0   0  18  0.75 0.35
  121 F   -4 -5 -5 -6 -4 -4 -5 -5 -5  0  2 -5  9  2 -5 -4  1 -4 -3 -2    0   0   0   0   0   0   0   0   0   4  19   0  56   8   0   0  10   0   0   1  1.51 0.53
  122 L   -4 -5 -6 -6 -4 -4 -5 -6 -5 -1  6 -5  4  1 -6 -5 -3 -4 -3 -2    0   0   0   0   0   0   0   0   0   0  80   0  11   5   0   0   1   0   0   1  1.43 0.49
  123 K   -3  3 -3 -4 -6  4 -2 -4 -3 -6 -5  7 -4 -6 -4 -3 -4 -6 -5 -5    1  13   0   0   0  19   0   0   0   0   0  67   0   0   0   0   0   0   0   0  1.56 0.54
  124 G   -1 -6 -4 -5 -6 -5 -5  7 -5 -7 -7 -5 -6 -6 -5 -3 -5 -6 -6 -6    3   0   0   0   0   0   0  96   0   0   0   0   0   0   0   0   0   0   0   0  2.31 0.64
  125 L   -3 -4 -5 -6  2 -3 -5 -5 -5 -1  5 -5  8 -2 -5 -5 -3 -4 -4 -2    1   0   0   0   4   0   0   1   0   2  52   0  37   0   0   0   1   0   0   1  1.39 0.49
  126 T   -3 -5 -3 -4 -4 -4 -4 -5 -5 -4 -5 -4 -4 -6 -4 -1  8 -6 -5 -3    0   0   0   0   0   0   0   0   0   0   0   0   0   0   0   2  96   0   0   0  2.25 0.72
  127 V    5 -4 -4 -4 -2 -4 -4 -3 -4 -2 -3 -4 -3 -4 -4  0  1 -5 -4  4   55   0   0   0   1   0   0   0   0   0   0   0   0   0   0   5   8   0   0  31  0.95 0.42
  128 Y    0  0 -2 -2 -4  6  3 -4  5 -5 -4 -2 -3 -1 -4 -2 -3  2  2 -4    8   5   0   0   0  38  18   0  14   0   0   0   0   3   0   2   1   3   6   0  0.88 0.39
  129 Y   -4 -5 -6 -7 -3 -5 -6 -6 -2 -4 -4 -5  1  3 -6 -5 -5 -1  9 -2    1   0   0   0   0   0   0   0   0   0   1   0   3  11   0   0   0   0  80   2  2.44 0.70
  130 L   -5 -5 -7 -7 -4 -5 -6 -7 -6 -1  7 -6  0 -2 -6 -6 -4 -1 -4 -2    0   0   0   0   0   0   0   0   0   0  98   0   0   0   0   0   0   1   0   0  1.86 0.59
  131 L   -2 -4 -5 -5 -2 -4 -5 -5 -5  2  5 -4  2  2 -5 -3 -2 -4 -2  2    2   0   0   0   0   0   0   0   0   8  57   0   5   9   0   1   2   0   0  15  0.84 0.33
  132 R   -3  7  0 -3 -3  0  0 -4  5 -5 -4  1 -4 -1 -5 -3 -2 -3 -2 -5    1  58   3   1   1   2   5   0  13   0   1   8   0   3   0   0   2   0   1   0  1.17 0.43
  133 K   -3  6 -2 -2 -4  4 -1 -3  0 -5 -4  2 -2 -5 -4  1 -2 -3 -4 -5    1  46   0   1   0  22   3   2   1   0   1  12   1   0   0   9   1   0   0   0  1.01 0.40
  134 T   -2 -4 -4 -4  6 -4 -4 -4 -5  1 -3 -4 -3 -5 -4 -1  6 -5 -5  0    2   0   0   0  17   0   0   0   0   8   2   0   0   0   0   2  61   0   0   7  1.31 0.50
  135 Y   -1 -2 -3 -5 -2 -3 -4 -5  4 -3 -2 -4 -3  5 -5 -3 -2  2  7 -2    7   2   1   0   1   1   0   0  10   0   2   1   0  26   0   0   2   2  42   2  1.25 0.44
  136 E    0  3 -2 -1 -3  0  1 -4  1 -5 -5  3 -4 -5  5 -2 -2 -5 -4 -3    8  16   1   3   0   3   8   0   3   0   0  20   0   0  34   1   1   0   0   1  0.85 0.33
  137 I   -3 -5 -5 -6 -3 -5 -5 -6 -5  2  2 -5 -1  0 -4 -4 -3 -3 -3  6    1   0   0   0   0   0   0   0   0   9  21   0   1   4   1   0   0   0   0  63  1.10 0.41
  138 K   -1  2 -2 -2 -5  5  2  0 -2 -5 -5  5 -3 -5 -3 -1 -2 -5 -4 -4    4   9   0   0   0  25  13   7   1   0   0  36   0   0   0   2   2   0   0   0  0.80 0.35
  139 P    3  0 -3 -3 -4 -1 -1 -1 -2 -4 -5  1 -4 -5  6  0 -2 -5 -4 -3   32   4   0   0   0   2   3   5   1   0   0   7   0   0  38   4   1   0   0   1  0.95 0.37
  140 D   -3 -5 -2  1 -5 -4 -2  7 -4 -7 -7 -4 -6 -6 -5 -3 -5 -6 -6 -6    0   0   1   7   0   0   2  87   0   0   0   0   0   0   0   0   0   0   0   0  1.96 0.57
  141 E   -4 -3 -1  6 -6  2  4 -4  5 -6 -5 -2 -1 -5 -4 -2 -1  1 -4 -5    0   0   1  42   0  10  25   0  13   0   0   0   2   0   0   1   4   2   0   0  1.12 0.42
  142 Q   -1 -1 -2 -2 -3  0 -3 -4  0  0 -3 -3 -1 -2  0 -1  6  0 -3  0    3   3   0   1   0   3   0   0   2   5   0   0   1   2   4   3  64   1   0   6  0.95 0.43
  143 F   -2 -5 -5 -6  0 -5 -5 -6 -5  5  0 -5  0  2 -5 -4 -2 -5 -3  5    3   0   0   0   2   0   0   0   0  35   6   0   1   8   0   0   0   0   0  44  1.03 0.38
  144 L   -5 -5 -7 -7 -4 -5 -6 -7 -6 -1  7 -6  0 -2 -6 -6 -4 -5 -4 -1    0   0   0   0   0   0   0   0   0   0  97   0   0   0   0   0   0   0   0   2  1.86 0.59
  145 F   -3 -5 -6 -6 -3 -5 -5 -6 -4  3  1 -5 -1  6 -5 -5 -3  3  1  4    0   0   0   0   0   0   0   0   0  13  11   0   0  36   0   0   0   4   4  32  1.01 0.37
  146 H   -6 -4 -3 -5 -7  0 -4 -6 11 -7 -5 -5 -3 -5 -5 -5 -5 -2  0 -7    0   0   0   0   0   3   0   0  92   0   1   0   1   0   0   0   0   1   2   0  3.31 0.85
  147 A    7 -5 -5 -5 -4 -4 -4 -3 -5 -5 -5 -4 -4 -6 -3 -2 -3 -6 -5 -4   99   0   0   0   0   0   0   0   0   0   0   0   0   0   1   0   0   0   0   0  2.02 0.67
  148 A    7 -5 -5 -5 -4 -4 -4 -1 -5 -4 -5 -4 -4 -6 -3 -2 -3 -6 -5 -3   96   0   0   0   0   0   0   3   0   0   0   0   0   0   0   0   0   0   0   0  1.89 0.64
  149 A    7 -5 -5 -5 -4 -4 -4 -3 -5 -5 -5 -4 -4 -6 -4 -2 -3 -6 -5 -4   99   0   0   0   0   0   0   0   0   0   0   0   0   0   0   1   0   0   0   0  2.04 0.68
  150 G   -3 -6 -4 -5 -6 -5 -6  8 -6 -7 -7 -5 -6 -7 -6 -3 -5 -6 -7 -7    0   0   0   0   0   0   0  99   0   0   0   0   0   0   0   1   0   0   0   0  2.48 0.68
  151 G   -3 -6 -4 -5 -6 -5 -6  8 -6 -7 -7 -5 -6 -7 -6 -3 -5 -6 -7 -7    0   0   0   0   0   0   0  99   0   0   0   0   0   0   0   0   0   0   0   0  2.48 0.68
  152 V   -3 -6 -6 -7 -2 -6 -6 -7 -7  0 -2 -6 -1 -4 -6 -5 -2 -6 -5  7    0   0   0   0   0   0   0   0   0   2   0   0   1   0   0   0   2   0   0  94  1.94 0.63
  153 G   -3 -6 -4 -5 -6 -5 -6  8 -6 -7 -7 -5 -6 -7 -6 -4 -5 -6 -7 -7    0   0   0   0   0   0   0 100   0   0   0   0   0   0   0   0   0   0   0   0  2.51 0.68
  154 L   -3 -3 -4 -5 -4  3 -3 -5 -1 -2  5 -4  0 -3 -5  2 -2 -4 -3 -2    0   0   0   0   0  16   0   0   1   0  62   0   1   0   0  17   2   0   0   0  0.90 0.42
  155 I   -4 -6 -6 -6 -4 -5 -6 -7 -6  7  3 -6  0 -2 -6 -5 -4 -4 -4  0    0   0   0   0   0   0   0   0   0  67  30   0   1   1   0   0   0   0   0   1  1.51 0.50
  156 A    5 -4 -5 -5 -3 -4 -4 -4 -5 -2  3 -4  1  0 -4 -2 -3 -4 -3  1   48   0   0   0   0   0   0   0   0   0  37   0   3   4   0   0   0   0   0   9  0.82 0.38
  157 C   -2 -6 -5 -6 10 -5 -6  1 -6 -1 -3 -5 -3 -5 -5  0  1 -5 -5  2    2   0   0   0  55   0   0  10   0   2   1   0   0   0   0   7   8   0   0  15  1.69 0.52
  158 Q   -4 -2 -3 -4 -7  9 -2 -2 -3 -7 -6 -2 -4 -7 -4 -3 -4 -6 -5 -6    1   1   0   0   0  94   0   3   0   0   0   0   0   0   1   1   0   0   0   0  2.54 0.80
  159 W   -7 -7 -8 -9 -7 -6 -7 -7 -7 -3 -3 -7  0 -3 -8 -7 -7 13 -2 -7    0   0   0   0   0   0   0   0   0   2   3   0   3   0   0   0   0  92   0   0  4.41 1.00
  160 A    6 -5 -5 -5  0 -4 -4 -1 -5 -3  1 -4 -3 -5 -4 -2 -3 -5 -5 -3   81   0   0   0   2   0   0   3   0   0  13   0   0   0   0   0   0   0   0   1  1.37 0.53
  161 K   -2  4  2 -3 -5 -1 -2 -4  0 -6 -5  6 -4 -6 -4 -1 -3 -6 -4 -5    3  19   9   0   0   1   0   0   3   0   0  61   0   0   0   3   0   0   0   0  1.24 0.46
  162 A    5 -1 -3 -4 -3 -2 -2 -3  5 -3  0 -3 -1 -4 -4  1 -2 -5 -1 -2   53   3   0   0   0   1   1   1  18   0  10   1   1   0   0   8   1   0   2   1  0.78 0.38
  163 L   -3  0 -6 -5 -3 -4 -2 -6 -5  2  6 -3  1 -2 -5 -5 -4 -4 -4 -1    1   5   0   0   0   0   3   0   0   9  76   2   2   0   0   0   0   0   0   2  1.14 0.43
  164 G   -3 -5 -3 -4 -6 -5 -5  8 -6 -7 -7 -5 -6 -7 -6 -4 -5 -6 -7 -7    0   0   0   0   0   0   0  99   0   0   0   0   0   0   0   0   0   0   0   0  2.44 0.67
  165 A    6 -4 -5 -5 -1 -4 -4 -2 -5  0  0 -4 -3 -4 -4 -2 -3 -5 -3  2   69   0   0   0   1   0   0   1   0   5   9   0   0   0   0   0   0   0   0  14  1.03 0.44
  166 K   -3  3  1 -3 -4  0 -1 -4  2 -2 -4  2 -2 -4 -4 -1  5 -5 -3 -3    0  17   6   0   0   4   2   0   4   1   0  12   1   1   0   1  49   0   0   1  0.82 0.39
  167 L   -2 -5 -6 -6 -4 -5 -5 -6 -6  0  2 -5  2 -3 -5 -4 -2 -5 -4  6    1   0   0   0   0   0   0   0   0   2  22   0   5   0   0   0   2   0   0  69  1.28 0.47
  168 I   -5 -7 -7 -7 -5 -6 -7 -7 -7  8 -1 -6 -2 -3 -6 -6 -4 -6 -2  0    0   0   0   0   0   0   0   0   0  96   1   0   0   0   0   0   0   0   1   1  2.28 0.67
  169 G    1 -5 -4 -5 -4 -5 -5  7 -5 -7 -7 -5 -6 -6 -5 -3 -3 -6 -6 -6   10   0   0   0   0   0   0  89   0   0   0   0   0   0   0   0   1   0   0   0  2.07 0.60
  170 T   -3 -5 -4 -5 -2 -4 -4 -5 -4 -4 -4 -4 -4 -6 -5 -1  8 -6 -5  0    1   0   0   0   1   0   0   0   0   0   0   0   0   0   0   1  91   0   0   5  2.02 0.68
  171 V    3 -5 -5 -6 -2 -5 -5 -5 -6 -1 -2 -5 -2 -4 -5 -3 -1 -6 -4  6   25   0   0   0   1   0   0   0   0   0   0   0   0   0   0   0   3   0   0  72  1.37 0.52
  172 G   -2 -4 -3 -4 -5 -4 -4  6 -5 -6 -6 -4 -5 -6 -5  5 -3 -6 -5 -5    0   1   0   0   0   0   0  59   0   0   0   0   0   0   0  41   0   0   0   0  1.54 0.53
  173 T   -2 -3  1 -2 -4 -3 -3 -1 -3 -4 -5 -3 -4 -5 -4  6  4 -6 -5 -4    0   0   5   1   0   0   0   4   0   0   0   0   0   0   0  61  27   0   0   0  1.23 0.51
  174 A    2 -2 -2  4 -5  0  4 -3 -3 -5 -5  1 -4 -5  3 -1 -2 -5 -4 -4   17   1   0  26   0   3  27   1   0   0   0   7   0   0  14   1   1   0   0   1  0.71 0.31
  175 Q    2 -3 -3  1 -5  0  6 -3 -2 -6 -5 -2 -4 -6 -4 -2 -3 -6 -5 -4   21   0   0   8   0   3  64   1   1   0   0   0   0   0   0   1   0   0   0   1  1.29 0.50
  176 K   -4 -1 -4 -4 -7 -2 -3 -4 -4 -6 -6  8 -5 -7 -5 -4 -4 -7 -6 -6    0   0   0   0   0   0   0   1   0   0   0  99   0   0   0   0   0   0   0   0  2.41 0.74
  177 A    6 -3 -4 -5  5 -4 -2 -1 -5 -1 -3 -4 -1 -5 -4 -2 -2 -5 -5  0   69   1   0   0  12   0   3   2   0   3   1   0   1   0   0   0   1   0   0   8  1.10 0.45
  178 Q    3  0 -2  1 -4  2  4 -3 -2 -4 -4  0 -3 -5 -3 -1 -2 -5 -4 -3   33   5   1   5   0   9  36   0   1   1   0   5   0   0   1   1   1   0   0   1  0.68 0.34
  179 S   -2  0 -4 -4 -4  1 -3 -5 -1  3  4 -2  1 -2 -5 -4 -3 -4 -2  1    2   7   0   0   0   8   0   0   1  14  54   2   2   0   0   0   0   0   1   7  0.64 0.30
  180 A    7 -5 -5 -5 -2 -4 -4 -3 -5 -4 -5 -4 -3 -6 -4 -2 -3 -6 -5 -2   96   0   0   0   0   0   0   0   0   0   0   0   0   0   0   1   0   0   0   2  1.89 0.65
  181 L   -2  6 -3 -4 -5  0 -2 -4 -2 -3  1  4 -1 -4 -4 -2 -2 -5 -4 -3    3  43   0   0   0   2   1   0   0   0  16  29   1   0   0   1   1   0   0   1  0.93 0.38
  182 K    5  0 -2  0 -3  2  2 -1 -3 -4 -4  0 -3 -4 -3  0 -1 -5 -4 -3   51   4   1   5   0   8  17   2   0   0   0   3   0   1   0   5   2   0   0   0  0.66 0.33
  183 A    3 -2  4  1 -1 -2 -3 -3  7 -4 -1 -2 -2 -4 -4 -2 -3 -5 -1 -3   24   1  22   7   2   1   0   0  30   0   9   1   1   0   0   1   0   0   2   1  0.80 0.37
  184 G   -3 -5 -4 -4 -6 -5 -6  8 -5 -7 -7 -5 -6 -6 -6 -4 -5 -2 -6 -7    0   0   0   0   0   0   0  98   0   0   0   0   0   0   0   0   0   1   0   0  2.42 0.67
  185 A    5 -5 -5 -6  9 -5 -5 -4 -5 -4 -4 -5 -4 -2 -5 -3 -3 -5  2 -3   45   0   0   0  44   0   0   0   0   0   0   0   0   1   0   0   0   0   9   1  1.82 0.58
  186 W    1 -2 -2  6 -5 -2  0 -4  4 -5 -5 -3 -4 -4 -4 -1  0  7 -3 -4   12   1   0  48   0   1   4   0  10   0   0   1   0   0   0   2   5  14   0   0  1.14 0.43
  187 Q    0 -2 -3 -1 -6  0  2 -5  9 -5 -5 -3 -4 -3 -5 -3 -4 -4  1 -3    8   1   0   3   0   4  13   0  62   0   1   0   0   1   0   0   0   0   4   2  1.75 0.56
  188 V    0 -5 -4 -5  2 -4 -4 -5 -5  1 -2 -4 -1 -4  1 -3  3 -5 -4  6    8   0   0   0   4   0   0   0   0   4   1   0   1   0   6   0  18   0   0  58  0.92 0.40
  189 I   -4 -6 -7 -7 -4 -6 -6 -7 -7  8  0 -6 -2 -3 -6 -6 -4 -6 -4  1    0   0   0   0   0   0   0   0   0  88   7   0   0   0   0   0   0   0   0   5  1.96 0.59
  190 N   -3 -1  5  3 -4 -3 -2 -3 -2  1  1 -3 -2 -2 -3 -2 -2 -5 -2  1    0   4  35  17   0   0   0   1   0   8  18   0   0   2   1   1   0   0   1  11  0.55 0.29
  191 Y   -5 -3 -4 -6 -4 -5 -5 -5  1 -4 -4 -5 -4 -1 -6 -2 -1 -1  9 -4    0   2   1   0   0   0   0   0   2   0   1   0   0   0   0   2   3   0  85   1  2.48 0.71
  192 R   -1  5  1 -1 -4  0 -2 -1 -1 -4 -4  1 -3 -5 -2  2  3 -5 -4 -3    3  32   6   3   0   3   1   4   1   0   1   8   0   0   1  18  20   0   0   0  0.56 0.28
  193 E   -2  4 -1  1 -3  2  3 -3  2 -4 -4  1 -2 -4 -3  0  2 -4 -3 -3    2  22   1   7   0   8  21   1   6   0   0   8   1   0   0   6  14   0   0   0  0.49 0.25
  194 E   -2 -2 -3  2 -6  1  7 -4 -2 -6 -5 -2 -5 -6 -2 -3 -2 -6 -4 -4    3   1   0  10   0   4  76   1   0   0   0   0   0   0   1   1   1   0   0   1  1.52 0.54
  195 D   -3 -3  4  7 -6 -3 -1 -2 -3 -6 -7 -3 -6 -6 -3 -1 -4 -7 -6 -6    1   1  23  68   0   0   1   2   0   0   0   0   0   0   1   3   0   0   0   0  1.71 0.55
  196 L   -4 -5 -6 -6 -4 -5 -6 -6 -5  3  0 -5 -2  7 -6 -5 -3  4 -1  4    0   0   0   0   0   0   0   0   0  14   5   0   0  48   0   0   1   5   0  27  1.27 0.44
  197 V    4 -3 -4 -4 -3 -2 -2 -3 -5 -1 -2 -3 -2 -4  1 -2 -1 -5 -4  5   41   1   0   0   0   1   2   1   0   0   1   0   0   0   7   1   4   0   0  41  0.78 0.38
  198 E    4 -1 -2  0 -4  1  4 -2 -2 -4 -4  1 -3 -5 -1  0 -1 -5 -4 -3   38   2   0   4   0   7  30   2   0   0   0   7   0   0   2   4   3   0   0   1  0.61 0.31
  199 R    0  7 -3 -4 -6  0  1 -4 -1 -5 -5  1 -4 -6 -5 -3 -3 -3 -5 -5    7  71   0   0   0   3   7   1   1   0   0   7   0   0   0   1   1   0   0   0  1.50 0.51
  200 L   -2 -6 -6 -6 -4 -5 -6 -6 -6  0 -1 -5 -2 -4 -6 -5 -1 -6 -4  7    1   0   0   0   0   0   0   0   0   2   3   0   0   0   0   0   3   0   0  91  1.82 0.60
  201 K    0  6 -1 -3 -4 -1 -2 -4 -2 -3 -1  4  0 -4 -4 -2 -2 -5 -4 -3    6  43   2   1   0   1   0   0   1   1   8  29   3   0   0   2   2   0   0   1  0.85 0.36
  202 E    1  1 -2  2 -6  0  6 -4 -3 -6 -5 -1 -5 -6 -4 -2 -3 -6 -5 -5   11   6   1  10   0   2  68   0   0   0   0   2   0   0   0   1   1   0   0   0  1.31 0.49
  203 I   -2 -5 -6 -6 -3 -5 -5 -6 -6  6  4 -5 -1 -1 -5 -5 -3 -5 -3  0    2   0   0   0   0   0   0   0   0  50  42   0   0   2   0   0   0   0   1   2  1.21 0.43
  204 T   -4 -5 -3 -5 -5 -4 -4 -5 -5 -4 -5 -4 -4 -6 -5 -1  8 -6 -5 -4    0   0   0   0   0   0   0   0   0   0   0   0   0   0   0   2  97   0   0   0  2.32 0.75
  205 G    0 -1  2  4 -5  0 -1  4 -1 -5 -5 -1 -4 -5 -4  0 -3 -5 -5 -5    5   2  10  24   0   3   3  39   2   0   0   3   0   0   0   8   0   0   0   0  0.75 0.30
  206 G   -3 -5 -2 -2 -5 -5 -5  7 -5 -7 -7 -5 -6 -7 -6 -3 -5 -6 -6 -7    0   0   1   2   0   0   0  96   0   0   0   0   0   0   0   0   0   0   0   0  2.30 0.64
  207 K    2  3  0 -2 -4  3  2 -3 -2 -4 -4  4 -3 -5 -3 -1 -2 -5 -4 -1   17  16   3   1   0  12  14   0   0   0   1  29   0   0   0   1   0   0   0   5  0.55 0.28
  208 K   -3 -3 -3 -4 -5 -4 -4  6 -5 -5 -2  3  2 -6 -5 -3 -4 -5 -5 -5    0   0   0   0   0   0   0  72   0   0   4  18   5   0   0   0   0   0   0   0  1.50 0.50
  209 V   -2 -6 -6 -6  5 -5 -6 -6 -6 -1 -1 -5 -2 -4 -6 -5 -3 -6 -4  7    3   0   0   0  14   0   0   0   0   0   4   0   0   0   0   0   0   0   0  79  1.67 0.56
  210 R    0  1  1  4 -5 -1  0 -2  2 -5 -5  0 -4 -5  5 -1 -2 -6 -4 -4    8   7   5  29   0   1   3   1   5   0   0   5   0   0  30   4   1   0   0   0  0.82 0.32
  211 V   -1 -6 -6 -6 -4 -5 -6 -6 -6  0 -2 -5 -3 -4 -6 -5 -2 -6 -5  7    5   0   0   0   0   0   0   0   0   1   0   0   0   0   0   0   2   0   0  92  1.88 0.62
  212 V   -2 -6 -6 -7 -4 -6 -6 -6 -7  0 -2 -6 -3 -4 -6 -5 -2 -6 -5  7    2   0   0   0   0   0   0   0   0   1   0   0   0   0   0   0   1   0   0  96  2.02 0.65
  213 Y   -5 -5 -6 -7 -6 -5 -6 -6 -2 -3 -2 -5  1  3 -6 -5 -5 -1  9 -4    0   0   0   0   0   0   0   0   0   1   3   0   3  10   0   0   0   0  82   0  2.53 0.71
  214 D   -5 -5 -2  8 -7 -4 -2 -5 -5 -7 -7 -4 -7 -7 -5 -4 -5 -8 -7 -7    0   0   0  98   0   0   0   0   0   0   0   0   0   0   0   0   0   0   0   0  2.67 0.73
  215 S   -1 -4 -3 -3 -4 -3 -4  4 -4 -6 -6 -3 -5 -5 -4  6 -2 -6 -5 -5    2   0   0   0   0   0   0  32   0   0   0   0   0   0   0  64   0   0   0   0  1.40 0.53
  216 V   -3 -6 -6 -6 -4 -5 -6 -6 -6  3 -2 -5 -2 -4 -5 -5 -3 -6 -4  7    0   0   0   0   0   0   0   0   0  14   1   0   0   0   0   0   0   0   0  84  1.77 0.57
  217 G   -3 -6 -4 -5 -6 -5 -5  7 -5 -7 -7 -5 -6 -6 -5 -4 -5 -6 -6 -6    1   0   0   0   0   0   0  98   0   0   0   0   0   0   0   0   0   0   0   0  2.41 0.65
  218 R    1  3 -2 -4 -5  2 -2 -3 -2 -5 -4  6 -1 -5 -4 -3 -3 -5 -4 -4   11  13   1   0   0   8   0   1   1   0   1  63   2   0   0   0   0   0   0   0  1.20 0.46
  219 D    2 -4  0  7 -5 -3 -1 -3 -2 -5 -5 -3 -4 -6 -4  1  0 -6 -5 -4   18   0   2  60   0   0   2   0   1   0   0   0   0   0   0   8   6   0   0   1  1.21 0.44
  220 T   -3 -5 -3 -4 -4 -4 -4 -5 -5 -4 -5 -4 -3 -6 -5 -1  8 -6 -5 -3    0   0   0   0   0   0   0   0   0   0   0   0   0   0   0   3  95   0   0   1  2.19 0.71
  221 W   -5 -6 -6 -7 -5 -6 -6 -6 -4 -3 -1 -6 -3  8 -7 -6 -5  9  3 -3    1   0   0   0   0   0   0   0   0   0   4   0   0  63   0   0   0  25   6   1  2.26 0.62
  222 E    0 -2 -1  2 -4  1  4 -3 -2 -2 -1 -1  3 -4  2 -2 -1 -4 -3 -3    6   1   2  10   0   7  34   0   1   2   7   2  10   0  12   0   4   0   0   1  0.46 0.26
  223 R    3 -1 -2  0 -3  0 -2  4 -2 -2 -3  1 -1 -4 -2  0  1 -4 -4 -2   26   4   1   5   0   3   0  35   0   2   1   8   1   0   1   4   8   0   0   1  0.48 0.24
  224 S   -2 -4 -3 -4 -4 -3 -4 -2 -4 -6 -6 -4 -5 -6 -4  7 -1 -6 -5 -5    0   0   0   0   0   0   0   2   0   0   0   0   0   0   0  96   1   0   0   0  1.99 0.69
  225 L   -4 -5 -6 -7 -4 -5 -6 -7 -6  0  6 -5  1 -3 -6 -5 -4 -5 -4 -2    0   0   0   0   0   0   0   0   0   2  94   0   2   0   0   0   0   0   0   1  1.73 0.55
  226 D    1 -2  1  7 -5 -2  1 -2 -3 -5 -6  0 -5 -6 -4 -1 -3 -6 -5 -5   11   1   6  64   0   1   5   2   0   0   0   5   0   0   0   4   0   0   0   0  1.27 0.44
  227 C   -1 -6 -4 -5 10 -5 -5 -5 -5 -4 -4 -5 -5 -6 -5  4 -3 -6 -5 -2    3   0   0   0  63   0   0   0   0   0   1   0   0   0   0  29   1   0   0   2  2.30 0.65
  228 L   -2 -5 -6 -6 -3 -4 -5 -6 -5  0  6 -5 -1 -2 -5 -5 -1 -4 -4  0    4   0   0   0   0   0   0   0   0   3  85   0   0   0   0   0   3   0   0   4  1.36 0.47
  229 Q    3  4 -3 -3 -4  2 -1 -2 -2 -4 -4  4 -1 -5 -3 -1 -2 -5 -4 -4   27  27   0   0   0   9   1   2   0   0   0  27   1   0   0   3   0   0   0   0  0.76 0.34
  230 R   -3  4 -4 -4 -5 -3 -4 -4 -4 -3 -3 -1 -2 -5  7 -3 -1 -5 -4 -2    1  26   0   0   0   0   0   1   0   1   3   3   1   0  57   1   3   0   1   2  1.55 0.50
  231 R   -4  7 -4 -5 -4 -2 -3 -5 -1 -4  1 -1  0  2 -5 -4 -3 -5 -3 -4    0  67   0   0   0   1   0   0   1   0  15   0   2  11   0   0   1   0   0   1  1.40 0.50
  232 G   -3 -5 -4 -5 -6 -5 -5  7 -5 -7 -7 -5 -6 -6 -5 -3 -5 -6 -6 -6    0   0   0   0   0   0   0  98   0   0   0   0   0   0   0   1   0   0   0   0  2.39 0.65
  233 L   -3 -4 -5 -5 -1 -4 -5 -5 -2 -1  4 -4  6  0 -5 -3  1 -2  2 -1    1   0   0   0   1   0   0   0   1   1  51   0  22   2   0   2  10   0   8   2  0.89 0.37
  234 M   -4 -5 -5 -6 -4 -4 -5 -6 -4  1  3 -5  8  3 -5 -4 -2  3 -2  0    0   0   0   0   0   0   0   0   0   5  27   0  44  13   0   0   1   4   0   3  1.27 0.46
  235 V    1 -5 -6 -6 -2 -5 -5 -6 -6  1 -2 -5 -1 -4 -5 -4 -3 -6 -4  7    9   0   0   0   0   0   0   0   0   6   0   0   1   0   0   0   0   0   0  83  1.57 0.54
  236 S   -1 -4 -1 -3  4 -3 -3 -3 -4 -3  0 -3 -3 -5 -4  6  1 -5 -4 -3    2   0   2   0   9   0   0   0   0   1  10   0   0   0   0  67   7   0   0   1  1.09 0.47
  237 F   -5 -6 -3 -7 -3 -6 -6 -7 -4 -3 -3 -6 -3  9 -7 -6 -5 -2  5 -1    0   0   2   0   1   0   0   0   0   0   1   0   0  78   0   0   0   0  15   4  2.26 0.64
  238 G   -3 -6 -4 -5 -6 -5 -6  8 -6 -7 -7 -5 -6 -7 -6 -4 -5 -6 -7 -7    0   0   0   0   0   0   0 100   0   0   0   0   0   0   0   0   0   0   0   0  2.52 0.69
  239 N    0 -3  7 -2 -5  4 -2 -3 -3 -5 -5 -3 -3 -4 -4 -1  2 -3 -5 -4    7   0  53   1   0  21   1   1   0   0   0   0   1   1   0   4  11   0   0   0  1.22 0.48
  240 S    6 -4 -4 -4 -3 -4 -4 -3 -4 -5 -5 -4 -4 -5 -3  4 -1 -6 -5 -3   69   0   0   0   0   0   0   0   0   0   0   0   0   0   0  28   2   0   0   0  1.36 0.53
  241 S   -2 -4 -3 -3 -4 -4 -4 -2 -4 -6 -6 -4 -5 -6 -4  7 -1 -6 -5 -5    0   0   0   0   0   0   0   2   0   0   0   0   0   0   0  95   2   0   0   0  1.97 0.70
  242 G   -2 -6 -4 -5 -6 -5 -6  7 -5 -7 -7 -5 -6 -7 -6 -3 -5 -6 -7 -7    1   0   0   0   0   0   0  98   0   0   0   0   0   0   0   1   0   0   0   0  2.41 0.66
  243 A    2 -3 -3 -4 -5 -3 -4 -4 -4 -4 -4 -1 -3 -5  7 -1 -1 -6 -5 -2   19   1   1   0   0   1   0   0   0   0   1   4   1   0  63   4   3   0   0   3  1.62 0.51
  244 V   -2 -5 -6 -6 -4 -5 -5 -6 -6  3 -1 -5 -2 -2  1 -4 -2 -6 -4  6    3   0   0   0   0   0   0   0   0  16   4   0   0   1   8   0   1   0   0  68  1.23 0.46
  245 T   -1 -4 -3  2 -5 -2  1 -3 -4 -5 -5 -2 -4 -6  6 -1  2 -6 -5 -3    4   0   0  12   0   1  11   1   0   0   0   1   0   0  47   4  16   0   0   1  1.17 0.42
  246 G    0 -5 -1  0 -5 -3 -3  3 -4 -3 -4 -4 -4 -6  7 -2 -3 -6 -5 -4    8   0   3   4   0   0   1  23   0   2   1   0   0   0  54   1   0   0   0   1  1.38 0.45
  247 V   -4 -5 -6 -5 -4 -4 -5 -6 -5  3  0 -5 -1  6 -2 -5 -3 -3 -1  4    0   0   0   0   0   0   0   0   0  16   7   0   0  38   2   0   0   0   0  35  1.09 0.40
  248 N    0 -2  5  5 -5 -2  1 -3 -2 -5 -5 -2 -5 -5  1  1 -2 -6 -4 -5    8   1  27  38   0   0   6   0   0   0   0   1   0   0   7  10   2   0   0   0  0.90 0.36
  249 L   -1 -4 -5 -5 -2 -4 -4 -5 -5  2  4 -4  0 -2  5 -2 -2 -5 -4  0    6   0   0   0   0   0   0   0   0  12  44   0   1   1  26   2   2   0   0   6  0.80 0.33
  250 G    1 -2 -1 -3 -3  1 -1  4 -2 -3  0 -2  1 -2 -2  1 -1 -4 -4 -2   13   1   3   0   0   9   2  38   1   1   9   1   4   1   1  12   2   0   0   2  0.44 0.23
  251 I    0 -1 -3 -1 -3  0  0 -4 -3  3  2 -2  1 -2 -3 -2  0 -4 -3  2    7   4   0   3   0   6   7   0   0  27  22   1   3   0   0   2   7   0   0  11  0.28 0.18
  252 L   -5 -5 -7 -7 -4 -5 -6 -7 -6 -1  7 -6 -1 -2 -6 -5 -4 -5 -4 -2    0   0   0   0   0   0   0   0   0   1  97   0   0   1   0   0   0   0   0   0  1.85 0.59
  253 N    5 -3  4 -2 -3 -1 -3  1 -3 -3 -4 -3 -2 -5 -3  2 -2 -5 -4 -3   49   0  21   0   0   2   0   9   0   1   1   0   1   0   0  13   1   0   0   1  0.78 0.37
  254 Q    2  1 -1 -3 -4  5  0 -2 -2 -3 -3  1  1 -4 -1  0  0 -4 -4 -1   22   7   1   0   0  34   2   2   0   1   2   7   3   0   3   7   4   0   0   3  0.50 0.29
  255 K   -2  2 -2 -4 -6 -1 -2 -2  2 -6 -4  7 -3 -5 -3 -3 -4 -6 -3 -5    3   7   1   0   0   1   0   3   5   0   2  76   0   0   1   0   0   0   1   0  1.47 0.53
  256 G   -2 -4 -3 -4 -5 -3 -4  7 -4 -5 -5 -3 -5 -5 -4 -3 -4 -5 -5 -5    1   0   1   0   0   1   1  90   0   0   1   1   0   0   0   1   1   0   0   1  1.98 0.53
  257 S   -1 -4 -3 -4  0 -4 -4 -2 -4 -6 -6 -4 -5 -6 -4  7 -2 -6 -5 -5    2   0   0   0   2   0   0   3   0   0   0   0   0   0   0  92   0   0   0   0  1.86 0.67
  258 L   -3 -5 -6 -7 -4 -4 -6 -7 -6  0  6 -5 -1 -2 -5 -5 -4 -5 -4  0    1   0   0   0   0   1   0   0   0   4  90   0   0   1   0   0   0   0   0   4  1.57 0.52
  259 Y   -5 -5 -6 -6 -6 -5 -6 -6 -1 -3 -3 -2 -2  7 -6 -4 -3  2  7 -4    0   0   0   0   0   0   0   0   1   0   1   3   1  52   0   1   1   2  37   0  1.90 0.57
  260 V    1 -4 -4 -5 -2 -4 -4 -5 -5  1  3 -4  1  1 -4 -3 -2 -4 -2  4   13   0   1   0   1   0   0   0   0   5  34   0   2   6   0   0   0   0   0  37  0.68 0.31
  261 T   -3 -5 -3 -5 -3 -4 -4 -5 -5 -4 -5 -4 -4 -6 -5 -1  8 -6 -5 -3    1   0   0   0   0   0   0   0   0   0   0   0   0   0   0   2  95   0   0   1  2.22 0.73
  262 R   -5  8 -4 -5 -7 -3 -4 -6 -4 -7 -6 -1 -4 -6 -6 -4 -5 -1 -5 -5    0  97   0   0   0   0   0   0   0   0   0   0   0   0   0   1   0   1   0   0  2.57 0.74
  263 P   -3 -6 -6 -5 -7 -1 -5 -6 -6 -7 -7 -5 -6 -8  9 -4 -3 -8 -7 -6    1   0   0   0   0   3   0   0   0   0   0   0   0   0  95   0   1   0   0   0  3.03 0.79
  264 S    1 -1 -2 -3 -3 -3 -3 -1 -4 -3 -3 -1 -1 -5 -4  4  5 -5 -4 -2   12   3   1   0   0   0   0   3   0   1   1   2   2   0   0  33  42   0   0   1  0.85 0.40
  265 L   -4 -5 -6 -6 -4 -4 -6 -5 -6  1  6 -5  2 -1 -6 -3 -3 -4 -4  0    0   0   0   0   0   0   0   1   0   5  82   0   5   1   0   1   1   0   0   4  1.35 0.47
  266 Q    2 -3  1 -4 -4 -1 -4  1 -1 -2 -2 -3  3  5 -3 -2 -2 -1  0 -2   23   1   8   0   0   3   0  10   1   0   1   0  10  33   1   1   2   1   1   2  0.55 0.30
  267 G    0 -3  0  3 -4  0 -2  1  6 -4 -4 -3 -3 -4 -1  0  3 -3 -3 -3    6   0   2  21   0   4   0  11  22   0   1   0   0   0   3   7  21   0   0   1  0.60 0.30
  268 Y   -6 -5 -5 -7 -6 -5 -5 -7  5 -5 -5 -5 -5  1 -7 -5 -5 -2  9 -4    0   0   0   0   0   0   0   0  14   0   0   0   0   3   0   0   0   0  82   0  2.74 0.76
  269 I    0 -4  0 -4 -2 -3 -4 -4 -4  5  0 -4  0 -2 -4 -2  3 -3  1  2    9   0   5   0   1   0   0   0   0  37   6   0   1   1   0   1  24   0   5  11  0.57 0.29
  270 T    5  0 -1 -1 -2 -1 -2 -1 -1 -3 -2 -2 -2 -4 -2  0  2 -5 -4 -1   55   4   3   3   0   2   2   4   1   0   2   1   0   0   1   5  12   0   0   4  0.58 0.31
  271 T   -1  0  2  3 -4 -1 -1 -3 -2 -4 -4  1 -3 -5 -1  1  5 -5 -4 -3    3   3   9  20   0   1   3   0   1   0   0  10   0   0   2   7  40   0   0   0  0.64 0.32
  272 R   -1  7 -3 -3 -6 -1 -3 -5  2 -6 -4 -1 -4 -5  4 -3 -1 -6 -3 -5    4  62   0   1   0   1   1   0   4   0   1   1   0   0  20   1   4   0   1   0  1.38 0.49
  273 E    3 -1 -1  2 -4  1  4 -2 -2 -4 -4  0 -4 -5 -1  0 -2 -3 -4 -3   26   1   1  13   0   5  36   2   0   0   0   4   0   0   3   4   1   0   0   1  0.60 0.30
  274 E   -1  0 -1  3 -5  0  5 -4  0 -5 -4  0 -4 -5 -4 -1 -1 -5 -4 -3    6   5   2  18   0   2  51   0   2   0   1   3   0   0   0   3   4   0   0   1  0.86 0.36
  275 L   -3  1 -5 -5  1 -3 -4 -5 -4 -1  5 -1  2  0 -5 -4 -1 -4 -1 -1    0  10   0   0   3   0   0   0   0   1  66   4   4   3   0   0   4   0   2   2  0.84 0.36
  276 T    1  1 -2  1 -4  3  3 -3 -2 -1  2 -1 -1 -3 -3 -2 -1 -4 -3  0   12   7   1   8   0  15  22   0   0   2  22   2   1   0   0   0   2   0   0   6  0.30 0.21
  277 E    4 -1 -2  0 -4  1  3 -2 -1 -4 -3 -1 -2 -3 -3  0  0  3 -3 -2   40   2   1   4   0   5  26   2   1   0   1   3   1   1   0   5   4   4   0   1  0.52 0.29
  278 A    2  1  0 -3  1 -2 -3  1 -1 -2  0 -2  5 -3 -4  1  0 -4 -3 -1   19   9   4   0   3   0   0   9   2   1  10   0  22   0   0  13   7   0   0   1  0.34 0.24
  279 S    6 -4 -4 -4  0 -4 -4 -2 -5 -3 -4 -4 -3 -4 -4  2 -1 -6 -5 -2   77   0   0   0   2   0   0   1   0   1   0   0   0   0   0  13   3   0   0   2  1.30 0.51
  280 N    2  0  2  2 -4  1  0  2  0 -4 -4  1 -3 -4 -3  0 -1 -5 -4 -3   21   5  13  15   0   6   5  18   2   0   0   7   0   0   0   6   2   0   0   0  0.38 0.20
  281 E    2  1 -1  4 -5 -1  5 -3 -1 -5 -4 -1 -3 -5 -4 -1 -2 -5 -4 -4   17   6   1  25   0   1  42   0   1   0   1   1   0   0   0   2   1   0   0   0  0.85 0.37
  282 L   -4 -5 -6 -6 -4 -5 -6 -6 -6  0  6 -5  0 -2 -6 -5 -4 -1 -1  3    0   0   0   0   0   0   0   0   0   1  77   0   1   1   0   0   0   1   2  17  1.34 0.47
  283 F   -5 -6 -7 -7 -5 -7 -7 -7 -4 -2 -2 -7 -2  9 -7 -6 -6  1  0 -4    0   0   0   0   0   0   0   0   0   1   3   0   1  93   0   0   0   2   1   0  2.68 0.72
  284 S    2 -2 -1  4 -4  0  3  2 -1 -5 -5 -2 -4 -5 -3  1 -1 -5 -4 -4   21   1   1  28   0   2  18  14   1   0   0   1   0   0   0  11   2   0   0   0  0.59 0.28
  285 L    1 -1  0 -4 -3 -2 -3 -3  3  0  1 -1  5 -2 -4 -2 -2  3 -2  3   15   2   5   0   0   1   0   1  10   1  13   4  17   0   0   1   0   4   0  26  0.41 0.26
  286 I   -3 -4 -6 -6 -4 -5 -5 -6 -6  4  1 -5  1 -3 -5 -5 -3 -5 -3  6    0   1   0   0   0   0   0   0   0  28  13   0   3   0   0   0   0   0   0  55  1.19 0.42
  287 A    3  1 -2 -2 -3  0  1  1 -2 -2  0  0 -1 -4 -3  0  0 -4 -3 -2   36   9   0   1   0   5  10  10   0   2  10   4   1   0   0   5   5   0   0   1  0.28 0.20
  288 S    2  0  0  0 -3  0 -1 -1 -2 -4 -4  0 -3 -5 -3  5  0 -5 -4 -4   15   4   4   5   0   3   3   2   1   0   0   6   0   0   0  53   3   0   0   0  0.70 0.35
  289 G   -3 -4 -2 -3 -5 -5 -5  7 -4 -7 -7 -2 -6 -7 -5 -3 -5 -6 -6 -7    0   1   1   1   0   0   0  94   0   0   0   2   0   0   0   1   0   0   0   0  2.19 0.62
  290 V    2  2 -2 -1 -3  0 -1 -2  0 -1 -2  2 -2 -3 -3 -1  0  0 -2  1   27  12   1   4   0   5   3   1   2   4   2  17   0   0   0   2   5   1   1  14  0.23 0.17
  291 I   -3 -5 -5 -6 -3 -5 -5 -6 -5  4  3 -5 -1 -2 -5 -4 -3 -5 -4  5    0   0   0   0   0   0   0   0   0  29  23   0   0   0   0   0   0   0   0  46  1.09 0.39
  292 K   -2  4  0 -1 -5  1 -1 -4  1 -4 -5  6 -4 -5 -3 -2  1 -5 -4 -3    2  21   4   2   0   4   2   0   3   0   0  49   0   0   0   2   8   0   0   2  0.90 0.37
  293 V   -1 -5 -5 -5 -3 -4 -5 -5 -5  5 -1 -4 -1 -2  1 -3 -2 -5 -4  4    6   0   0   0   0   0   0   0   0  41   3   0   0   1   8   2   2   0   0  37  0.93 0.37
  294 D   -1  3  1  2 -4  0  3 -2  2 -4 -3  0 -3 -4  0  0  0 -4 -3 -3    4  19   6  14   0   3  26   1   7   0   1   3   0   0   5   5   4   0   0   1  0.45 0.22
  295 V   -2 -5 -5 -5 -3 -4 -5 -5 -5  7 -1 -4 -1 -3 -4 -4 -3 -5 -4  4    2   0   0   0   0   0   0   0   0  60   1   0   0   0   1   0   0   0   0  32  1.32 0.43
  296 A    1 -1 -1 -1 -1 -1 -1  4  0 -2 -2 -1 -1 -1  2  0 -1 -1 -1 -1   12   3   2   3   1   2   3  32   2   3   4   3   2   2   9   7   4   1   1   3  0.25 0.07
  297 E    0  0  0  0 -1  0  1  0  0 -1 -1  0  0 -1  1  0  0 -1 -1  0   12   4   4   5   1   3  10   8   2   4   7   7   2   3   7   6   5   1   2   5  0.05 0.01
  298 Q   -1  0  5  2 -2  1  0 -1  2 -2 -2  0 -2 -2  0  0 -1 -2 -2 -2    6   6  32   9   1   5   6   3   5   3   3   3   1   1   3   5   3   0   1   3  0.30 0.12
  299 Q   -1  0 -2 -3 -4  8 -1 -3  4 -4 -4 -1 -2 -4 -3 -2 -2 -4 -3 -4    4   5   1   1   0  67   1   1  10   1   1   2   1   1   1   1   2   0   1   1  1.43 0.48
  300 K   -2  6 -2 -3 -4  0 -1 -4 -1 -2 -4  2 -3 -5 -3 -1  4 -5 -4 -2    3  44   0   0   0   2   3   0   2   2   1  11   0   0   0   3  25   0   0   2  0.86 0.37
  301 Y   -4 -4 -5 -6 -5 -5 -5 -6 -1 -4 -2 -5 -3  6 -6 -5 -5  0  8 -3    1   1   0   0   0   0   0   0   1   0   2   0   0  35   0   0   0   1  58   1  2.11 0.61
  302 P    4 -1 -4 -2 -4 -3 -2 -3 -3 -5 -4 -2 -4 -6  7 -1 -3 -6 -5 -4   37   3   0   1   0   0   1   1   0   0   1   2   0   0  48   3   1   0   0   0  1.37 0.47
  303 L   -5 -5 -7 -7 -5 -5 -6 -7 -6 -1  7 -6 -1 -2 -6 -6 -4 -5 -4 -2    0   0   0   0   0   0   0   0   0   0  99   0   0   0   0   0   0   0   0   0  1.92 0.61
  304 K    4  0 -2  0 -3  1  2 -2 -1 -4 -4  2 -2 -5 -2  2 -1 -5 -3 -3   37   5   0   5   0   4  13   1   1   0   0  15   1   0   1  14   3   0   0   0  0.47 0.27
  305 D   -4 -2 -1  6 -6  2  4 -4 -1 -6 -6 -2 -5 -6 -4 -3 -4 -6 -5 -6    1   1   1  55   0  10  29   0   1   0   0   1   0   0   0   1   0   0   0   0  1.45 0.50
  306 A    6 -5 -5 -5 -1 -4 -4 -3 -5 -1 -4 -4 -3 -5 -4 -2 -2 -6 -5  3   77   0   0   0   1   0   0   0   0   2   0   0   0   0   0   0   1   0   0  19  1.37 0.53
  307 Q    5  1 -4 -3 -3  2 -2  0 -2 -3 -4 -1 -3 -5 -3 -1 -2 -5 -4  1   60   8   0   0   0   8   2   6   1   0   0   2   0   0   1   1   1   0   0  10  0.76 0.38
  308 R    0  3 -1  1 -5  5  3 -3 -1 -5 -3  2 -3 -5 -4 -2 -2 -5 -4 -4    7  18   1   8   0  33  16   0   1   0   1  12   0   0   0   1   2   0   0   0  0.75 0.34
  309 A    7 -5 -5 -5 -3 -4 -4 -3 -5 -4 -5 -4 -3 -6 -4 -2 -3 -6 -5 -2   96   0   0   0   0   0   0   0   0   0   0   0   1   0   0   0   0   0   0   3  1.91 0.65
  310 H   -6 -4 -3 -5 -7  1 -4 -6 11 -7 -7 -5 -6 -5 -6 -5 -6 -6 -2 -7    0   0   0   0   0   7   0   0  93   0   0   0   0   0   0   0   0   0   0   0  3.45 0.88
  311 E    1  6 -2 -1 -5  1  2 -4 -1 -1 -4  0 -3 -5 -4 -1  0 -5 -4 -3   12  46   0   2   0   5  17   0   1   4   1   3   0   0   0   2   6   0   0   1  0.76 0.34
  312 I    4 -2 -2  6 -4 -1  0 -3 -4 -4 -4 -3 -2 -5 -4 -2 -1 -6 -4 -2   34   2   0  48   0   2   5   0   0   1   1   0   1   0   0   1   3   0   0   3  0.98 0.41
  313 L   -3 -5 -7 -7 -4 -5 -6 -7 -6  0  6 -6  1 -3 -6 -5 -4 -5 -4 -2    2   0   0   0   0   0   0   0   0   2  93   0   2   0   0   0   0   0   0   0  1.71 0.56
  314 E    0 -3 -3 -2 -7  1  7 -5 -3 -6 -6 -3 -5 -6 -4 -2 -3 -6 -5 -5    8   0   0   0   0   4  86   0   0   0   0   0   0   0   0   2   0   0   0   0  1.89 0.64
  315 S    4 -3  0 -3 -3 -2 -2  3 -4 -5 -4 -2 -4 -5 -4  4 -1 -5 -4 -4   39   0   4   1   0   1   1  23   0   0   0   1   0   0   0  30   1   0   0   0  0.83 0.38
  316 R   -5  8 -4 -5 -7 -2 -4  1 -4 -7 -6 -1 -5 -6 -6 -4 -5 -6 -5 -6    0  89   0   0   0   0   0  10   0   0   0   0   0   0   0   0   0   0   0   0  2.26 0.69
  317 A    1  4 -2 -3 -5  2  1 -2 -1 -4 -3  5 -3 -5 -3 -1 -2 -5 -4 -3   12  23   0   0   0  10   6   2   1   1   1  36   0   0   0   3   2   0   0   1  0.70 0.32
  318 T   -3 -5 -3 -5 -4 -4 -4 -5 -4 -2 -3 -4 -4 -6 -5 -1  8 -6 -5 -3    1   0   1   0   0   0   0   0   0   2   1   0   0   0   0   2  92   0   0   0  2.07 0.69
  319 Q   -2 -2 -2 -4 -3  1 -3 -4 -2 -1 -3 -2 -1 -4 -4  1  7 -4 -4  0    2   2   0   0   0   6   0   0   1   4   1   1   1   0   0   9  66   0   0   6  1.12 0.47
  320 G   -2 -4 -4 -5 -6 -5 -6  7 -6 -7 -7 -4 -6 -7 -6 -3 -5 -6 -7 -7    1   1   0   0   0   0   0  98   0   0   0   0   0   0   0   0   0   0   0   0  2.40 0.66
  321 S    2 -3 -3 -3  1 -2 -3 -3 -4 -5 -5  1 -4 -5 -2  6  0 -6 -5 -4   18   0   0   0   2   1   0   0   0   0   0   7   0   0   1  64   5   0   0   0  1.09 0.48
  322 S   -1 -4 -3 -4 -1 -3 -3 -4 -4  1 -1 -3 -1 -4 -4  3  5 -5 -4  1    3   0   0   0   1   0   0   0   0   7   6   0   1   0   0  24  47   0   0  10  0.81 0.39
  323 L   -3 -5 -6 -6 -4 -5 -5 -6 -6  5  3 -5 -1 -3 -5 -5 -3 -5 -4  5    0   0   0   0   0   0   0   0   0  30  25   0   0   0   0   0   0   0   0  45  1.15 0.41
  324 L   -4 -5 -6 -7 -4 -5 -6 -7 -6  0  6 -6  0  2 -6 -5 -4 -4 -3 -2    0   0   0   0   0   0   0   0   0   3  87   0   1   9   0   0   0   0   0   0  1.57 0.52
  325 I   -3 -4 -5 -5 -3 -4 -4 -6 -5  5  4 -3  1 -2 -5 -4 -2 -4 -3  2    0   1   0   0   0   0   1   0   0  42  36   2   2   0   0   0   2   0   0  15  0.91 0.34
  326 P   -4 -6 -6 -5 -7 -5 -5 -6 -6 -7 -7 -5 -6 -7  9 -4 -5 -8 -7 -6    0   0   0   0   0   0   0   0   0   0   0   0   0   0 100   0   0   0   0   0  3.27 0.79
