    1 S    6 -6 -5 -6 -5 -5 -5 -4 -6 -6 -6 -5 -5 -7 -5  4  1 -7 -6 -5   62   0   0   0   0   0   0   0   0   0   0   0   0   0   0  31   7   0   0   0  1.64 0.82
    2 D   -1 -2  4  2 -5  3  2 -4  3 -6 -6 -2 -5 -4 -3  1  2 -6 -1 -5    6   1  18  12   0  14  12   0   7   0   0   1   0   1   1  11  14   0   2   0  0.63 0.43
    3 D   -1 -5  2  2 -4 -4  0 -2 -4 -3 -5 -5 -6 -6  4  5  1 -7 -6 -5    5   0   8   9   0   0   5   2   0   2   1   0   0   0  17  43   7   0   0   0  0.93 0.60
    4 L   -4 -6 -7 -6 -4 -3 -7 -7 -7  2  5 -6 -2  2 -7 -5  1 -6 -4  2    0   0   0   0   0   1   0   0   0  11  51   0   0   9   0   0   9   0   0  16  1.10 0.58
    5 S   -2 -5  2  0 -3 -2 -1 -4  1 -6 -7 -5 -6 -2 -5  6  0 -7  0 -6    2   0  10   4   1   2   3   1   3   0   0   0   0   2   0  63   4   0   3   0  1.35 0.79
    6 F   -9 -9 -10 -10 -4 -10 -10 -10 -8 -5 -4 -10 -6 10 -10 -8 -9 -5 -1 -6    0   0   0   0   0   0   0   0   0   1   2   0   0  96   0   0   0   0   1   0  3.66 1.38
    7 N   -4 -2  7  2 -6 -1 -2 -4 -2  0 -4 -1 -5 -4 -6  2  2 -7 -4 -5    1   2  45  10   0   2   2   1   1   5   1   3   0   1   0  14  11   0   1   1  1.10 0.63
    8 F   -6 -6 -8 -7 -3 -7 -8 -8 -3  3 -1 -6 -4  8 -8 -7 -6 -2  6 -4    0   0   0   0   1   0   0   0   1  15   5   1   0  51   0   0   0   0  25   1  2.07 0.89
    9 D   -3 -4  4  2 -6  1 -3 -4  0 -4 -5 -3 -6 -6  4  3  3 -7 -4 -5    2   1  16   9   0   5   1   1   2   1   1   1   0   0  18  23  18   0   0   1  0.84 0.56
   10 K   -3  1  3 -2 -5  0 -2  2 -1 -4 -5  1 -3  2 -4  3  1 -5 -1 -4    1   8  12   2   0   4   2  18   1   1   0   7   0   8   0  23   9   0   2   1  0.48 0.38
   11 F   -6 -8 -3 -6 -7 -8 -8 -5 -7 -3 -3 -7 -6  9 -6  1 -4 -5 -2 -6    1   0   2   0   0   0   0   1   0   1   3   0   0  80   0   9   1   0   1   0  2.68 1.09
   12 V   -2  0  3  3 -4  0 -1  0  2 -3 -3  0 -3 -4  0  1  1  0 -2 -2    2   5  13  18   0   4   3   8   5   1   2   6   0   1   5  13   8   1   1   3  0.29 0.23
   13 P   -1 -2  0  0 -4  1 -1 -1  0 -3 -2 -1 -3 -3  5  2  0 -4  0 -2    4   2   5   5   0   6   4   5   2   1   5   3   0   1  27  14   6   0   4   2  0.42 0.30
   14 N   -1 -2  5  3 -2 -2 -2  2 -2 -5 -5 -2 -4 -5 -1  1 -1 -5 -2 -4    5   2  29  18   1   2   2  14   1   1   1   1   0   0   4  12   4   0   2   1  0.68 0.42
   15 Q    1 -1  1  3 -1  1  1  0 -1 -2 -1 -1 -1 -2  0  0  0 -3 -2 -1   13   2   6  16   1   7   9   7   1   2   7   3   1   1   4   6   7   0   1   3  0.13 0.15
   16 K    1  1  2 -1 -5  1  0 -2 -1 -4 -4  2 -4 -5  2  1  3 -5 -4 -3   11   6   9   4   0   6   5   3   2   1   1  12   0   0  10  11  17   0   0   1  0.35 0.30
   17 N   -3 -1  7  4 -5  0 -1 -2 -1 -5 -5 -2 -6 -7 -6  0 -1 -5 -5 -5    2   3  44  24   0   3   4   3   1   1   1   3   0   0   0   6   4   0   0   1  1.24 0.66
   18 I   -6 -7 -8 -8 -6 -6 -8 -8 -8  6  5 -7  2  1 -7 -7 -5 -7 -6  0    0   0   0   0   0   0   0   0   0  41  45   0   4   5   0   0   0   0   0   4  1.63 0.74
   19 I   -1  0  0 -3 -2 -1 -2 -2  0  3  0  0 -1 -1 -4  2  2 -3 -2  0    4   6   5   1   1   2   2   2   2  17   8   7   1   2   0  17  15   0   1   5  0.21 0.23
   20 F   -5 -3 -5 -7  2 -5 -6 -7 -5  1  4 -6 -1  5 -4 -6 -2 -1  5 -2    1   1   0   0   4   1   0   0   0   6  38   0   1  21   1   0   3   1  19   2  1.13 0.59
   21 Q   -2 -3  1  1 -7  6  5 -5 -1 -5 -1 -3 -1 -5 -5 -1 -2 -7 -3 -5    3   1   5   8   0  31  32   1   1   1   6   1   2   0   0   4   2   0   1   1  1.02 0.63
   22 G   -3 -1 -2 -2 -5 -6 -4  7 -6 -9 -8 -4 -8 -9 -8 -5 -6 -8 -7 -7    2   4   2   2   0   0   1  85   0   0   0   1   0   0   0   0   0   0   0   0  2.30 1.00
   23 D   -2 -6  3  7 -6 -2 -2 -3 -2  0 -6 -5 -6 -7 -6 -1 -3 -8 -4  0    4   0  11  58   0   1   2   2   1   6   1   0   0   0   0   5   1   0   1   8  1.44 0.73
   24 A    7 -6 -6 -5 -6 -6 -5 -3 -7 -6 -7 -6 -6 -7 -6  1 -2 -8 -7 -3   81   0   0   1   0   0   0   2   0   0   0   0   0   0   0   9   3   0   0   2  2.00 0.97
   25 S    0  1 -1 -3 -3 -1  0 -3  0 -2 -3  0 -2  1 -4  2  3 -3  3 -1    6   8   2   1   0   2   7   2   2   3   2   6   1   5   0  18  17   0  12   4  0.31 0.28
   26 V   -2 -3 -4 -4 -3 -4 -4 -5 -2  4  0 -3  0  3  1 -3 -2 -3  1  3    3   2   1   1   0   1   1   1   1  25   9   1   2  13   8   1   3   0   5  22  0.59 0.33
   27 S    0  0  0  1 -3 -1 -1 -2  1 -2 -1 -1 -2 -3  0  3  2 -2 -3 -3    9   5   4   9   0   2   4   3   4   2   5   3   1   1   5  25  14   0   0   2  0.29 0.26
   28 T   -1 -1  1  1 -2 -1 -1  2 -1 -3 -3 -1 -3 -3  2  3  0 -4 -1 -1    4   2   6   7   1   2   3  13   1   1   2   4   0   1  12  26   6   0   2   6  0.33 0.27
   29 T   -3 -2  5  2 -5  0 -1  0 -3 -4 -5  1 -5 -5 -1  2  1 -6 -3 -2    2   2  30  13   0   4   3   8   0   1   1   7   0   0   3  14   7   0   1   3  0.63 0.41
   30 G   -2 -1  0 -2 -3 -2 -2  6 -2 -4 -4 -2 -5 -3 -5 -1 -4 -2 -4 -5    3   4   4   2   1   2   3  65   1   1   2   3   0   1   1   4   1   1   1   1  1.28 0.58
   31 V    1  0 -1 -3 -2 -1 -2 -3 -1  2  1 -1  1  1 -3 -1  0  0 -1  3   13   5   3   1   0   2   2   1   2  11  11   3   3   6   0   5   7   1   1  23  0.20 0.19
   32 L   -5 -7 -6 -2 -3 -5 -5 -7 -7  6  5 -7 -1 -3 -7 -6 -5 -6 -5  2    1   0   0   2   0   0   1   0   0  36  44   0   1   0   0   0   0   0   0  13  1.41 0.65
   33 Q   -3  3 -1  1 -3  5  2 -2 -1 -2 -1  1 -2 -4 -4 -2 -1 -6 -3 -2    2  14   3   8   1  27  14   4   1   2   6   7   1   1   0   2   4   0   1   3  0.57 0.41
   34 V   -5 -6 -7 -8 -3 -7 -7 -8 -7 -1  6 -6 -1  1 -6 -4 -3 -6 -6 -1    1   0   0   0   0   0   0   0   0   3  80   0   1   5   0   2   2   0   0   5  1.76 0.81
   35 T   -3 -6  3 -5 -2 -6 -6 -5 -6 -4 -5 -5 -6 -7 -6 -2  8 -7 -7 -5    2   0  13   0   1   0   0   1   0   1   1   0   0   0   0   2  77   0   0   1  2.20 1.03
   36 K   -3  2  5  0 -2  0 -1 -3 -3 -3 -4  4 -4 -5 -2 -1 -1 -5 -4 -5    2  12  30   4   1   4   3   2   0   2   1  25   0   0   3   5   4   0   1   1  0.79 0.46
   37 V    0  0  3  1 -2 -1  0 -1 -1  0  0 -1 -1 -1 -2  0  0 -3  0  1    7   4  14   8   0   1   7   4   1   6   8   2   1   2   2   7   7   0   4  15  0.09 0.12
   38 S    0 -2  1  3 -2 -1  0  1 -2 -2 -2  0 -3 -3 -2  2  2 -4 -1 -1    6   2   7  17   1   3   7  11   0   2   5   4   0   1   2  14  12   0   2   4  0.22 0.18
   39 K   -1  1  2  1 -3  1  1  1  0 -2 -3  1 -1 -3  0  0  0 -2 -1 -2    5   7  10   9   0   8   9  11   2   2   2  10   1   1   4   7   5   0   2   2  0.17 0.13
   40 P   -1 -1  2  2 -2  0 -1  0  0 -2 -2  0 -3 -2  4  0 -1 -3 -1  0    4   3  12  13   1   5   3   7   2   2   3   6   1   1  18   7   3   0   2   6  0.28 0.19
   41 T   -1 -1  0 -2 -2  0 -1 -2 -2  2  0 -1  1 -1  1  0  2 -1  2  1    5   2   5   1   0   4   3   2   0  11   9   4   4   2   7   6  16   1   8   9  0.13 0.14
   42 T   -1 -1  1  0 -2  1 -1 -1 -1 -1 -1  0  0 -1 -1  2  2  0  0  0    4   3   8   4   0   7   3   5   1   2   7   4   2   2   3  16  15   1   3   8  0.12 0.15
   43 T   -1  1  2  1  3  1 -2  1  1 -3 -3 -2 -3  1 -2  1 -1  3  3 -3    4   8  12   8   6   6   1   9   4   1   1   2   0   7   1  12   2   4   9   1  0.27 0.22
   44 S   -1  2 -1 -3  1  0 -3 -2 -2 -4 -2 -1 -2 -4 -4  6 -1 -4 -4 -3    3  10   3   1   3   4   1   2   1   1   4   3   1   1   1  54   4   0   1   2  0.89 0.52
   45 I    0 -2 -3 -4 -3 -3 -3 -4 -5  2  0 -2  3 -2 -4  0  2  0 -2  5    8   2   1   0   0   1   1   1   0  11   6   2   7   1   1   6  12   2   1  36  0.58 0.37
   46 G   -5 -8 -6 -7 -2 -7 -8  8 -8 -9 -9 -6 -8 -9 -8 -5 -7 -8 -8 -7    0   0   0   0   1   0   0  96   0   0   0   0   0   0   0   1   0   0   0   0  2.89 1.16
   47 R   -4  8 -6 -7 -8 -2 -6 -6  6 -8 -5 -3 -6 -7 -6 -2 -4  4 -6 -8    1  67   0   0   0   1   0   1  16   0   1   0   0   0   0   4   1   6   0   0  2.24 1.00
   48 A    6 -7 -7 -7 -2 -6 -6 -5 -7  0 -4 -6  2 -5 -6 -3 -4 -7 -5  3   65   0   0   0   1   0   0   0   0   4   1   0   4   0   0   1   1   0   0  21  1.58 0.81
   49 L   -2 -3 -5 -6 -5 -4 -5 -5 -4  1  1 -5 -2  5 -6  1  4  0 -2  0    3   1   0   0   0   1   0   0   0   9  14   0   0  25   0  13  26   1   1   5  0.79 0.49
   50 Y   -8 -8 -6 -9 -2 -6 -8 -9  2 -7 -5 -8 -7  1 -6 -3 -7 -2 10 -7    0   0   0   0   1   0   0   0   5   0   1   0   0   5   0   2   0   0  85   0  3.27 1.30
   51 A    2  0  1 -3 -3 -3 -3 -1  0 -3 -4  0 -3 -2  2  4  0 -5  1 -3   17   5   6   1   0   0   1   5   2   2   1   5   0   2   9  30   6   0   5   2  0.44 0.37
   52 A    1  0  1  0 -4  4  2 -3  2 -4 -3  3 -4 -4 -2  0  0 -4 -2 -4   11   4   6   4   0  17  15   1   5   1   3  17   0   1   2   6   6   0   1   0  0.44 0.34
   53 P   -2 -2 -5 -6 -8 -2 -5 -7 -4 -8 -3  0 -6 -9  8 -2 -4 -9 -6 -7    3   2   1   0   0   2   1   0   0   0   4   6   0   0  76   3   1   0   0   0  2.36 1.06
   54 I   -5 -7 -7 -8 -6 -7 -7 -8 -7  5  2 -7  3  2 -7 -6 -5 -6 -5  5    0   0   0   0   0   0   0   0   0  27  17   0   7   9   0   0   0   0   0  38  1.38 0.65
   55 Q   -3  4 -2 -4 -6  4 -4 -6  6 -5  0 -1 -5 -4  4 -3 -2 -7 -2 -5    3  21   2   1   0  20   0   0  18   1   9   2   0   1  17   2   2   0   2   0  1.01 0.60
   56 I   -6 -7 -8 -8 -6 -7 -8 -8 -7  4  5 -7  2  4 -8 -7 -6 -6 -4 -3    0   0   0   0   0   0   0   0   0  19  58   0   4  18   0   0   0   0   0   1  1.64 0.74
   57 W   -7  2 -7 -8 -5 -4 -7 -7 -3 -8 -4  3 -6  1 -8 -6 -7 11  2 -6    0  10   0   0   0   1   0   0   1   0   2  15   0   5   0   1   0  58   6   0  2.89 1.16
   58 D   -7 -5  4  8 -8 -3  1 -6 -1 -8 -9 -4 -8 -8 -4 -2 -5 -9 -8 -7    0   1  15  69   0   1   7   0   1   0   0   1   0   0   1   2   1   0   0   0  2.12 0.94
   59 S    0  0  3 -1 -4 -2 -2 -2 -2 -5 -5  3 -2 -5  1  4 -1 -6 -5 -4    6   4  13   3   0   1   2   2   1   1   1  18   1   0   7  34   3   0   0   1  0.67 0.46
   60 I    3  0  0  0 -4 -1  0 -2 -2 -2 -3  0 -2 -5  0  2  3 -5 -4 -1   23   4   4   5   0   3   6   3   1   2   1   5   1   0   4  18  16   0   0   4  0.33 0.29
   61 T   -3 -5  2 -3 -4 -4 -5 -5 -4 -3 -6 -3 -6 -7 -6  3  7 -7 -4 -5    1   0  10   2   0   0   0   0   0   1   0   1   0   0   0  22  59   0   0   0  1.62 0.84
   62 G   -2  0  2 -3 -7 -3 -4  7 -6 -7 -6 -2 -5 -7 -3 -2 -4 -7 -7 -6    3   6  10   1   0   1   1  68   0   0   1   2   0   0   1   3   1   0   0   0  1.59 0.74
   63 K   -2  1  4 -2 -6 -1  3 -4 -1 -2 -4  4 -3 -4 -3  0  1 -6 -4 -2    3   7  20   1   0   3  17   0   1   2   2  23   1   1   1   6  10   0   0   3  0.59 0.41
   64 V    0 -3 -5 -6 -4 -2 -4 -6 -4 -1  3 -5  1 -3 -2 -2  0 -6 -5  5    9   1   0   0   0   2   1   0   0   2  31   0   3   1   2   3   7   0   0  39  0.85 0.50
   65 A    6 -5 -5 -6 -5 -5 -5 -4 -5 -3 -3 -5 -5  1 -3  2  3 -7 -4 -3   55   0   0   0   0   0   0   0   0   2   3   0   0   6   1  13  17   0   1   2  1.19 0.69
   66 S   -4 -4  1  6 -4 -5 -4 -4 -4 -8 -6 -5 -7 -6 -6  6 -3 -8 -7 -7    1   1   7  37   0   0   0   1   0   0   1   0   0   0   0  49   1   0   0   0  1.68 0.87
   67 F   -6 -8 -9 -9 -8 -5 -9 -9 -7 -6 -4 -9 -6 10 -9 -5 -5 -1 -3 -7    1   0   0   0   0   1   0   0   0   0   1   0   0  94   0   1   1   1   0   0  3.48 1.30
   68 A   -1 -4 -1  0 -5 -2 -2 -5 -3 -3 -4 -4 -5 -5 -4  4  5 -7 -4 -1    6   0   3   5   0   1   3   0   0   1   1   1   0   0   1  33  39   0   1   5  1.04 0.64
   69 T   -2 -7 -6 -7 -7 -6 -7 -7 -7 -6 -5 -6 -6 -8 -6  0  8 -8 -7 -5    3   0   0   0   0   0   0   0   0   0   1   0   0   0   0   7  87   0   0   0  2.58 1.18
   70 S   -1  2  4 -3 -1  0 -1 -4  6 -4 -5 -1 -5 -3 -5  2  3 -6 -3 -4    4  12  18   1   1   4   3   1  17   1   1   3   0   1   0  18  15   0   1   1  0.75 0.49
   71 F   -8 -8 -9 -9 -8 -9 -9 -9 -2 -5 -5 -9 -6 10 -9 -7 -8 -5 -2 -6    0   0   0   0   0   0   0   0   1   0   1   0   0  96   0   0   0   0   0   0  3.61 1.33
   72 S    0 -3 -1 -4 -5 -4 -4 -5 -6 -2 -5 -4 -4 -4 -4  5  5 -7 -5  2    6   1   2   1   0   1   1   0   0   2   0   0   0   1   1  41  31   0   0  11  1.14 0.69
   73 F   -7 -8 -8 -9 -6 -8 -8 -8 -7 -2 -3 -8 -2  9 -9 -5 -6 -5 -2 -5    0   0   0   0   0   0   0   0   0   2   2   0   1  90   0   1   0   0   1   1  3.24 1.22
   74 V    2  0  1 -2 -4  0 -2 -2 -3  1 -2 -1  0 -2 -4  1  2 -5 -3  2   20   5   6   2   0   4   2   2   0  10   3   3   2   2   0  12  12   0   1  16  0.26 0.25
   75 V   -6 -8 -8 -8 -5 -8 -8 -9 -8  8 -1 -8  3 -2 -8 -7 -5 -8 -6  2    0   0   0   0   0   0   0   0   0  77   4   0   6   1   0   0   0   0   0  10  2.33 0.95
   76 K   -3  1  3  4 -5  0 -1 -2  1 -2 -4  0 -3 -1 -2  0  0 -6 -1  0    2   8  15  27   0   3   2   2   4   2   1   6   0   2   2   7   6   0   2   8  0.46 0.34
   77 A    1 -2 -1 -3 -5 -1 -3 -1 -3 -2 -2 -4 -5 -2  4  4  2 -6 -3 -1    9   2   3   1   0   2   1   4   0   2   4   0   0   2  20  31  14   0   1   4  0.63 0.46
   78 D   -2 -1  5  1 -4  2  1 -1  0 -2 -3 -1 -4 -2  2 -1 -1 -5 -2 -3    3   4  28   9   0  10   8   5   2   2   2   3   0   2  12   5   3   0   1   2  0.51 0.37
   79 K   -2  1  3  1 -4  0  0  0 -1 -2 -3  2 -2 -2  2  0  0 -4  2 -3    1   7  15   7   0   3   6   8   1   3   2  13   1   1  11   8   4   0   7   1  0.28 0.24
   80 S    0 -2  2 -2 -4  0 -1  0 -3 -4 -4 -1 -4 -4  2  3  3 -6 -2 -1    8   2  11   2   0   4   3   7   0   1   1   3   0   0   9  25  18   0   2   4  0.45 0.36
   81 D   -1  0  4  1 -3 -1 -1 -1 -1 -1  0  1 -2 -2  0  2  0 -3  0 -2    3   4  19   7   1   3   2   3   2   3   9   8   1   1   5  16   6   0   3   3  0.21 0.22
   82 G   -2 -1 -1 -4 -3 -2 -4  2  3 -3 -4  0 -5  2  1  2 -1 -2  5 -3    2   3   2   1   0   2   1  14   6   1   1   5   0   8   8  17   4   0  23   2  0.58 0.41
   83 V    4 -6 -5 -4 -6 -6 -6  6 -7 -6 -7 -5 -6 -7 -3 -1 -3 -7 -4 -3   27   0   0   1   0   0   0  61   0   0   0   0   0   0   1   4   1   0   1   2  1.65 0.79
   84 D   -4 -6 -2  7 -8 -3 -1 -3  6 -5 -7 -5 -5 -3 -6 -3 -4 -7  1 -5    2   0   1  61   0   1   3   2  18   1   0   0   0   1   0   2   1   0   4   1  1.88 0.86
   85 G   -5 -7 -6 -5 -8 -8 -7  8 -8 -9 -9 -7 -8 -9 -8 -6 -7 -8 -9 -9    0   0   0   1   0   0   0  98   0   0   0   0   0   0   0   0   0   0   0   0  2.99 1.20
   86 L   -6 -7 -8 -8 -6 -7 -7 -8 -7  3  5 -7  6  4 -5 -6 -6 -6 -5 -3    0   0   0   0   0   0   0   0   0  15  48   0  20  15   1   0   0   0   0   1  1.60 0.74
   87 A    6 -6 -6 -3 -2 -6 -5 -4 -7 -3 -6 -6 -4 -5 -6  0  2 -7 -7  0   73   0   0   1   1   0   0   1   0   1   0   0   0   0   0   5  11   0   0   6  1.67 0.86
   88 F   -8 -9 -9 -9 -5 -9 -9 -9 -7 -5 -4 -9 -6 10 -9 -7 -8 -5 -3 -7    0   0   0   0   0   0   0   0   0   0   1   0   0  97   0   0   0   0   0   0  3.71 1.37
   89 F    0 -8 -8 -8 -7 -8 -8 -8 -4 -3 -5 -8 -5  9 -8 -6 -1 -5  1  1    8   0   0   0   0   0   0   0   0   1   0   0   0  72   0   0   5   0   4   9  2.35 0.98
   90 L   -6 -7 -8 -8 -6 -7 -8 -8 -5  4  6 -7  1 -2 -8 -7 -6 -7 -6  0    0   0   0   0   0   0   0   0   0  20  68   0   3   1   0   0   0   0   0   7  1.74 0.78
   91 A    6 -6 -5 -6 -4 -5 -5  0 -6 -5 -5 -5 -4 -6 -5  2 -1 -7 -6  1   58   0   0   0   0   0   0   8   0   0   1   0   0   0   0  16   4   0   0  11  1.27 0.71
   92 P   -3 -3 -4 -4 -4 -3 -6 -3  2 -7 -6 -5 -7 -8  8  0 -4 -8 -5 -7    2   2   1   1   0   1   0   3   5   0   1   0   0   0  73   8   1   0   0   0  2.27 1.02
   93 A   -1 -3  2 -2 -4 -2 -2 -4 -1 -2 -2 -3 -2  2  1  0  0 -2  4  2    5   1  12   2   0   2   3   1   1   2   4   1   1   9   8   7   6   0  17  17  0.37 0.30
   94 N   -3 -3  3  2 -5 -3 -2  4 -1 -6 -4  0 -3 -6  4 -2 -1 -6 -4 -4    2   1  13  12   0   1   2  32   1   0   1   5   1   0  20   3   3   0   1   1  0.81 0.46
   95 S   -3 -1 -1 -2 -4 -2 -3 -4 -3 -2 -3 -3 -4  3 -1  5  2 -2  1 -4    2   3   2   2   0   2   1   1   0   2   2   1   0  12   3  48  11   0   5   1  0.86 0.54
   96 Q   -1  1 -1 -1 -4  4  1 -1  0 -3 -2  1 -1 -3  1  1  2 -5 -3 -1    3   8   2   3   0  19   9   4   2   1   4   8   1   1   6  10  13   0   0   5  0.30 0.27
   97 I   -3 -4 -4 -2 -4 -3 -3 -5 -5  5  4 -4  2 -1 -2 -3 -3 -4 -2  0    2   1   1   2   0   1   2   1   0  34  34   1   5   2   2   2   2   0   1   5  0.85 0.42
   98 P   -3 -2 -1 -4 -5 -1 -4  0 -4 -4 -2 -2 -4 -4  8 -2 -3 -5 -5 -4    2   2   3   1   0   3   1   7   0   1   5   3   1   1  63   3   2   0   0   1  1.66 0.73
   99 S    0 -1  1  0 -4  0 -1  0 -2 -4 -3 -1 -4 -2  5  1  0 -5 -1 -2    7   4   7   6   0   4   3   9   1   1   3   4   0   2  29   9   5   0   2   3  0.48 0.32
  100 G    1 -1  5  1 -5 -1 -2  3  0 -4 -4  1 -3 -3 -4 -1 -2 -3 -2 -4   11   3  28   8   0   2   2  21   2   1   2   9   1   1   1   4   2   0   2   1  0.59 0.39
  101 S   -1  0 -3 -3  0 -1 -3  1 -3 -5 -2 -2 -3 -4 -2  6  0 -6 -4 -5    3   4   0   2   2   2   1   9   0   1   5   2   1   1   2  58   4   0   1   0  1.01 0.64
  102 S    2 -1  0  0 -1 -1 -1  2 -1 -3 -3  0 -3 -1  2  2  0  0  1 -2   16   2   4   5   1   2   3  13   1   1   2   7   0   2  11  15   5   1   5   3  0.22 0.21
  103 A   -2 -4 -3 -1 -4 -2 -3  6 -2 -3 -1 -5 -2 -4 -5  1 -4 -6 -5 -5    4   1   1   3   0   2   2  64   1   2   8   0   1   1   0   9   1   0   0   1  1.31 0.65
  104 G   -2 -1 -4 -5 -4  2 -2  6  1 -6 -3 -3 -4 -4 -2 -2 -5 -6  0 -5    4   4   1   0   0  11   2  59   3   0   3   1   0   1   2   4   0   0   4   1  1.20 0.62
  105 M   -2 -4  1 -3  0 -4 -5  0  0 -3  2 -4 -1  4 -4 -2 -2  0  6 -4    3   1   8   1   2   0   0   9   2   0  19   1   1  19   1   4   3   1  24   1  0.73 0.44
  106 F   -4 -5 -7 -7 -5 -6 -6 -2 -4 -1  6 -6  0  2 -3 -6 -4 -6 -3 -2    2   0   0   0   0   0   0   3   1   2  73   0   2   8   2   0   1   0   1   3  1.47 0.70
  107 G    0 -6 -1 -3 -7 -6 -5  7 -3 -5 -3 -5 -6 -5 -3 -2 -3 -7 -7 -3    6   0   3   1   0   0   1  75   1   1   4   0   0   1   2   3   1   0   0   2  1.76 0.79
  108 L   -4 -4 -3 -3 -5 -2 -5 -4 -3  1  6 -5 -2 -2 -6 -5 -4 -6 -3  0    1   1   2   2   0   2   1   1   1   6  73   1   1   2   0   1   1   0   1   6  1.38 0.66
  109 F   -3 -5  0 -3 -4 -4 -4 -2 -4  0  1 -4  0  7 -2 -3  0 -3  1  1    2   0   6   1   0   1   1   3   0   5  11   1   2  44   3   2   6   0   4   8  0.92 0.49
  110 S   -3 -3  7  2 -4 -3 -3 -2 -3 -5 -4 -2 -5 -6  0  2 -1 -7 -5 -4    2   1  48  11   0   1   1   3   0   1   2   3   0   0   6  15   3   0   0   2  1.18 0.63
  111 S    0  0  2  1 -4  1  0  0 -3 -2 -4  0 -3 -4  2  3  2 -5 -3 -2    7   6   8   6   0   6   4   6   0   2   1   6   0   0   9  22  13   0   1   3  0.30 0.27
  112 S    0 -2  3  0 -3 -2  0 -1 -2 -3 -2 -1 -4 -3  0  3  4 -5 -3 -2    7   2  12   5   1   1   5   4   1   1   4   4   0   1   5  20  24   0   1   2  0.41 0.34
  113 D   -2 -3  5  3 -5  1  0 -2 -3 -2 -2 -2 -2 -3 -3  0  3 -5 -2 -1    3   1  27  13   0   6   5   3   0   2   5   2   1   1   1   7  16   0   1   6  0.52 0.37
  114 S    2 -3  4  0 -4 -3 -2  2 -2 -4 -4 -2 -2 -3  0  1 -2 -2  2 -1   15   1  23   5   0   1   2  16   1   1   1   2   1   1   6  10   2   1   8   4  0.44 0.32
  115 K   -1 -1  3  2 -3 -1  0  0 -1 -2 -1  0 -1  0  0  1  2 -4  0 -3    4   3  13  12   0   2   4   8   1   2   6   5   1   4   4  11  15   0   3   1  0.19 0.19
  116 S   -1 -2  3 -1 -5 -3 -2  2 -4 -3 -4 -1 -4 -2  2  4  2 -5 -4 -4    5   2  12   3   0   0   2  15   0   2   1   4   0   2  11  29  11   0   0   1  0.56 0.40
  117 S    0 -1  1  2 -4  1  1 -3 -1 -3 -3  1 -4 -4 -2  3  2 -5 -2 -3    6   3   7  11   0   7   7   2   1   1   3  10   0   1   2  24  13   0   1   1  0.38 0.31
  118 N    1 -4  7  1 -6 -2 -3 -3  1 -3 -5 -3 -5 -1 -3  0  0 -6  3 -4   10   1  46   7   0   1   1   2   3   1   1   2   0   3   1   6   5   0   9   1  1.01 0.57
  119 Q   -3  4 -1 -3 -5  5 -3 -3  6 -6 -5  0 -5 -6  3 -1 -3 -6 -3 -5    2  20   3   1   0  23   1   2  20   0   1   5   0   0  14   5   2   0   1   1  1.10 0.61
  120 I   -3 -7 -5 -7 -6 -6 -7 -7 -6  4  0 -6 -1  6 -7 -5  2 -5 -3  3    2   0   0   0   0   0   0   0   0  24   7   0   1  35   0   0  12   0   0  18  1.28 0.62
  121 I   -6 -7 -8 -8 -6 -7 -6 -8 -8  1 -1 -7 -4  4 -7 -7 -5 -3 -5  7    0   0   0   0   0   0   1   0   0   7   5   0   0  14   0   0   0   0   0  72  1.99 0.88
  122 A    7 -7 -6 -7 -6 -6 -6  0  1 -5 -4 -6 -1 -4 -6 -3 -2 -7 -5 -3   80   0   0   0   0   0   0   6   4   0   2   0   1   1   0   2   2   0   0   2  1.87 0.92
  123 V   -6 -8 -6 -9 -4 -8 -8 -9 -9  2 -4 -8 -5 -5 -8 -7 -6 -8 -7  8    0   0   0   0   0   0   0   0   0   9   1   0   0   0   0   0   0   0   0  89  2.60 1.09
  124 E   -3 -6 -6 -4 -9 -3  8 -8 -6 -9 -9 -4 -8 -9 -7 -6 -7 -9 -8 -3    2   0   0   0   0   0  94   0   0   0   0   1   0   0   0   0   0   0   0   3  2.85 1.26
  125 F   -8 -9 -9 -9 -8 -9 -9 -9 -7 -4 -1 -9 -6 10 -9 -8 -8 -5 -3 -7    0   0   0   0   0   0   0   0   0   1   6   0   0  92   0   0   0   0   0   0  3.44 1.30
  126 D   -8 -7 -1  9 -9 -6 -5 -6 -4 -9 -6 -7 -9 -6 -7 -6 -7 -10 -6 -6    0   0   2  94   0   0   0   1   0   0   1   0   0   0   0   0   0   0   0   1  3.08 1.26
  127 T   -4 -6 -1 -5 -6 -6 -6 -6 -7  1 -5 -6 -4 -7 -4  1  8 -8 -7 -5    1   0   2   0   0   0   0   0   0   8   1   0   0   0   1  10  75   0   0   0  2.05 1.00
  128 Y   -5 -2 -4 -5  0 -5 -6 -6  3  0 -2 -3 -4  7 -6 -3 -4  1  6  0    1   3   1   1   2   0   0   0   6   5   4   2   0  40   0   2   1   2  23   7  1.37 0.62
  129 F   -1  2  1 -2 -3  2 -1 -2  1 -1  0  0  0 -1  0  0 -1  1  2  0    4  12   9   2   0  13   2   3   3   3   9   5   2   3   4   7   2   2   7   7  0.12 0.14
  130 G   -2 -2  7  3 -3 -2 -2 -1 -2 -3 -3 -2 -2 -3 -2  0 -2 -3 -1 -3    3   2  48  14   1   1   2   5   1   2   2   2   1   1   2   7   2   0   3   2  1.02 0.43
  131 K    0  0  0 -1 -1  0  0 -1  0 -1 -1  0 -1  0  3  0  1 -2 -1  0    6   6   5   4   1   4   6   5   2   3   7   5   1   5  14   8  11   1   1   6  0.10 0.08
  132 A    0  0  0  0 -1  0  3  0  1 -1 -1  0 -1 -1 -1  0 -1  0 -1  0    6   4   4   5   1   4  22   7   4   5   5   3   1   3   2   7   3   1   2   6  0.11 0.10
  133 Y   -1 -1 -1 -1 -2 -1 -1 -2 -1 -1 -1  0 -1  4  0  0  1  4  2  0    3   3   3   4   1   2   4   3   1   3   4   6   1  21   6   8   8   7   6   6  0.25 0.15
  134 N   -2 -2  6  3 -2 -2 -1  0  0 -2 -3 -2 -2 -3 -1  0 -1 -3 -2 -3    3   2  37  16   1   1   3   7   2   2   3   2   1   1   3   7   4   0   1   2  0.70 0.32
  135 P    0 -1 -1  1 -2  0  1  0  0  0 -1 -1 -1 -1  3  1  0 -1  0  0    6   3   2  10   1   3  10   6   2   6   5   3   1   3  14   9   5   1   3   6  0.12 0.07
  136 W   -2 -1 -2 -2 -3  0 -1 -2 -1 -1 -2 -1 -1  1  0 -2 -2 10  0 -2    4   4   2   2   1   4   5   3   2   3   5   4   1   5   5   3   3  36   3   3  1.12 0.41
  137 D   -6 -5 -2  8 -6 -4 -2 -4 -4 -6 -6 -4 -6 -6 -5 -4 -5 -7 -4 -4    1   1   2  85   0   1   2   1   0   0   1   1   0   0   1   1   1   0   1   1  2.55 1.00
  138 P   -3 -3 -4 -3 -6 -3 -4 -5  0  3 -4 -3 -3 -6  7 -1  0 -5 -6 -4    2   1   1   1   0   1   1   1   2  15   2   1   1   0  59   4   5   0   0   1  1.63 0.75
  139 D   -2 -2  4  2 -5  0 -1 -3 -2 -3 -3  1 -2 -4  3  2  0 -4 -3 -1    3   2  20  11   0   5   4   1   1   1   2   7   1   1  14  17   6   0   1   5  0.46 0.33
  140 F   -1 -3  0  3  0 -3 -1  3 -1 -2 -3 -3  0  0 -3  0 -1 -2  4 -1    4   1   5  19   2   1   3  23   1   2   2   1   3   4   2   6   3   1  15   5  0.43 0.31
  141 K   -2  1  5  4 -5  0  1 -2 -1 -4 -5 -2 -5 -5  1  0 -1 -2 -2 -5    3   6  31  20   0   5   8   2   2   1   1   2   0   0   7   7   3   1   1   1  0.73 0.44
  142 H   -7 -4 -5 -6 -8 -3 -4 -7 11 -8 -6 -6 -7 -7 -7 -5 -6 -7 -4 -8    0   1   0   0   0   1   1   0  92   0   1   0   0   0   0   1   0   0   0   0  4.02 1.42
  143 I   -4 -7 -5 -8 -6 -7 -7 -8 -8  5 -2 -7  1 -5 -7 -7 -5 -7 -6  6    1   0   1   0   0   0   0   0   0  31   3   0   3   0   0   0   0   0   0  60  1.93 0.84
  144 G   -3 -6 -6 -5 -3 -7 -4  8 -7 -9 -9 -7 -8 -8 -7 -4 -7 -8 -8 -5    2   0   0   1   1   0   1  93   0   0   0   0   0   0   0   1   0   0   0   1  2.69 1.10
  145 I   -6 -8 -8 -8 -6 -8 -8 -9 -8  8 -1 -8 -3 -2 -8 -7 -6 -8 -6  2    0   0   0   0   0   0   0   0   0  82   4   0   0   2   0   0   0   0   0  10  2.51 1.00
  146 D   -6 -7  5  8 -9 -5 -4 -5 -5 -7 -8 -5 -8 -9 -7 -6 -6 -9 -3 -8    0   0  25  70   0   0   0   1   0   0   0   0   0   0   0   0   0   0   1   0  2.51 1.08
  147 V   -5 -6  0 -4 -5 -6 -6 -7 -7  6  0 -3 -2 -2 -7 -4 -4 -1 -6  5    0   0   5   1   0   0   0   0   0  39   6   2   1   2   0   1   0   1   0  41  1.41 0.67
  148 N   -7 -4  9  0 -5 -6 -4 -3 -1 -9 -9 -3 -6 -5 -8 -2 -5 -2 -8 -8    0   1  84   4   0   0   1   2   1   0   0   2   0   1   0   3   0   1   0   0  2.72 1.15
  149 S   -2 -4  1 -3 -4 -4 -5 -1 -3 -7 -7 -4 -7 -5 -6  7  1 -8 -6 -7    2   1   5   1   0   1   0   5   1   0   0   1   0   0   0  76   6   0   0   0  1.80 0.94
  150 I   -4 -6 -6 -5 -5 -6 -7 -7 -7  6  3 -6  4 -4 -5 -6 -3 -6 -5  3    1   0   0   1   0   0   0   0   0  37  30   0  11   0   0   0   1   0   0  17  1.34 0.62
  151 K    0  2  2 -1 -4  0  0 -4 -2  1 -2  3 -1 -2 -3  0  0 -3 -2  2    6  11  10   4   0   3   4   0   1  10   2  17   1   1   0   8   6   0   1  13  0.26 0.24
  152 S   -5 -6 -4 -4 -6 -6 -5 -5 -6 -8 -7 -6 -7 -5  0  7 -3 -8 -7 -7    0   0   1   1   0   0   0   1   0   0   1   0   0   0   5  89   1   0   0   0  2.39 1.14
  153 I    0 -1  2 -2 -3 -2 -2 -4 -4  2  0  0 -1 -2 -4  0  0 -5 -1  4    7   4  11   2   0   1   3   1   0  12   7   7   1   1   0   7   6   0   2  28  0.33 0.27
  154 K    3 -1  2 -2 -4 -1 -1 -2 -2  0 -3  3 -2 -3 -3 -1  0 -5 -4  2   22   3  10   1   0   2   4   2   1   7   1  21   1   1   1   4   6   0   0  13  0.36 0.31
  155 T   -2 -3  2 -4 -2 -2 -4 -5  1 -4 -4 -4 -2 -1 -5  3  5 -1  4 -2    4   1   8   1   1   1   1   0   3   0   2   1   1   2   0  20  38   1  12   2  0.91 0.58
  156 V    2  0 -4 -3 -4 -1  0 -3 -3  0 -1  0 -1 -3 -3  0  4 -4 -3  3   15   4   0   1   0   2   6   2   1   4   4   6   1   1   1   7  24   0   1  20  0.38 0.33
  157 K   -1  0  2  1  0 -1 -1 -3 -2 -3 -4  1 -5 -4  5  2  1 -3 -3 -4    4   6  11   7   2   3   3   2   1   1   1   7   0   1  25  15   9   0   1   1  0.55 0.38
  158 W   -3 -5 -6 -7  1 -5 -7 -6 -7 -1  2 -6 -3  1 -5 -6 -4 11 -3  0    3   1   0   0   3   1   0   1   0   4  19   1   1   5   1   0   1  52   1   7  2.33 0.96
  159 D   -4 -4  6  4 -6 -3 -2 -2 -4 -6 -5 -2 -6 -3  0  2 -1 -3 -1 -5    1   1  36  25   0   1   2   4   0   0   1   2   0   1   5  13   4   0   2   1  1.05 0.59
  160 W   -2 -1 -5 -5 -5 -5 -3 -4 -5  4  3 -3  0  3 -3 -1 -1  4 -2  0    3   4   0   1   0   0   2   1   0  24  29   2   2  13   1   6   3   5   1   4  0.60 0.36
  161 R   -1  1  0 -1 -4  0  0 -2  4 -1 -1  2  0 -1 -1  1  1 -4  0  0    3   7   5   3   0   4   6   2  10   4   5  16   3   2   2  10  10   0   2   6  0.18 0.18
  162 N   -3 -2  4  1 -4  0  0 -2 -2 -3 -1 -3 -2 -4 -4  5 -1 -6 -2 -5    1   2  21   8   0   3   5   3   1   1   7   1   1   0   0  37   4   0   1   0  0.74 0.50
  163 G   -2 -1  1 -2 -7 -1 -2  6 -2 -4 -5 -3 -3 -6 -6 -2 -3 -2 -7 -5    3   4   7   3   0   3   2  66   1   1   1   2   1   0   0   2   1   1   0   1  1.42 0.69
  164 E   -2  1  1  2 -5  2  1  2  0 -4 -3  3 -3 -4 -4  0 -1 -5 -3 -3    3   9   7  10   0  10   8  15   2   1   2  19   0   0   0   8   3   0   1   2  0.38 0.29
  165 V   -1  1  1 -3 -4 -1 -1 -4 -2  1  0  1  0 -4  3 -1  2 -4 -3  2    4   8   8   1   0   3   3   0   1   8   9   7   2   0  14   3  13   0   0  15  0.28 0.25
  166 A    3 -5  1 -5  1 -4 -4  0 -3  3 -2 -4  6 -2 -4 -2  0 -3 -1  1   21   0   8   0   3   0   1   7   1  16   3   1  19   2   0   1   6   0   2   8  0.58 0.40
  167 D   -3 -1  4  2 -6  3  0 -4  3 -2 -4  0 -4 -3 -5  0  3 -3 -1 -3    1   3  18  13   0  15   6   0   7   2   1   5   0   1   0   6  16   0   2   1  0.58 0.41
  168 V    6 -5 -7 -7  2 -6 -6 -6 -7 -3 -5 -6 -4 -7 -6 -3 -3 -7 -7  5   57   0   0   0   4   0   0   0   0   1   1   0   0   0   0   1   1   0   0  33  1.66 0.83
  169 V   -4  2 -3 -4 -3  1 -2 -4  1 -3  0 -3 -1 -2 -5  1  1 10 -2 -1    1   9   1   1   1   5   3   1   3   2   8   1   1   2   0  11   8  35   1   4  1.23 0.64
  170 I   -6 -8 -8 -8 -6 -8 -8 -8 -5  8 -3 -8 -4 -6 -8 -7 -5 -8 -6  4    0   0   0   0   0   0   0   0   0  69   1   0   0   0   0   0   0   0   0  29  2.35 0.96
  171 T   -1  0  0  3 -2 -2  1 -4 -3 -2 -5 -2 -4 -5 -5  3  4 -4 -6 -3    4   6   5  17   1   1   9   1   0   3   0   2   0   0   0  22  26   0   0   1  0.67 0.47
  172 Y   -8 -8 -8 -9 -5 -8 -8 -9 -3 -7 -7 -8 -7  2 -9 -8 -8 -4 10 -7    0   0   0   0   0   0   0   0   1   0   0   0   0   6   0   0   0   0  92   0  3.75 1.44
  173 R   -6 -4  6  6 -7 -2 -2 -4 -1 -4 -7 -1 -7 -7 -6 -3 -2 -8 -5 -6    0   1  36  46   0   1   2   1   2   1   0   3   0   0   0   2   2   0   0   1  1.74 0.82
  174 A    3 -6  3 -4 -4 -5 -5  2 -4 -7 -7 -5 -6 -7 -3  5 -3 -7 -5 -5   21   0  13   0   0   0   0  13   0   0   0   0   0   0   1  47   1   0   0   0  1.25 0.72
  175 P    0  0  0  0 -4 -2 -1 -1 -1 -1 -2 -2 -2 -4 -1  4  3 -5 -4  1    9   5   4   5   0   1   3   5   1   3   4   2   1   1   3  29  16   0   0   9  0.35 0.32
  176 T    0 -2 -1 -3 -5  0 -1 -4 -3 -5 -4  0 -4 -5 -5  4  5 -7 -4 -4    7   2   3   1   0   4   4   1   1   0   1   5   0   0   0  29  40   0   0   1  1.01 0.63
  177 K   -4  2  2 -4 -4  2 -2 -3  3 -6 -4  6  1 -4 -5  0 -2 -4 -3 -5    1   8  11   0   0   7   2   2   6   0   2  47   3   1   0   6   2   0   1   0  1.02 0.59
  178 S   -4  1  5 -2 -3  1 -3 -4 -1  2  0 -1  2 -2 -5 -2  1 -5 -3  1    0   6  33   2   0   6   1   1   1  10   9   4   5   1   0   2   8   0   1   9  0.58 0.40
  179 L   -6 -7 -8 -8 -6 -6 -8 -8 -8  1  6 -7  2 -2 -8 -6 -5 -7 -6 -1    0   0   0   0   0   0   0   0   0   7  82   0   4   1   0   0   1   0   0   4  1.96 0.86
  180 T    1 -2  3  0 -4 -3 -2 -3 -2 -4 -4 -1 -4 -3 -5  5  1 -7 -4  0    9   3  14   5   0   1   2   1   1   1   1   3   0   1   0  41   9   0   0   6  0.72 0.50
  181 V    1 -7 -8 -8 -6 -7 -7 -7 -8  0 -3 -6 -1 -6 -7 -6 -4 -8 -6  7   12   0   0   0   0   0   0   0   0   4   2   0   1   0   0   0   1   0   0  79  2.11 0.93
  182 C    0 -2 -2 -2 -3 -3 -3 -4 -1 -2 -2 -2 -2  3 -4  3  3 -1  0  1    7   2   1   3   1   1   1   0   2   2   4   2   1  14   0  25  21   1   2  11  0.49 0.39
  183 L   -4 -6 -7 -7 -6 -6 -5 -7 -6  0  5 -5  2  3 -6 -5 -4  7 -1  1    1   0   0   0   0   0   1   0   0   4  48   1   5  13   0   1   1  14   2   8  1.30 0.62
  184 S    1  0 -2 -4 -4 -1 -3 -1  0 -2 -2 -1 -2  0 -4  3  4  3 -2 -1   10   6   1   0   0   3   1   4   2   3   4   3   1   4   0  25  24   4   1   5  0.43 0.36
  185 Y   -4 -5  0  0 -5 -4 -5  0  1  1 -2 -4  0  3  1 -1  0 -1  6 -2    1   0   5   5   0   0   0   6   3   7   4   1   2  12   8   4   6   1  32   2  0.74 0.45
  186 P    0 -2  0  2 -4 -1  0  0 -2 -2 -2 -2 -1  2  3  1  0 -4  1 -1    6   1   5  12   0   2   4   6   1   2   4   2   1   9  16  13   4   0   6   5  0.23 0.20
  187 S    0 -1  2  2 -4 -1  1  2 -2 -2 -3 -1 -4 -4 -1  3 -1 -5 -3 -1    6   4  11  12   0   3   8  13   1   2   2   4   0   1   2  22   4   0   1   5  0.30 0.25
  188 D   -3  0  4  3 -4 -1  0 -2  0 -3 -3  3 -3 -3 -1  0  2 -5 -2 -3    1   5  21  16   0   2   4   2   2   1   2  16   0   1   3   8  12   0   1   2  0.51 0.35
  189 G   -2 -1  1 -1 -5  1 -2  3 -3 -4 -5  0 -2 -5  5  0 -1 -6 -4 -3    3   4   8   4   0   7   2  20   0   1   1   6   1   0  30   7   4   0   0   2  0.71 0.44
  190 T   -1  0  1 -1 -4  1  1 -2 -3 -2 -3  1 -2 -4  1  1  3 -4 -3  1    5   5   8   3   0   5   8   3   0   2   1  11   1   1   7  11  18   0   1  10  0.25 0.25
  191 S   -1  1  2 -1 -3  0 -2 -3 -1  0 -2  2  0 -3  1  3  1  0 -2 -2    3   9  12   3   0   3   2   1   2   5   4  11   3   1   7  21   9   2   2   2  0.26 0.26
  192 N   -2 -1  1 -3 -1  1 -3 -5  0 -4 -4 -2 -5 -1  4  3  0 -5  5 -2    2   3   7   1   1   6   1   0   2   1   1   2   0   2  20  21   6   0  21   2  0.72 0.50
  193 I   -2 -2  2 -2 -3 -1 -2 -3  1  1  1 -3 -2 -2 -3  3  2 -5  1 -1    2   2   9   2   0   3   2   1   4  10  15   1   1   2   1  25  11   0   4   5  0.31 0.30
  194 I   -4 -7 -6 -8 -6 -7 -6 -8 -7  3  5 -6 -1  0 -6 -5 -5 -6 -2  3    1   0   0   0   0   0   0   0   0  16  54   0   1   4   0   0   0   0   1  22  1.34 0.64
  195 T   -1 -3  1 -2 -4 -3 -3 -4 -2 -6 -6 -4 -6  0 -4  6 -1 -2  1 -5    4   1   7   3   0   1   2   1   1   0   0   0   0   3   1  65   4   1   5   1  1.34 0.78
  196 A    1 -4 -3 -2  0  0 -2 -5  4 -2 -1 -4 -2  1 -5  0  1 -1  6 -1   14   0   1   2   2   5   2   0   8   2   6   1   1   5   0   6   7   1  30   5  0.66 0.44
  197 S   -1  0  1  0 -4  1 -1 -3  1  2 -2  1  0 -3  1  0  1 -4 -4  1    3   6   7   5   0   7   3   2   3  13   2  11   2   0   6   7  10   0   0  13  0.18 0.20
  198 V   -4 -1 -7 -7 -4 -6 -6 -8 -6  5  0 -4  0 -3 -6 -6 -3 -7 -3  6    1   4   0   0   0   0   0   0   0  28   6   1   2   1   0   0   1   0   1  54  1.50 0.71
  199 D   -7 -5  2  8 -8 -2 -1 -7 -2 -8 -9 -5 -8 -8 -3 -4 -6 -9 -6 -7    0   0   9  80   0   2   4   0   1   0   0   1   0   0   1   1   0   0   0   0  2.47 1.06
  200 L   -6 -6 -8 -8 -4 -7 -8 -8 -8 -2  7 -7  2 -1 -3 -7 -6 -5 -6 -2    0   0   0   0   0   0   0   0   0   2  87   0   4   2   2   0   0   0   0   2  2.09 0.92
  201 K   -1  5  0 -3 -6 -2  0 -4 -2 -5 -5  3  1 -5 -3  3  1 -5 -5 -4    4  26   5   1   0   1   5   1   1   0   1  18   3   0   1  23   9   0   0   1  0.74 0.49
  202 A    0  0  0  2 -5  1  2 -3 -2 -4 -4  3 -3 -4  2  2  0 -4 -4 -4    6   3   4  11   0   5  16   2   1   1   2  18   1   1   9  13   7   0   0   1  0.39 0.32
  203 I   -1 -5 -2 -4 -1 -4 -1 -6  3  3  0 -3 -2  0 -6 -3 -3 -4  5  4    5   0   2   1   1   1   4   0   6  15   6   2   0   4   0   1   1   0  20  30  0.76 0.45
  204 L   -7 -7 -8 -9 -6 -7 -8 -8 -8 -2  7 -8 -1  0 -8 -7 -6 -7 -6  1    0   0   0   0   0   0   0   0   0   1  86   0   1   4   0   0   0   0   0   7  2.08 0.92
  205 P   -6 -4 -1 -1 -8  1 -3 -5  0 -8 -3  0 -6 -6  8 -4 -5 -9 -5 -6    0   1   3   4   0   6   2   1   2   0   4   6   0   0  68   1   0   0   1   0  2.01 0.97
  206 E   -3 -3 -3  3 -8  2  6 -2 -3 -8 -7 -3 -7 -8  0 -2 -5 -8 -7 -7    2   1   1  15   0   9  58   4   1   0   0   1   0   0   5   3   0   0   0   0  1.48 0.79
  207 W   -5 -1  0  1 -3  1  1 -6 -4 -5 -4  0 -2  1 -4 -1  0 10  2 -2    1   4   4   7   1   7   8   0   0   0   2   6   1   6   1   5   6  33   6   3  1.20 0.63
  208 V   -2 -7 -8 -8 -6 -7 -8 -5 -8 -1 -4 -7  6 -6 -8 -7 -6 -8 -7  7    4   0   0   0   0   0   0   1   0   2   0   0  19   0   0   0   0   0   0  73  2.29 1.01
  209 S    2  2 -1 -3 -3 -3 -3 -4 -3  1 -4 -3  0  1 -5  2  3 -4  4 -1   16  10   3   1   0   0   2   0   0   7   1   1   2   5   0  14  17   0  15   4  0.45 0.38
  210 V   -3 -7 -8 -8 -6 -7 -7 -8 -8  4 -3 -7 -1  2 -7 -7 -5 -7 -5  7    2   0   0   0   0   0   0   0   0  24   1   0   1   9   0   0   0   0   0  61  1.83 0.81
  211 G   -6 -8 -6 -7 -8 -7 -8  8 -8 -9 -9 -7 -8 -9 -8 -6 -7 -8 -9 -7    0   0   0   0   0   0   0  99   0   0   0   0   0   0   0   0   0   0   0   0  3.03 1.19
  212 F   -8 -9 -9 -9 -8 -9 -9 -9 -7  0 -2 -9 -6  9 -9 -8 -8 -5 -3 -6    0   0   0   0   0   0   0   0   0   4   3   0   0  91   0   0   0   0   0   0  3.37 1.24
  213 S   -3 -6 -5 -6 -6 -6 -6 -5 -6 -4 -7 -5 -7 -6 -6  8 -1 -8 -7 -7    2   0   0   0   0   0   0   0   0   1   0   1   0   0   0  92   3   0   0   0  2.50 1.15
  214 G    7 -6 -6 -6 -5 -6 -6  2 -6 -6 -6 -6 -4 -7 -6  1 -3 -7 -7 -5   73   0   0   0   0   0   0  13   0   0   0   0   0   0   0  10   1   0   0   0  1.80 0.86
  215 G    5 -6 -4 -6 -4 -5 -5 -3 -6 -5 -7 -5 -6 -7 -6  5  2 -7 -7 -5   45   0   1   0   0   0   0   2   0   0   0   0   0   0   0  38  12   0   0   0  1.47 0.79
  216 V   -3 -6 -3 -6 -2 -5 -6 -6 -6 -4 -6 -5 -6 -6 -5  1  8 -7 -5 -4    1   0   1   0   1   0   0   1   0   1   0   1   0   0   0  10  81   0   0   1  2.25 1.02
  217 G   -2 -4 -4 -5 -6 -5 -1  7 -6 -6 -6 -5 -6 -6 -6 -1 -4 -6 -6 -5    2   1   1   1   0   0   4  81   0   0   1   0   0   0   0   5   1   0   0   1  2.04 0.83
  218 N   -1  0  2  1 -3  1  0  0  0 -1  0  0  0 -1 -2  2  0  0  0 -1    4   4   9   9   0   7   5   7   2   2  12   4   2   2   1  15   7   1   3   3  0.09 0.11
  219 A    0 -2 -1 -2  1 -1 -1 -1 -2 -1  2 -1  0  1 -2  2 -1 -1  2  0    8   2   3   2   3   2   3   5   0   2  19   4   2   6   2  17   3   1   8   7  0.10 0.12
  220 A    2 -2 -1 -2 -1 -1 -1  0 -2 -1 -2 -1 -1 -1  0  1  3 -2 -1  2   17   2   2   2   1   2   4   7   1   3   3   4   1   2   4  10  18   1   2  15  0.19 0.16
  221 E    1  0  1  0 -1  1  0  0  0 -1 -1  0 -1 -1  0  1  0  1  0 -1   15   5   6   6   1   6   6   6   2   3   6   4   1   3   3  11   6   2   3   4  0.05 0.04
  222 F   -1 -1 -1 -2 -2 -1 -2 -1 -1  2  1 -1  1  2 -1 -1  0  0  2  1    4   4   2   2   1   2   3   4   2  12  12   3   3  11   2   5   7   1   9   9  0.11 0.08
  223 E   -1 -4 -4 -2 -6  2  7 -5 -2 -5 -5 -4 -5 -5 -3  2 -2 -6 -5 -4    5   0   1   1   0   7  61   1   1   1   1   1   0   1   1  13   3   0   0   1  1.43 0.71
  224 T   -2  2 -1 -2 -2  0  0 -2 -2  0  2 -1 -1 -2 -3  2  3 -4 -3  0    2  11   2   1   1   4   6   2   1   6  20   3   1   1   1  15  18   0   0   5  0.25 0.23
  225 H   -6 -3  3 -5 -7 -3 -5 -7 11 -7 -4 -6 -6 -5 -5 -5 -6 -7 -2 -7    0   1  12   1   0   1   0   0  77   0   2   0   0   1   1   1   0   0   1   0  3.23 1.19
  226 D   -3  0  1  2 -2  4 -1 -3 -1 -1 -2  0 -3 -1 -5  0  2 -4  4 -1    1   5   5  11   1  17   2   2   1   3   4   7   0   2   0   5  13   0  15   4  0.39 0.32
  227 V   -6 -8 -8 -8 -6 -8 -8 -9 -8  7  3 -8 -3 -4 -8 -7 -5 -8 -6  4    0   0   0   0   0   0   0   0   0  55  21   0   0   0   0   0   0   0   0  24  1.87 0.80
  228 L   -4 -1  0 -6 -3 -1 -1 -6  4 -1  4 -2  1  0 -6 -2 -2 -5  2 -2    1   3   6   0   1   2   5   0   9   3  47   3   3   3   0   3   2   0   8   1  0.70 0.44
  229 S   -1 -6  0 -3 -7 -6 -5  2 -6 -8 -7 -5 -7 -5 -5  7 -2 -3 -2 -7    4   0   4   2   0   0   0  15   0   0   0   0   0   0   0  70   1   0   2   0  1.71 0.90
  230 W   -10 -8 -11 -12 -3 -9 -10 -10 -10 -10 -9 -10 -9 -4 -11 -10 -10 13 -5 -10    0   0   0   0   1   0   0   0   0   0   0   0   0   1   0   0   0  98   0   0  5.54 1.88
  231 Y   -3 -4  2  1 -7 -3  3 -4 -3 -7 -7 -4 -7 -5 -6  6 -1 -7  1 -6    1   1   8   6   0   1  16   1   0   0   0   0   0   0   0  58   3   0   4   0  1.37 0.77
  232 F   -9 -9 -10 -10 -9 -10 -10 -10 -8 -6 -5 -10 -6 10 -10 -8 -9 -5 -2 -7    0   0   0   0   0   0   0   0   0   0   0   0   0  99   0   0   0   0   0   0  3.84 1.37
  233 T   -2  1  4 -1 -6 -2 -2 -4  1 -5 -6  1 -5 -5 -5  4  2 -7 -1 -5    3   7  21   2   0   1   2   1   4   1   0  10   0   0   0  32  14   0   2   0  0.83 0.53
  234 S   -3 -6 -5 -6 -4 -6 -6 -6 -7 -2 -3 -6  3 -7 -6  7  1 -8 -7 -4    2   0   0   0   0   0   0   0   0   2   3   0   6   0   0  78   8   0   0   1  1.98 0.98
  235 N   -3 -5  5 -2 -6 -5 -3 -5 -1 -5 -7 -2 -6 -5 -5  4  5 -8 -6 -5    1   0  23   2   0   0   1   0   2   0   0   2   0   0   0  31  36   0   0   0  1.35 0.72
  236 L   -6 -7 -8 -9 -6 -7 -8 -9 -8 -3  7 -7  2 -4 -8 -7 -6 -6 -6 -4    0   0   0   0   0   0   0   0   0   0  96   0   4   0   0   0   0   0   0   0  2.34 0.88
