    1 M   -4 -4 -5 -6 -4 -3 -5 -6 -4 -1  0 -4 10 -3 -5 -4 -3 -4 -4  0    0   0   0   0   0   0   0   0   0   0   3   0  92   0   0   0   0   0   0   5  2.33 0.67
    2 V    2 -3 -2 -3 -2 -3 -3 -1 -4  0 -2 -3 -1 -3 -1  2 -1 -4 -3  5   16   0   1   1   0   0   1   5   0   2   0   0   0   0   3  17   1   0   0  52  0.50 0.30
    3 N   -4 -1  8 -1 -5 -2 -3 -3 -1 -3 -2 -1 -4 -5 -3 -1 -2 -6 -3 -5    0   3  80   0   0   0   0   0   0   2   6   3   0   0   1   3   0   0   1   0  1.59 0.57
    4 P   -3 -4 -4 -4 -5 -4 -4 -5 -1 -5 -4 -3 -5 -6  8 -2 -3 -4 -5 -4    1   1   0   0   0   0   0   0   2   0   2   1   0   0  88   3   0   0   0   1  2.48 0.66
    5 T   -2  2 -1 -3 -2  1 -2 -3 -2 -1 -2  2 -1 -4 -3  0  5 -4 -3  0    1  14   1   0   1   5   0   1   0   4   2  14   1   0   0   3  47   0   0   5  0.57 0.32
    6 V   -2 -5 -5 -5  1 -4 -4 -5 -5  1 -1 -4  5 -2 -5 -4 -2 -5 -4  6    1   0   0   0   2   0   1   0   0   2   2   0  14   1   0   0   1   0   0  76  1.28 0.51
    7 F   -4 -5 -5 -6 -1 -5 -5 -6 -3 -3 -2 -5 -3  8 -4 -4 -4  0  5 -3    0   0   0   0   1   0   0   0   0   0   1   0   0  73   1   1   0   1  19   1  1.90 0.58
    8 F   -5 -5 -6 -6 -5 -4 -6 -6 -4 -3  1 -5  1  9 -6 -4 -5 -2  0 -3    0   0   0   0   0   0   0   0   0   0  10   0   3  85   0   1   0   0   0   0  2.08 0.63
    9 D   -4 -4  3  7 -6 -2  0 -4  1 -5 -6 -2 -5 -6 -4 -2 -3 -6 -5 -6    0   0  14  77   0   0   2   0   3   0   0   1   0   0   0   1   0   0   0   0  1.71 0.55
   10 I   -3 -5 -5 -5 -3 -4 -5 -5 -5  7  0 -4  4 -2 -5 -3 -2 -4 -3  2    0   0   0   0   0   0   0   1   0  70   3   0  11   1   0   1   1   0   0  11  1.22 0.45
   11 A    3 -2 -2 -2  0 -2 -1 -1 -3 -2 -2 -1 -1 -4 -2  1  4 -4 -3 -1   36   1   1   1   1   1   4   2   0   1   2   3   1   0   1  10  32   0   0   3  0.47 0.28
   12 V    2 -4 -4 -3 -2 -3 -4 -3 -4  4  0 -3  1 -2 -3 -2 -1 -4 -3  4   24   0   0   1   0   0   0   1   0  33   3   1   3   1   0   1   1   0   0  32  0.61 0.31
   13 D   -3 -3  4  6 -4 -1  0  3 -2 -5 -5 -3 -5 -5 -3 -2 -3 -5 -3 -5    1   0  18  48   0   1   3  24   0   0   0   0   0   0   1   1   0   0   1   0  1.04 0.39
   14 G   -1 -3  1  1 -3 -3 -3  6 -3 -5 -5 -1 -4 -5 -3  1 -2 -5 -4 -4    1   1   6   7   1   0   1  63   0   0   0   3   0   0   0  14   1   0   0   1  1.04 0.38
   15 E    0 -1 -1  0 -4  2  5 -3 -2 -4 -4  3 -2 -5 -3 -1 -1 -5 -4 -3    7   1   2   2   0   9  47   1   0   0   0  22   1   0   0   3   2   0   0   1  0.74 0.35
   16 P   -1 -3 -2 -2 -3 -2 -2 -4 -2 -5 -3 -1 -4 -5  8 -1 -2 -6 -4 -4    5   1   2   2   1   1   1   0   1   0   2   4   0   0  72   5   2   0   1   1  1.75 0.52
   17 L    2 -4 -4 -5 -2 -3 -4 -4 -4  0  5 -3  0 -1 -4 -1 -2 -2 -3  0   19   0   0   0   0   0   0   0   0   2  63   0   1   1   0   5   2   0   0   5  0.65 0.33
   18 G   -2 -4 -2 -1 -4 -4 -4  7 -2 -6 -6 -4 -5 -5 -5 -1 -4 -5 -5 -4    1   0   0   4   0   0   0  89   1   0   0   0   0   0   0   2   0   0   0   1  1.78 0.53
   19 R   -3  7 -3 -3  5 -1 -2 -4  5 -5 -4  0 -4 -5 -2 -2 -3 -2 -3 -4    0  62   0   0  14   2   0   0  14   0   0   2   0   0   2   2   0   0   0   0  1.30 0.48
   20 V   -2 -5 -5 -3 -3 -4 -5 -5 -5  6  0 -4 -1 -2 -5 -4 -2 -3 -3  5    1   0   0   2   0   0   0   1   0  50   2   0   0   1   0   0   1   0   0  43  1.07 0.41
   21 S   -1 -2 -2 -3 -1 -2 -1 -3 -3  0 -2 -2 -2 -2 -2  5  1 -4 -3  3    1   1   0   0   1   0   3   0   0   5   1   0   0   1   1  52   8   0   0  24  0.58 0.35
   22 F   -4 -4 -4 -5 -4 -4 -5 -5 -3  1  0 -5  6  7 -5 -4 -3 -2  0 -1    0   0   1   0   0   0   0   0   0   8   5   0  25  56   0   1   0   0   1   1  1.31 0.47
   23 E   -3 -1 -2 -1 -5  2  6 -4 -2 -5 -3  3 -2 -5 -3 -2 -2 -5 -4 -4    1   1   1   0   0   6  68   0   0   0   2  17   1   0   0   1   1   0   0   1  1.16 0.45
   24 L   -3 -4 -5 -6 -3 -3 -5 -6 -5  0  6 -4  0 -2 -2 -4 -3 -4 -3 -1    1   1   0   0   0   1   0   0   0   1  92   0   0   0   2   0   0   0   0   1  1.30 0.46
   25 F   -4  3 -2 -5 -3 -3 -4 -5 -2 -3 -1 -2 -2  8 -5 -3 -4 -2  3 -3    0  17   2   0   0   0   0   0   1   0   3   1   0  66   0   1   0   0   7   0  1.34 0.46
   26 A    6 -3 -1 -1 -3 -2 -2 -1 -3 -3 -3 -1 -3 -4 -2  1  0 -5 -3 -2   73   0   2   4   0   0   1   1   0   0   1   2   0   0   1   9   3   0   0   2  0.86 0.39
   27 D   -4 -4  1  8 -6 -3  0 -3 -2 -6 -6 -3 -5 -6 -4 -2 -3 -7 -5 -5    1   0   4  89   0   0   2   1   1   0   0   1   0   0   0   0   0   0   0   0  1.90 0.56
   28 K   -2  0 -1 -2 -2 -1  0 -4 -3  1 -2  5 -2 -4 -3 -2 -1 -5 -3  3    2   2   2   1   1   1   3   0   0   6   0  51   0   0   0   0   3   0   0  26  0.60 0.33
   29 V   -2 -4 -5 -4 -2 -4 -4 -5 -4  1  0 -4 -1  3 -4 -3  0 -4 -2  6    2   0   0   1   0   0   0   0   0   5   4   0   0  16   0   0   6   0   0  67  0.90 0.38
   30 P   -3 -5 -5 -4 -5 -4 -4 -5 -5 -5 -5 -3 -5 -6  9 -2 -4 -6 -6 -5    1   0   0   0   0   0   0   0   0   0   1   0   0   0  95   3   0   0   0   0  2.79 0.69
   31 K   -3  2 -2 -3 -5  0 -1 -4 -3 -4 -4  7  0 -5 -3 -2 -3 -5 -4 -4    0   7   1   0   0   1   0   0   0   0   1  87   2   0   0   0   0   0   0   0  1.54 0.54
   32 T   -2 -2 -3 -4 -3 -3 -3 -4 -4 -2 -4 -3 -2 -5 -3 -1  7 -5 -4 -3    1   2   0   0   0   0   0   0   0   1   0   0   1   0   0   1  92   0   0   0  1.68 0.61
   33 A    6 -4 -4 -4 -1 -3 -2 -1 -4 -3 -3 -3 -3 -4 -2 -1 -1 -5 -4 -1   86   0   0   0   1   0   2   1   0   0   0   0   0   0   1   1   3   0   0   4  1.18 0.47
   34 E   -3 -2 -3 -1 -6  0  7 -3 -3 -6 -5 -1 -5 -6 -4 -3 -3 -5 -5 -5    1   1   0   1   0   0  92   2   0   0   0   1   0   0   0   0   0   0   0   0  1.77 0.59
   35 N   -4 -3  8 -1 -3 -3 -3 -3 -1 -6 -6 -2 -5 -6 -5 -2 -3 -7 -5 -6    0   0  95   1   1   0   0   0   1   0   0   1   0   0   0   1   0   0   0   0  2.21 0.67
   36 F   -5 -5 -6 -6 -3 -6 -6 -6 -4 -2 -1 -6 -2  9 -6 -4 -5 -2  1 -2    0   0   0   0   1   0   0   0   0   1   2   0   0  92   0   1   0   0   1   2  2.19 0.62
   37 R   -4  7 -3 -4  4 -2 -3 -4  6 -5 -3 -1 -4 -5 -2 -3 -4 -3 -2 -5    0  60   0   0  11   0   0   0  23   0   1   0   0   0   2   0   0   0   0   0  1.39 0.50
   38 A    6 -3 -4 -4  2 -1 -2 -2 -4 -3 -3 -3 -3 -4 -3 -1 -1 -5 -4 -1   81   0   0   0   5   2   2   1   0   1   1   0   0   0   0   1   2   0   0   3  1.07 0.45
   39 L   -4 -4 -6 -6 -4 -4 -5 -6 -5 -1  6 -5  0 -2 -4 -5 -3 -4 -3 -1    0   1   0   0   0   0   0   0   0   0  96   0   1   0   1   0   0   0   0   0  1.45 0.50
   40 S   -1 -2  0 -3  8 -3 -3 -2 -4 -4 -4 -3 -4 -5 -4  5 -1 -5 -4 -4    2   2   4   0  40   0   0   1   0   0   0   0   0   0   0  49   1   0   0   0  1.39 0.50
   41 T   -2 -4 -1 -3 -3 -3 -3 -4 -4 -2 -4 -3 -2 -5 -3  0  7 -2 -4 -2    0   0   3   0   0   0   0   0   0   2   0   0   0   0   1   3  90   1   0   0  1.61 0.59
   42 G   -2 -2 -2 -3 -4 -3 -1  7  1 -5 -5 -2 -4 -5 -4 -2 -3 -4 -5 -5    1   2   0   0   0   0   4  84   4   1   0   2   0   0   0   0   0   0   0   0  1.56 0.48
   43 E   -3 -2 -3  0 -6  0  7 -4 -3 -6 -5  0 -5 -6 -4 -2 -3 -5 -5 -5    1   0   0   3   0   1  90   1   0   0   0   4   0   0   0   0   0   0   0   0  1.73 0.59
   44 K   -3  1 -2 -3 -4 -1 -1 -4  1 -4 -5  7 -2 -5 -3 -3 -3 -5 -3 -5    1   3   1   0   0   1   0   0   3   0   0  88   1   0   1   0   0   0   0   0  1.57 0.56
   45 G   -2 -4 -3 -3 -5 -4 -3  7 -4 -6 -6 -3 -5 -5 -5 -2 -3 -2 -5 -4    0   1   0   0   0   0   2  93   0   0   0   0   0   0   0   0   1   1   0   2  1.89 0.55
   46 F   -4 -4 -5 -5 -2 -5 -4 -5 -3  0  0 -4  0  8 -6 -4 -3 -2  2 -1    0   0   0   0   1   0   1   0   0   3   7   1   2  76   0   0   1   0   4   4  1.55 0.49
   47 G   -2 -3 -2 -3  1 -4 -4  7 -1 -6 -6 -4 -5 -5 -4 -1 -3 -5 -5 -3    1   1   0   1   4   0   0  88   2   0   0   0   0   0   0   2   0   0   0   2  1.69 0.50
   48 Y   -4 -4 -2 -4 -1 -4 -5 -5 -1 -4 -3 -4 -3  4 -5 -3 -4 -1  9 -4    0   0   2   1   1   0   0   0   0   0   0   0   0  12   0   2   0   0  80   0  2.10 0.63
   49 K   -2  1 -2 -3 -5  0  0 -4 -3 -5 -4  7 -2 -5 -3 -2 -2 -5 -4 -4    2   2   0   0   0   1   3   0   0   0   1  86   1   0   0   0   2   0   0   0  1.49 0.54
   50 G   -1 -4  0 -1 -1 -3 -3  7 -3 -5 -5 -3 -4 -5 -4 -1 -3 -5 -5 -3    2   0   3   3   2   0   1  82   0   0   0   0   0   0   0   3   0   0   0   3  1.47 0.45
   51 S   -1 -3 -2 -3  2 -3 -3 -3 -3 -5 -5 -3 -4  0 -2  7 -1 -2 -3 -4    1   0   0   0   5   0   0   0   0   0   0   0   0   4   1  87   0   1   0   0  1.35 0.56
   52 C   -1 -1 -3 -4  9 -3 -3 -2 -2  0 -3 -1 -3 -3 -1  2  1 -3 -3 -1    3   3   0   0  44   0   0   2   1   5   0   4   0   1   3  20   9   0   1   4  0.97 0.37
   53 F   -5 -5 -6 -6 -1 -6 -6 -6 -4 -2 -1 -6 -3  9 -6 -4 -5 -2  0 -3    0   0   0   0   1   0   0   0   0   1   2   0   0  93   0   1   0   0   0   1  2.25 0.64
   54 H   -4 -3 -2 -4 -6 -1 -3 -5 11 -6 -5 -4 -4 -3 -4 -4 -5 -5  1 -6    1   0   0   0   0   2   0   0  93   0   0   0   0   0   0   0   0   0   3   0  2.89 0.76
   55 R   -4  8 -3 -4 -6 -2 -3 -4 -3 -4 -4  1 -4 -5 -4 -3 -4 -5 -4 -5    0  93   0   0   0   0   0   0   0   1   0   3   0   0   1   1   0   0   0   0  2.03 0.62
   56 I   -3 -5 -3 -5 -3 -5 -5 -6 -5  6  0 -5  0 -1 -5 -4 -2 -5 -3  4    0   0   1   0   0   0   0   0   0  67   1   0   1   1   0   0   1   0   0  27  1.22 0.44
   57 I   -4 -5 -5 -6 -4 -5 -6 -6 -6  8  0 -5 -1 -1 -5 -5 -2 -5 -4  1    0   0   0   0   0   0   0   0   0  93   1   0   0   1   0   0   1   0   0   1  1.73 0.57
   58 P   -3 -5 -4 -4 -5 -4 -4 -5 -5 -5 -3 -3 -3 -6  8 -1 -2 -3 -6 -5    1   0   0   0   0   0   0   0   0   0   3   0   0   0  89   5   1   1   0   0  2.49 0.65
   59 G   -2 -1  2  1 -4  1  0  5 -2 -5 -5 -1 -4 -5 -4 -1 -3 -5 -4 -5    0   4  12   6   0   8   7  58   0   0   0   2   0   0   0   3   0   0   0   0  0.92 0.34
   60 F   -5 -6 -6 -6 -4 -6 -6 -6 -4 -2 -1 -6 -3  9 -6 -3 -5 -2  0 -3    0   0   0   0   0   0   0   0   0   1   3   0   0  94   0   2   0   0   0   1  2.30 0.65
   61 M   -4 -3 -5 -6 -4 -3 -5 -6 -4  1  0 -3 10 -3 -5 -4 -2 -4 -4 -1    0   1   0   0   0   0   0   0   0   5   3   1  85   0   0   0   2   0   0   3  2.15 0.69
   62 C   -3 -5 -5 -6 11 -6 -6 -5 -6 -1 -1 -6 -4 -4 -6 -4 -4  0 -2 -3    0   1   0   0  87   0   0   0   0   3   6   0   0   0   0   0   0   1   1   0  2.84 0.71
   63 Q   -4 -1 -3 -3 -6  9 -1 -5 -1 -6 -5 -1 -3 -6 -4 -3 -4 -5 -4 -5    0   2   0   0   0  96   1   0   1   0   0   0   0   0   0   0   0   0   0   0  2.27 0.73
   64 G   -1 -4 -2 -2 -1 -4 -4  7 -4 -5 -6 -4 -5 -5 -4 -2 -4 -5 -5 -4    2   0   1   2   1   0   0  90   0   0   0   0   0   0   0   2   0   0   0   1  1.77 0.52
   65 G   -2 -4 -3  0 -3 -4 -3  7 -4 -6 -6 -4 -5 -5 -4 -2 -4 -5 -5 -4    0   0   0   4   0   0   1  91   0   0   0   0   0   0   0   2   0   0   0   1  1.82 0.53
   66 D   -4 -4  0  8 -6 -3 -1 -3 -2 -6 -6 -3 -6 -6 -4 -3 -4 -7 -6 -6    0   0   2  94   0   0   1   2   1   0   0   0   0   0   0   0   0   0   0   0  2.12 0.62
   67 F   -5 -5 -5 -6 -5 -6 -6 -6 -4  0 -2 -6 -2  9 -6 -3 -4 -2  1 -2    0   0   0   0   0   0   0   0   0   4   1   0   0  90   0   2   0   0   1   1  2.15 0.61
   68 T   -2 -3 -3 -4 -3 -3 -3 -4 -4  0 -4 -3 -2 -5 -3 -1  7 -5 -4 -2    1   1   0   0   0   0   1   0   0   4   0   0   0   0   0   0  92   0   0   0  1.70 0.62
   69 R   -1  5  3 -2  6 -1 -2 -3  3 -4 -3  1 -2 -4 -3 -1 -2 -4 -2 -3    6  35  18   0  19   1   0   0   8   0   1   6   0   0   1   2   1   0   1   0  0.71 0.32
   70 H   -4 -1 -1 -3 -1 -1 -3  2 10 -6 -5 -3 -4 -3 -4 -3 -4 -5  0 -6    0   2   2   0   1   2   0  18  72   0   0   0   0   0   1   0   0   0   1   0  1.96 0.60
   71 N   -4 -3  8  1 -5 -3 -3 -3  0 -5 -6 -2 -5 -4 -5 -1 -3 -6 -2 -5    0   0  87   6   0   0   0   0   1   1   0   1   0   0   0   2   0   0   1   0  1.89 0.61
   72 G   -2 -4 -3 -1 -5 -4 -4  7 -4 -6 -6 -4 -5 -6 -5 -1 -4 -5 -6 -6    1   0   0   3   0   0   0  93   0   0   0   0   0   0   0   3   0   0   0   0  1.91 0.55
   73 T   -2 -3 -2 -4 -3 -3 -3 -4 -4 -1 -4 -3 -3 -5 -3 -1  7 -5 -4 -2    2   1   0   0   0   0   0   0   0   3   0   0   0   0   1   1  90   0   0   0  1.63 0.60
   74 G   -2 -5 -2 -2 -4 -4 -4  7 -4 -6 -6 -4 -5 -6 -5 -2 -4 -5 -5 -5    0   0   0   2   0   0   0  95   0   0   0   0   0   0   0   1   0   0   0   0  1.98 0.56
   75 G   -2 -4 -2 -2 -4 -4 -4  7 -4 -6 -6 -4 -5 -5 -4  0 -3 -5 -5 -5    1   0   1   2   0   0   0  90   0   0   0   0   0   0   0   5   1   0   0   0  1.80 0.52
   76 K   -3  2 -2 -2 -5  0  2 -4 -2 -5 -5  7 -2 -5 -3 -2 -3 -5 -4 -4    0  10   1   0   0   0  14   0   0   0   0  71   1   0   0   1   0   0   0   0  1.22 0.46
   77 S   -1 -3 -2 -3 -1 -3 -3 -3 -2 -5 -5 -3 -4 -2 -2  7 -1 -5 -2 -4    0   0   0   0   1   0   0   0   1   0   0   0   0   2   1  93   0   0   1   0  1.52 0.60
   78 I   -4 -5 -4 -5 -4 -5 -5 -6 -1  7  0 -5  0 -2 -5 -4 -1 -5 -3  1    0   0   1   0   0   0   0   0   2  87   1   0   1   1   0   0   3   0   0   4  1.49 0.51
   79 Y   -4 -5 -5 -4  1 -4 -5 -6  1 -4 -4 -5 -4  1 -6 -4 -4  2  9 -4    0   0   0   1   3   0   0   0   2   0   0   0   0   1   0   0   0   2  90   0  2.43 0.70
   80 G   -2  1 -3 -3 -5 -2 -3  7 -4 -6 -5 -3 -5 -5 -4 -2 -4 -2 -5 -5    0  10   0   0   0   2   1  85   0   0   0   0   0   0   0   0   0   1   0   0  1.61 0.48
   81 E   -1 -1  1  1 -5  0  6 -2 -1 -4 -4  0 -3 -5 -2  0 -2 -4 -4 -4    5   2   6   5   0   2  63   2   1   0   1   4   1   0   1   4   2   0   0   0  0.87 0.37
   82 K   -3  1 -2 -3 -4 -1 -1 -4 -3 -5 -5  7 -3 -6 -4 -2 -1 -5 -4 -4    0   3   1   0   0   1   2   0   0   0   0  89   0   0   0   0   3   0   0   0  1.60 0.57
   83 F   -4 -5 -6 -6 -3 -6 -6 -6 -4 -2 -2 -6 -3  9 -6 -2 -5 -2  0 -3    0   0   0   0   1   0   0   0   0   1   1   0   0  92   0   3   0   0   0   1  2.21 0.64
   84 E    1 -2  0  5 -4 -1  3 -2 -1 -4 -4 -1 -3 -4  1 -1 -2 -5 -3 -4   16   1   4  39   0   1  26   1   1   0   0   3   0   1   6   0   0   0   1   0  0.69 0.30
   85 D   -4 -4  0  8 -6 -3 -1 -2 -3 -6 -6 -3 -6 -6 -4 -3 -4 -7 -6 -6    1   0   2  92   0   0   1   2   0   0   0   1   0   0   0   0   0   0   0   0  2.06 0.62
   86 E   -3 -2 -2  0 -6  0  7 -4 -3 -6 -6  0 -5 -6 -4 -3 -3 -6 -5 -5    0   1   1   2   0   1  89   0   0   0   0   4   0   0   0   0   0   0   0   0  1.71 0.59
   87 N   -4 -3  8 -1 -5 -3 -3 -3 -2 -3 -6 -2 -5 -6 -5 -1 -2 -7 -5 -5    0   0  91   1   0   0   0   0   0   2   0   0   0   0   0   3   0   0   0   0  2.04 0.65
   88 F   -5 -6 -6 -6 -3 -6 -6 -6 -4 -2 -1 -6 -3  9 -6 -5 -5 -2  0 -3    0   0   0   0   1   0   0   0   0   1   2   0   0  95   0   0   0   0   0   1  2.34 0.66
   89 I   -2 -3 -1 -2 -3  0 -1 -4 -3  5  0  1  0 -2 -4 -2  1 -4 -3  2    2   0   2   2   0   5   3   0   0  51   2   9   1   1   0   2   8   0   0  10  0.46 0.28
   90 L   -3 -3 -4 -5 -3 -3 -3 -3 -2  0  5 -1  1 -2 -2 -4 -3 -4 -2  0    0   1   0   0   0   0   2   2   1   3  79   4   2   0   2   0   0   0   0   2  0.89 0.38
   91 K   -3  1 -1 -3 -6  0 -1 -2 -3 -5 -5  7 -2 -6 -3 -3 -2 -6 -4 -5    0   3   1   0   0   1   1   2   0   0   0  88   1   0   0   0   2   0   0   0  1.56 0.56
   92 H   -4 -2 -2 -4 -3 -1 -2 -5 11 -6 -6 -3 -4 -3 -4 -4 -4 -5  0 -6    0   1   0   0   1   2   2   0  90   0   0   0   0   0   0   0   0   0   2   0  2.71 0.73
   93 T   -1 -2 -2 -1 -3 -2 -2 -3 -4 -1 -3 -2 -1 -2 -3  0  7 -5 -4 -2    2   2   1   2   0   0   1   1   0   2   1   2   2   1   1   5  75   0   0   1  1.08 0.46
   94 G   -1 -1 -2 -2 -3 -2 -2  6 -2 -4 -5 -1 -4 -4 -4 -1 -2 -4 -4 -3    3   3   0   2   1   1   2  78   1   1   0   3   0   0   0   2   1   0   0   2  1.30 0.40
   95 P   -1 -4 -4 -3 -5 -3 -2 -4 -4 -4 -2 -2 -3 -3  8 -1 -3 -5 -4 -4    3   0   0   0   0   0   2   0   0   1   5   1   1   1  79   4   1   0   0   0  1.99 0.53
   96 G   -2 -4 -2 -2  0 -4 -4  7 -4 -6 -5 -3 -4 -3 -4  0 -3 -5 -4 -5    1   0   1   1   2   0   0  86   0   0   0   1   0   1   0   5   0   0   0   0  1.64 0.49
   97 I   -3 -4 -3 -4 -1 -3 -4 -5 -5  6  1 -4  1 -2 -4 -3  1 -4 -3  2    0   0   1   1   1   1   0   0   0  63  11   0   2   1   0   0   8   0   0  11  0.87 0.35
   98 L   -4 -4 -5 -6 -3 -4 -5 -6 -5  0  6 -5  1 -1 -5 -4 -3 -4 -3 -1    0   0   0   0   0   0   0   0   0   0  92   0   2   1   0   0   0   0   0   1  1.36 0.48
   99 S   -1 -3 -2 -3 -3 -3 -3 -3 -3 -5 -4 -3 -4 -3 -1  7  0 -4 -4 -4    0   0   0   0   0   0   0   0   0   0   1   0   0   1   3  92   2   0   0   0  1.49 0.58
  100 M   -4 -2 -5 -6 -3 -3 -5 -5 -4  0 -1 -3 10 -1 -5 -4 -1 -4 -4 -1    0   1   0   0   0   0   0   0   0   2   1   1  86   2   0   0   3   0   0   3  2.17 0.69
  101 A    6 -4 -4 -4 -3 -3 -2 -2 -4 -3 -3 -3 -3 -4 -3  0 -1 -5 -4 -1   90   0   0   0   0   0   1   1   0   0   1   0   0   0   0   2   2   0   0   2  1.34 0.52
  102 N   -4 -2  8 -1 -5 -3 -2 -3 -2 -6 -6 -2 -5 -6 -5 -2 -1 -6 -5 -5    0   1  93   1   0   0   1   0   0   0   0   1   0   0   0   1   2   0   0   0  2.11 0.65
  103 A    6 -2 -3 -3 -1 -2 -3 -2 -4 -3 -4 -2 -3 -4 -3  1 -1 -5 -4 -2   82   1   0   1   1   0   0   0   0   0   0   2   0   0   0   9   2   0   0   1  1.14 0.46
  104 G   -2 -1 -3 -3 -5 -4 -2  7 -4 -6 -6 -3 -5 -5 -4 -3 -4 -5 -5 -4    1   3   0   0   0   0   3  89   0   0   0   1   0   0   0   0   0   0   0   1  1.74 0.51
  105 P   -2 -2 -4 -4 -5 -2 -3 -4 -4 -5 -4 -2 -5 -1  8 -2 -3 -6 -5 -4    3   2   0   0   0   1   0   0   0   0   1   2   0   3  84   3   0   0   0   0  2.23 0.59
  106 N   -4 -1  8  0 -5 -2 -3 -1  0 -4 -6 -1 -3 -5 -4 -1 -2 -6 -3 -5    0   2  83   3   0   0   0   4   1   1   0   2   1   0   0   2   0   0   1   0  1.67 0.55
  107 T   -2 -3 -2 -4 -2 -3 -3 -4 -4 -1 -3 -3 -1 -4 -4 -1  7 -5 -4 -2    1   1   0   0   0   0   0   0   0   3   0   1   1   0   0   1  90   0   0   1  1.61 0.59
  108 N   -4 -3  8 -1 -5 -3 -3 -3  0 -5 -6 -2 -5 -5 -4 -1 -2 -6 -4 -5    0   0  91   1   0   0   0   0   2   0   0   1   0   0   1   2   1   0   0   0  2.03 0.63
  109 G   -2 -4 -1 -1 -2 -4 -3  7 -4 -5 -5 -3 -5 -5 -4  0 -3 -5 -4 -4    1   0   1   3   1   0   1  83   0   0   0   0   0   0   0   7   0   0   0   1  1.53 0.47
  110 S   -1 -3 -2 -3 -3 -3 -3 -2 -3 -5 -5 -3 -4 -1 -3  7 -1 -5 -4 -4    0   0   0   0   0   0   0   2   0   0   0   0   0   2   0  94   0   0   0   0  1.58 0.61
  111 Q   -3 -1 -3 -3 -1  8 -1 -4  0 -5 -3 -1 -3 -6 -3 -3 -3 -5 -4 -5    0   1   0   0   2  90   0   0   2   0   2   0   0   0   1   0   0   0   0   0  2.00 0.68
  112 F   -5 -4 -5 -6 -3 -5 -5 -5 -4 -2 -1 -5 -2  9 -5 -5 -4 -2  1 -2    0   0   0   0   1   0   0   0   0   0   3   0   0  90   1   0   0   0   1   2  2.13 0.60
  113 F   -5 -6 -6 -6 -2 -6 -6 -6 -4 -2 -1 -6 -3  9 -6 -4 -5 -2  1 -3    0   0   0   0   1   0   0   0   0   0   3   0   0  94   0   1   0   0   0   1  2.35 0.66
  114 I   -3 -5 -4 -5 -3 -5 -5 -6 -5  7  1 -5  0 -2 -5 -4 -2 -5 -4  1    1   0   1   0   0   0   0   0   0  82   9   0   2   0   0   1   2   0   0   4  1.36 0.48
  115 C   -3 -5 -5 -6 11 -5 -6 -5 -3 -4 -4 -5 -4 -5 -5 -2  2 -5 -5 -2    0   1   0   0  79   0   0   0   1   0   0   0   0   0   0   2  15   0   0   2  2.59 0.69
  116 T    0 -4 -2 -4 -2 -3 -3 -4 -4 -1 -2 -3 -2 -4 -3 -1  7 -5 -4 -2    5   0   1   0   1   0   0   0   0   2   2   0   1   1   0   1  86   0   0   1  1.47 0.57
  117 A    5 -3 -3 -1 -2 -2 -1 -1 -3 -1 -2 -2 -2 -3 -3  0  1 -4 -3  2   57   0   0   3   0   0   4   2   0   3   0   2   0   0   0   3   9   0   0  16  0.54 0.30
  118 K   -2  0 -1 -2 -5  0  0 -3  0 -4 -4  7 -1 -5  0 -2 -2 -5 -4 -1    1   1   1   1   0   1   3   0   2   0   1  75   2   0   4   1   1   0   0   4  1.07 0.44
  119 T    0 -3 -2 -3  1 -3 -3 -4 -4 -1 -3 -3 -1 -4 -3  0  7 -5 -4 -2    6   0   1   0   3   0   0   0   0   2   0   0   1   0   0   3  82   0   0   0  1.35 0.53
  120 E   -1 -2 -1  2 -5  0  6 -3 -2 -5 -4 -1 -4 -5  1  1 -1 -5 -4 -3    5   0   1  12   0   1  58   1   0   0   1   2   0   0   8   9   2   0   0   1  0.85 0.36
  121 W   -6 -3 -7 -7  1 -3 -6 -5 -1 -6 -4 -6 -5 -2 -7 -5 -5 13 -1 -6    0   2   0   0   3   1   0   1   1   0   1   0   0   0   0   0   0  89   0   0  3.83 0.87
  122 L   -4 -4 -6 -6 -4 -4 -5 -6 -5 -1  6 -5  0 -1 -5 -5 -3  1 -3 -1    0   0   0   0   0   0   0   0   0   0  95   0   1   1   0   0   0   2   0   0  1.46 0.51
  123 D   -4 -4  1  8 -6 -3 -1 -3 -4 -5 -6 -3 -5 -6 -4 -3 -3 -7 -4 -3    0   0   4  90   0   0   1   1   0   0   0   0   0   0   0   0   0   0   0   2  1.97 0.59
  124 G   -2 -4  0 -2 -5 -3 -4  7 -3 -5 -5 -3 -5 -3 -4 -1 -3 -5 -5 -4    0   0   5   2   0   0   0  85   0   0   0   1   0   2   0   2   0   0   0   1  1.60 0.48
  125 K   -2  1 -2 -3 -5 -1 -1 -4 -3 -5 -4  7  0 -5 -3 -2 -3 -5 -4 -4    1   5   1   0   0   1   2   0   0   0   0  85   2   0   0   0   0   0   0   0  1.49 0.53
  126 H   -4 -2 -2 -3 -1 -2 -3 -4 11 -6 -5 -4 -4 -4 -4 -4 -4 -2  1 -6    0   1   0   1   2   1   0   1  90   0   1   0   0   0   1   0   0   1   2   0  2.70 0.73
  127 V   -2 -5 -5 -5 -2 -5 -4 -5 -5  0 -1 -5 -1 -3 -5 -4 -2 -5 -4  7    1   0   0   0   1   0   0   0   0   1   1   0   1   0   0   0   1   0   0  94  1.55 0.55
  128 V   -1 -5 -5 -4 -3 -4 -5 -5 -5  1 -1 -5 -2 -2 -5 -4 -2 -5 -3  7    2   0   0   1   0   0   0   0   0   3   1   0   0   1   0   0   0   0   0  92  1.48 0.53
  129 F   -5 -5 -6 -6 -4 -6 -6 -6 -4 -3 -1 -6 -2  9 -6 -3 -5 -1  0 -3    0   0   0   0   0   0   0   0   0   0   4   0   0  91   0   2   0   0   0   0  2.21 0.63
  130 G   -2 -4 -3 -3 -5 -4 -4  7 -3 -6 -6 -4 -5 -5 -4 -2 -4 -5 -5 -5    0   1   0   1   0   0   1  94   1   0   0   0   0   0   0   1   0   0   0   0  1.95 0.55
  131 K   -2  2 -1 -2 -4  3  1 -3  1 -4 -3  6 -2 -2 -3  0 -2 -4 -2 -4    1   8   2   0   0  12   7   0   3   0   1  55   1   2   0   5   1   0   1   0  0.76 0.34
  132 V   -2 -5 -5 -5 -3 -4 -4 -4 -5  1 -1 -4  2 -3 -5 -4 -2 -5 -4  7    2   0   0   0   0   0   1   1   0   1   2   0   4   0   0   0   0   0   0  88  1.40 0.52
  133 K   -2  0 -2 -3 -4 -1 -1 -4 -3  1 -2  6 -1 -3 -3 -2  1 -5 -3  3    0   2   0   0   0   1   1   0   0   6   2  56   1   0   0   1   7   0   0  22  0.71 0.37
  134 E   -3 -2 -2  2 -6  0  7 -3 -2 -5 -5  0 -4 -5 -3 -1 -3 -5 -3 -5    1   0   0  12   0   2  76   1   0   0   0   4   0   0   0   3   0   0   0   0  1.35 0.49
  135 G   -2 -3 -3 -3 -5 -4 -4  7 -3 -6 -5 -4 -5 -5 -4 -2 -4 -5 -5 -3    0   1   0   1   0   0   0  92   1   0   0   0   0   0   0   2   0   0   0   2  1.85 0.54
  136 M   -3 -2 -5 -5 -4 -2 -4 -5 -3  0  1 -3 10 -2 -5 -4 -1 -4  0 -1    1   1   0   0   0   1   0   0   0   3   7   1  75   1   0   1   3   0   3   2  1.72 0.60
  137 N   -3 -3  6  5 -5 -2  0 -2 -1 -3 -5  0 -4 -5 -3  0 -2 -6 -4 -5    1   0  45  37   0   0   5   1   0   1   0   4   0   0   0   5   0   0   0   0  1.13 0.41
  138 I   -2 -5 -5 -5 -3 -4 -5 -5 -4  6  0 -4 -1 -1 -4 -3  0 -5 -3  5    1   0   0   0   0   0   0   0   0  51   2   0   0   2   0   0   4   0   0  40  1.05 0.40
  139 V   -1 -5 -5 -5 -3 -4 -5 -4 -5  1  0 -4  1 -3 -5 -4 -2 -5 -3  7    2   0   0   0   0   0   0   1   0   4   3   0   4   0   0   0   0   0   0  85  1.32 0.49
  140 E   -2  2 -2  0 -5  2  5 -4 -2 -4 -4  4 -3 -5 -3 -1 -1 -5 -4 -3    1   9   0   2   0   7  45   0   0   0   0  29   0   0   0   1   3   0   0   1  0.84 0.36
  141 A    5 -1 -2 -3 -3  0 -1 -2 -3 -3 -3  3 -2 -4 -2 -1 -1 -5 -4 -2   60   1   1   1   0   3   3   1   0   1   1  23   0   0   1   1   3   0   0   1  0.72 0.37
  142 M   -3 -4 -5 -5 -3 -3 -5 -5 -4  4  0 -4  9 -2 -5 -4 -1 -4 -4  1    0   0   0   0   0   0   0   0   0  22   4   0  61   0   0   0   3   0   0   9  1.47 0.54
  143 E   -3 -2 -3 -1 -6  0  7 -2 -3 -6 -6 -1 -5 -6 -4 -3 -3 -6 -5 -4    1   1   0   1   0   0  91   3   0   0   0   2   0   0   0   0   0   0   0   1  1.77 0.61
  144 R    1  3 -1 -2  4 -1 -1  0  4 -4 -2  1 -3 -3 -2  2 -1 -2 -1 -3   11  23   1   0  10   1   1   8  13   0   2   8   0   0   1  17   1   1   1   0  0.38 0.23
  145 F   -3 -4 -4 -5  0 -1 -3 -5 -2 -1  0 -2  0  7 -5 -2 -3 -2  3  1    0   0   1   0   3   3   1   0   0   1   7   2   2  54   0   4   1   0   8  14  0.90 0.36
  146 G   -2 -2 -3 -4 -5 -3 -4  7 -4 -6 -6 -4 -5 -5 -5 -3 -4 -2 -5 -4    0   2   0   0   0   1   0  92   0   0   0   0   0   0   0   0   0   1   0   2  1.91 0.56
  147 S   -1 -3 -1 -3 -2 -3 -3 -2 -3 -4 -3 -3 -3 -2 -3  6  1 -5 -2 -4    2   0   1   0   1   0   0   1   0   0   2   0   0   1   0  83   6   0   1   0  1.27 0.55
  148 R   -2  5  0 -1 -5  3  0 -1  0 -5 -4  3 -3 -5 -1  0 -2 -2 -3 -4    2  44   3   2   0  14   3   4   2   0   0  16   0   0   3   8   0   1   0   0  0.72 0.32
  149 N   -2 -2  6  1 -4 -2 -2 -1 -2 -4 -5 -1 -4 -5 -3  4  0 -5 -4 -4    1   0  52   5   0   0   1   3   0   1   0   3   0   0   1  31   3   0   0   0  1.06 0.45
  150 G   -2 -4 -3 -1 -4 -4 -4  7 -5 -6 -6 -4 -5 -5 -5 -1 -4 -5 -6 -5    1   0   0   3   0   0   1  92   0   0   0   0   0   0   0   3   0   0   0   0  1.93 0.58
  151 K   -1  2 -1 -3 -5  0 -1 -2 -2 -5 -5  7 -3 -5 -3 -1 -1 -5 -3 -4    4   8   1   0   0   2   1   2   1   0   0  71   0   0   0   3   4   0   0   0  1.13 0.46
  152 T   -1 -4 -2 -4 -1 -3 -3 -4 -4 -1 -3 -3 -3 -5  2 -1  7 -5 -4 -1    3   0   1   0   1   0   0   0   0   3   0   0   0   0  12   2  75   0   0   3  1.30 0.53
  153 S    0  0  0 -2 -2 -2 -2 -2 -3 -3 -3  1 -3 -4 -3  6  1 -5 -2 -3    3   4   3   0   1   0   0   1   0   1   2   8   0   0   0  69   5   0   1   1  0.90 0.44
  154 K    0  1 -1 -3 -3  1  0 -2 -2 -4 -4  6 -2 -4 -3 -1 -2 -5 -4 -3    7   4   2   0   0   6   4   1   0   0   1  66   1   1   0   2   1   0   0   2  0.95 0.40
  155 K   -2  1 -2 -1 -5  0  0 -4 -3 -5 -4  7 -2 -5  2 -2 -1 -5 -4 -3    1   6   1   2   0   1   3   0   0   0   0  70   1   0   8   1   3   0   0   1  1.13 0.46
  156 I   -3 -5 -4 -5 -1 -5 -5 -6 -4  6 -1 -5  0 -3 -5 -3 -1 -5 -4  4    0   0   0   0   1   0   0   0   0  63   1   0   1   0   0   1   2   0   0  28  1.24 0.46
  157 T    0 -3 -2 -4 -2 -3 -2 -4 -3  1 -2 -1  0 -4 -2 -1  6 -5 -3  3    5   1   0   0   0   0   1   0   0   5   2   4   2   0   2   3  53   0   0  21  0.72 0.38
  158 I   -3 -5 -6 -6 -4 -5 -6 -6 -6  7 -1 -5  0 -2 -5 -4  0 -5 -4  2    0   0   0   0   0   0   0   0   0  82   0   0   1   1   0   0   6   0   0   9  1.55 0.54
  159 A    5 -3 -3 -1 -3 -2  0 -2 -3 -3 -3 -2 -3 -4 -2  2  1 -5 -3 -1   61   0   0   2   0   1   5   0   0   0   0   1   0   0   1  14  10   0   0   4  0.76 0.39
  160 D   -2 -4  2  7 -6 -3  0 -3 -2 -6 -6 -2 -6 -6 -4 -2 -3 -7 -4 -6    2   0   9  79   0   0   4   1   1   0   0   2   0   0   0   2   0   0   0   0  1.74 0.57
  161 C   -3 -5 -6 -6 11 -6 -7 -5 -6 -5 -5 -6 -5 -5 -6  0 -4 -4 -1 -4    0   1   0   0  87   0   0   0   0   0   0   0   0   0   0   8   0   0   3   0  3.09 0.81
  162 G   -3 -1 -3 -4 -5 -4 -2  7 -5 -6 -6 -3 -5 -6 -5 -3 -4 -5 -6 -5    0   3   0   0   0   0   3  92   0   0   0   1   0   0   0   0   0   0   0   1  1.96 0.60
  163 Q   -3 -2 -3 -3 -6  8  3 -5 -1 -6 -4 -1 -4 -6 -4 -3 -3 -5 -4 -4    1   0   0   0   0  75  18   0   1   0   1   2   0   0   0   0   0   0   0   1  1.78 0.65
  164 L   -4 -5 -6 -6 -3 -5 -5 -6 -5  2  6 -5  0  1 -5 -5 -3 -4 -2  0    0   0   0   0   0   0   0   0   0  11  80   0   1   4   0   0   0   0   0   3  1.22 0.45
  165 E   -1  1 -1  1 -3  2  3 -2 -1 -4 -4  3 -3 -4 -2  3 -1 -4 -3 -3    0   3   0   4   0   9  20   0   0   0   0  29   0   0   0  34   0   0   0   0  0.53 0.16
