    1 M   -5 -6 -7 -8 -6 -5 -6 -7 -6  1 -2 -6 11 -4 -7 -6 -5 -6 -5 -3    0   0   0   0   0   0   0   0   0   8   0   0  92   0   0   0   0   0   0   0  3.23 0.93
    2 E   -2 -1  3  1 -5  0  4 -3 -1  1 -4  3 -3 -4 -4  0  0 -5 -4 -2    1   2  16   5   0   2  32   1   1  10   0  17   0   0   0   5   7   0   0   1  0.54 0.31
    3 L   -3 -3 -2 -3 -4 -2 -3 -5 -1  1  4 -3  6  4 -5 -2 -2 -4 -2 -1    1   1   2   2   0   2   2   0   1   5  40   1  20  15   0   2   2   0   0   2  0.76 0.37
    4 K   -4  0 -1 -4 -7 -1 -1 -4 -3 -7 -6  8 -5 -5 -4 -3 -4 -7 -3 -6    1   4   2   0   0   2   4   1   0   0   1  83   0   0   1   1   0   0   1   0  1.95 0.75
    5 N   -1 -1  4  2 -5  1  2 -2  0 -4 -4  3 -2 -3  0  1 -1 -5 -3 -4    3   2  24  12   0   5  11   1   2   1   2  18   1   1   4  10   3   0   1   0  0.49 0.29
    6 S   -1  2  2 -2 -3 -1 -1 -4 -1 -4 -4  5 -3 -5 -3  3  2 -6 -4 -4    4   9  12   1   0   2   3   0   1   0   1  33   0   0   0  20  12   0   0   0  0.66 0.38
    7 I   -5 -6 -7 -7 -5 -6 -7 -7 -6  5  4 -6 -1  3 -6 -6 -4 -5  0  0    0   0   0   0   0   0   0   0   0  36  45   0   1  13   0   0   0   0   2   3  1.31 0.52
    8 S    0 -3  0 -1 -2  1  4 -4 -2 -3 -5 -1 -4 -5 -2  4  0 -6 -3 -5    7   0   4   2   1   7  31   0   1   2   0   2   0   0   1  35   6   0   1   0  0.77 0.45
    9 D   -4 -5 -2  7 -4 -1  4 -5  0 -7 -7 -3 -6 -4 -5 -3 -5 -7 -3 -7    1   0   1  64   0   2  24   0   2   0   0   1   0   1   0   1   0   0   1   0  1.80 0.69
   10 Y   -6 -6 -7 -6 -4 -6 -7 -8 -2 -2 -5 -6 -1  2 -4 -6 -6 -3 10 -3    0   0   0   0   0   0   0   0   1   2   1   0   2   6   1   0   0   0  84   2  2.86 0.96
   11 T   -3 -4 -4 -4 -5 -5 -5 -6 -6 -5 -5 -4 -5 -7 -6  1  8 -7 -6 -5    1   1   0   1   0   0   0   0   0   0   0   0   0   0   0   9  87   0   0   0  2.27 0.90
   12 E   -4 -1 -5 -3 -5 -1  8 -5 -4 -7 -7 -1 -6 -6 -4 -3 -3 -7 -2 -5    1   3   0   0   0   1  84   0   0   0   0   3   0   0   1   1   1   0   2   1  2.06 0.83
   13 A    3 -1  0  1 -3  2  1 -2 -1 -3 -2 -1 -2 -2 -2  3  0 -5 -3 -2   25   2   4   8   0   8  10   2   1   1   3   3   1   2   1  22   4   0   0   2  0.33 0.26
   14 E   -4 -5 -5  1 -8  0  8 -7 -5 -8 -6 -4 -6 -8 -6 -3 -4 -7 -4 -7    1   0   0   6   0   3  87   0   0   0   0   0   0   0   0   1   0   0   1   0  2.26 0.89
   15 F   -4 -8 -8 -8 -7 -8 -8 -8 -6 -5 -2 -8 -1  9 -8 -7 -7 -4  1 -5    2   0   0   0   0   0   0   0   0   0   4   0   1  91   0   0   0   0   2   0  2.99 0.97
   16 V   -3 -1 -5 -6 -1 -2 -3 -5 -5  4  4 -1  1 -1 -5 -4 -2 -5 -2  0    2   4   0   0   1   2   1   0   0  22  49   3   3   2   0   1   3   0   1   4  0.74 0.38
   17 Q    2  0  1  2 -4  1  4 -1 -2 -3 -3  0 -4 -5 -4  1 -1 -5 -4 -2   16   4   6   9   0   6  29   3   1   2   2   5   0   0   0  12   3   0   0   2  0.43 0.30
   18 L   -5 -6 -7 -7 -5 -6 -5 -7 -5  1  4 -6 -1  7 -5 -6 -4 -4  1 -2    0   0   0   0   0   0   1   0   0   8  42   0   0  40   1   0   1   0   4   2  1.41 0.58
   19 L   -3 -6 -7 -7 -4 -6 -6 -7 -6  4  4 -6  2 -3 -6 -5 -3 -6 -5  5    2   0   0   0   0   0   0   0   0  19  39   0   4   0   0   0   1   0   0  36  1.19 0.52
   20 K   -2  3  3  0 -5  3  2 -1  0 -3 -4  3 -3 -5 -4  0  0 -5 -2 -4    2  15  12   4   0  12  13   4   2   2   1  18   0   0   0   7   6   0   1   0  0.47 0.30
   21 E   -1  2  0  1 -3 -1  4 -1 -2 -4 -4  3 -2 -4 -4 -1 -1 -1 -2 -3    5  10   4   6   0   1  31   5   0   1   1  21   1   0   0   4   4   1   1   2  0.52 0.32
   22 I   -5 -6 -7 -7 -5 -6 -7 -7 -6  6  2 -6  0  4 -3 -6 -5 -5 -3  0    0   0   0   0   0   0   0   0   0  53  21   0   1  19   1   0   0   0   0   3  1.44 0.58
   23 E   -3  1 -1 -3  6 -4 -3 -4 -2  1  0 -3 -2  5 -5 -2 -3  5  4 -2    1   7   3   1  15   0   1   1   1   8   7   1   0  28   0   3   1   6  12   2  0.78 0.38
   24 K    1  0  3  2 -3  0  2 -2  0 -2 -3  1 -2 -3 -3  1  0 -4 -1 -2   11   5  18  11   0   3  14   2   2   2   2  10   1   1   0   9   5   0   2   3  0.28 0.19
   25 E    3 -3  2  1 -3 -1  1  1 -1 -1 -3 -2 -1 -3 -1  0 -1 -4 -2  1   27   1  12   7   0   2  10  10   2   2   1   1   1   1   3   6   1   0   1  13  0.26 0.22
   26 N   -3 -2  4  4 -4 -1  1 -1  0 -3 -4  0 -4 -5 -2 -1  2 -5 -3 -4    1   2  23  26   0   2   9   5   2   1   1   5   0   0   2   4  14   0   1   0  0.64 0.35
   27 V    0  0  0  0  1 -1  0  1 -1 -1 -1  0 -1  0 -1  0  0 -1  2  0    7   5   3   5   4   1   8  12   1   4   4   7   1   5   3   6   6   1   9   8  0.04 0.06
   28 A    1  0  0  3 -1  1  1 -1 -2 -3 -3  1 -2 -3  1  1  0 -4 -2 -2   12   5   4  16   1   5  10   5   0   0   1  11   1   1   6  13   5   0   2   2  0.22 0.16
   29 A    0 -1 -1  0 -3 -1  2  2 -2 -2 -1  0 -1 -2  0  0  1 -3 -2 -2    8   2   2   6   0   1  20  19   0   1   9   5   1   1   5   7  10   0   1   1  0.20 0.15
   30 T   -1 -1  0 -1 -3 -1  2 -1 -1 -3 -1  0 -3 -1  1  2  3 -4 -1 -2    4   2   3   2   0   2  16   5   1   1   6   4   0   4   6  16  26   0   2   1  0.28 0.23
   31 D   -2 -2 -1  5 -6  0  6  0 -4 -6 -6 -2 -5 -6 -4 -2 -3 -6 -5 -6    2   1   1  28   0   2  53   6   0   0   0   2   0   0   1   2   1   0   0   0  1.28 0.55
   32 D    1  0 -1  3 -4  2  4 -2  1 -2 -3  2 -2 -4 -3 -1 -1 -4 -1 -3   12   4   2  15   0   7  30   2   3   3   2  12   1   0   1   3   2   0   2   1  0.43 0.26
   33 V   -1 -1 -3  1 -4  0  3 -3  3 -1 -2 -1 -2  0 -4 -2 -1  1  5 -1    5   3   0   8   0   3  25   1   8   4   4   2   0   4   0   1   3   2  23   4  0.47 0.29
   34 L   -1  0 -2 -2 -2  2 -2 -4  5  2  2 -2  1  0 -4 -2 -2  0 -1  0    5   5   1   2   0  11   1   1  17  12  26   0   3   4   0   2   1   1   1   6  0.32 0.23
   35 D   -2 -1  1  7 -5 -2  0 -1 -3 -3 -5 -2 -5 -6 -4  0 -1 -6 -5 -4    3   3   6  61   0   1   5   4   0   2   1   2   0   0   0   8   4   0   0   1  1.12 0.45
   36 V    1  1  1  1 -4  1  3 -2 -1 -2 -2  2 -1 -4 -1  0 -1  1 -2 -1   12   8   9   8   0   5  21   1   1   1   3  11   1   0   3   6   3   2   1   4  0.24 0.17
   37 L   -1 -3 -4 -4 -4 -3 -5 -4 -3  2  5 -4  2  0 -5 -4 -3  2  0  0    7   1   1   1   0   0   0   1   1  10  60   0   4   3   0   1   0   3   3   5  0.76 0.35
   38 L   -2 -3 -5 -3 -3 -2 -2 -5 -4  3  3 -4  2 -1 -4 -3 -2 -4 -3  4    2   1   0   2   0   2   2   0   0  17  37   0   5   2   0   1   1   0   0  29  0.62 0.29
   39 E   -1  1  0  4 -2  0  3 -3  0 -2  0 -1  0 -1 -3 -1 -2 -4 -1 -2    6   7   4  28   1   1  24   1   2   1   9   2   3   3   0   3   1   0   3   2  0.37 0.22
   40 H   -1 -1  2 -2 -4  0  1 -4  8 -3 -3  0 -2  0 -4 -2 -2  0  0 -3    5   3  12   1   0   4   7   0  46   2   1   5   0   5   0   2   2   1   2   1  0.94 0.37
   41 F   -4 -5 -5 -6 -4 -5 -5 -6 -4  2  1 -5 -2  8 -6 -5 -4  1  0  0    0   0   0   0   0   0   0   0   0  10  11   0   0  71   0   0   0   1   0   5  1.58 0.48
   42 V   -1  0  1  2  0 -1  3 -3 -2  2 -2  0 -1 -3 -3  0  0 -4 -3  1    3   4  10  11   2   1  26   1   0  16   2   6   0   0   0   4   5   0   0  10  0.23 0.17
   43 K   -1  3  0  0 -2  1  2 -2 -1 -2 -1  3 -1 -3 -2  0  0 -4 -3 -2    4  16   2   3   1   7  13   1   1   2   6  27   1   0   0   7   4   0   0   3  0.30 0.17
   44 I   -1 -3 -2 -4 -3 -3 -4 -2 -4  4  2 -2  1 -2 -4 -2 -1 -4 -2  3    3   0   2   0   0   0   0   4   0  36  23   2   3   0   0   1   4   0   1  20  0.48 0.22
   45 T    0 -3 -3 -3  1 -3 -3 -3 -4  1 -1 -3 -2 -3 -3  1  4 -4 -3  3    8   0   0   0   3   0   0   1   0   8   4   0   0   0   0  12  38   0   0  26  0.54 0.29
   46 E    0 -1 -1  1 -5  1  5  2 -1 -4 -3 -1 -3 -4  2 -1 -3 -4 -4 -3    6   2   1   4   0   5  48  16   1   0   3   1   0   1   8   2   0   0   0   1  0.63 0.29
   47 H   -5 -3 -1 -2  2 -3 -2 -5 10 -6 -6 -4 -5 -4 -4 -4 -1 -5  1 -6    0   0   2   2   5   0   2   0  81   0   0   0   0   0   1   0   4   0   3   0  2.46 0.68
   48 P   -2 -5 -5 -5 -6 -4 -3 -3 -5 -5 -6 -4 -5 -7  9 -4 -2 -7 -6 -2    3   0   0   0   0   0   1   2   0   0   0   0   0   0  90   0   2   0   0   3  2.61 0.67
   49 D    1  1  1  3 -4  0  2  0  1 -3 -2  1 -3 -3 -3  0 -1 -4 -2 -3   15   7   6  23   0   3  16   6   4   1   3   7   0   1   0   7   1   0   1   0  0.31 0.16
   50 G    0 -1 -3 -3 -2 -1 -3  6 -4 -1 -4  0 -2 -5 -3 -1 -3 -5 -5  0    5   3   0   0   1   2   1  67   0   3   0   5   1   0   1   2   0   0   0   8  1.01 0.36
   51 T    0 -1  2 -2 -3 -2 -2  0 -3 -3 -4 -2 -1 -4 -2  5  2  1  0 -3    5   3  11   1   0   0   0   6   0   1   1   0   2   0   1  52  13   2   4   0  0.64 0.34
   52 D   -1 -3  1  6 -4 -2  0  2 -2 -3 -3 -2 -1 -4 -3 -1 -1 -5 -4 -2    4   0   5  62   0   0   2  15   0   0   3   0   3   0   0   2   2   0   0   2  0.79 0.23
   53 L   -2 -3 -4 -5 -2 -3 -4 -5 -4  2  4 -4  1  1 -4 -3 -2  2  0  2    0   0   0   0   0   0   0   0   0   7  65   0   0   5   0   0   0   3   3  16  0.62 0.20
   54 I   -2 -3 -3 -4 -2 -3 -3 -4 -3  5  2 -3  2  2 -3 -3  0 -2 -1  2    1   0   0   0   0   0   0   0   0  52  19   0   5   8   0   0   5   0   0   6  0.46 0.16
   55 Y   -1 -3 -3 -1  2 -3 -3 -4 -1  1  0 -3 -1  5 -4 -2  0  0  5  0    4   0   0   4   5   0   0   0   0   9   4   0   0  32   0   0   7   0  32   4  0.58 0.20
   56 Y   -3  0  0 -1 -4  0 -2 -4  4 -3 -3 -1 -2  2 -4 -2 -3  4  7 -3    0   7   4   4   0   4   0   0  11   0   0   4   0   6   0   0   0   5  56   0  0.92 0.27
   57 P   -2 -6 -1 -6 -2 -5 -5 -6 -2 -7 -7 -5 -6 -7  8 -3  0 -7  0 -6    4   0   3   0   1   0   0   0   1   0   0   0   0   0  79   2   6   0   3   0  2.41 0.89
   58 S   -1  0  0  1 -5  0  5 -3  0 -3 -4  1 -2 -4  1 -1 -2 -6 -5 -3    5   5   4   8   0   3  47   2   2   2   1   7   1   1   8   3   2   0   0   2  0.71 0.41
   59 D    0 -2  2  4 -1 -1  2 -1 -1 -3 -4  0 -2 -5  2  1  0 -5 -3 -3    6   2   8  27   2   1  12   4   2   1   1   6   1   0  11  10   4   0   1   2  0.43 0.27
   60 N   -2 -3  0  4 -3 -2  1  5 -2 -5 -5  0 -3 -3  0  0 -2 -5 -5 -4    2   1   3  24   1   1   8  38   1   0   1   5   1   1   5   5   1   0   0   1  0.72 0.38
   61 R    1  2  1  0 -1  1  2 -1 -1  0 -2  1 -1 -2 -1  0 -1 -2 -2 -1   14  11   6   6   2   6  15   3   1   8   1   7   1   2   2   5   3   0   1   5  0.12 0.13
   62 D   -2 -2  0  5 -6  1  5 -4 -4 -3 -4 -2 -2 -6 -4 -1 -2 -6 -3 -3    4   2   4  35   0   4  36   1   0   2   1   2   1   0   0   3   2   0   1   2  0.99 0.50
   63 D   -2 -2  2  5  3 -1 -2  2 -1 -3 -1 -3 -4 -5 -3  0 -1 -5 -2 -3    2   2   9  36   6   2   1  16   1   1   8   1   0   0   1   8   3   0   1   1  0.56 0.34
   64 S   -1 -4 -1 -2  2 -3  1 -3 -4 -5 -4 -2 -2 -5 -4  5  4 -6 -2 -4    3   0   2   1   4   0   8   2   0   0   2   2   1   0   0  47  26   0   2   0  0.95 0.54
   65 P    2 -3 -3 -4 -6 -5 -5 -6 -3 -3 -4 -5 -6 -4  8 -2 -3 -7 -6 -3   15   2   1   1   0   0   0   0   1   2   1   0   0   1  70   3   1   0   0   2  2.01 0.80
   66 E   -2 -2 -1  0 -7  2  6 -2 -1 -4 -3  0 -5 -6 -5 -2 -3 -6 -3 -3    4   1   2   4   0   8  63   4   1   1   2   4   0   0   0   2   1   0   1   2  1.18 0.59
   67 G    1  0  0 -1 -4  1  0  5  0 -4 -4  0 -4 -4 -4  1 -2 -5 -4 -4   13   5   4   2   0   6   6  42   2   1   1   6   0   0   0   9   1   0   0   1  0.62 0.33
   68 I   -3 -6 -3 -7 -5 -6 -5 -7 -7  6 -2 -6  0 -1 -6 -5 -4 -6 -5  5    2   0   1   0   0   0   1   0   0  50   1   0   2   2   0   0   0   0   0  41  1.54 0.62
   69 V   -2 -5 -4 -6 -4 -5 -5 -6 -5  3  2 -5  2  0 -5 -4  2 -5 -4  5    3   0   1   0   0   0   0   0   0  16  19   0   5   3   0   0  14   0   0  40  0.83 0.41
   70 K    1  2  1  1 -5  1  3 -2  1 -4 -3  3 -2 -3 -3 -1 -1 -4 -1 -4   11  10   6   7   0   7  18   3   3   0   2  22   0   1   0   3   3   0   3   0  0.39 0.26
   71 E   -2  1 -3 -3 -4 -1  4 -5  1  3 -2  0 -3  0 -4 -3  2 -4 -1  0    3   8   0   0   0   2  30   0   3  18   1   6   0   5   0   0  16   0   2   7  0.46 0.33
   72 I   -3 -4 -6 -6 -4 -5 -6 -6 -6  5  1 -5 -2 -2 -5 -5 -3 -6 -4  6    1   1   0   0   0   0   0   0   0  31   8   0   0   1   0   0   0   0   0  56  1.36 0.54
   73 K   -3  2 -2 -4 -6  0 -1 -4 -3 -3 -3  7 -2 -4 -2 -3 -4 -6 -5 -2    1   8   1   0   0   2   2   1   0   2   2  73   1   1   1   1   0   0   0   3  1.46 0.63
   74 E    1  2  0  0 -5  2  4 -3 -1 -4 -4  2 -3 -5 -2 -1 -1 -5 -4 -4   14  11   3   4   0   8  33   1   1   0   1  14   0   0   1   4   4   0   0   0  0.54 0.32
   75 W   -7 -7 -8 -8 -2 -6 -7 -3 -6 -7 -3 -7 -6 -2 -8 -7 -7 13  1 -7    0   0   0   0   1   0   0   2   0   0   2   0   0   1   0   0   0  88   4   0  4.27 1.17
   76 R   -5  8 -3 -5  1 -2 -4 -6  4 -6 -5 -2 -5 -4 -6 -4 -5 -6  1 -6    0  78   1   0   3   1   0   0   9   0   1   0   0   1   0   1   0   0   6   0  2.01 0.74
   77 A    4  2 -2 -3 -3  1  0 -3  1 -2 -2  2 -1 -3 -3  0 -1 -4 -1 -2   45  10   1   1   0   6   4   0   3   1   4  13   1   1   0   4   2   0   2   1  0.47 0.32
   78 A    3 -1 -1  0 -3  0  2 -2 -3 -3 -2  2 -3 -3 -3  2 -1 -5 -4 -3   30   2   2   4   0   4  15   1   0   1   4  13   0   1   0  19   3   0   0   1  0.41 0.29
   79 N   -5 -2  7 -3 -6  5 -1 -4  2 -6 -6  1 -5 -6 -5 -2 -3 -6 -5 -5    0   1  52   0   0  28   3   0   4   0   0   9   0   0   0   1   0   0   0   1  1.52 0.65
   80 G   -3 -3  0 -2 -4 -4 -3  7 -4 -7 -7 -4 -6 -6 -6 -3 -5 -3 -1 -7    0   1   4   2   0   1   2  85   0   0   0   0   0   0   0   1   0   0   2   0  1.92 0.69
   81 K   -4  0 -4 -4 -5 -1 -2 -4 -2 -2  4  5 -1 -3 -4 -3 -2 -5 -4 -1    0   4   0   0   0   2   2   1   1   1  41  41   1   1   0   1   2   0   0   3  0.84 0.46
   82 P    1 -5 -4 -3 -5 -3 -2 -4 -3 -2 -3 -4 -5 -5  7  1 -2 -7 -6 -3   11   0   1   1   0   1   2   0   1   3   2   0   0   0  64  10   3   0   0   2  1.64 0.63
   83 G    1 -5 -3 -1  4 -4 -3  6 -5 -5  0 -4 -4 -5 -2 -1 -4 -5 -5 -3   12   0   0   4   8   0   1  58   0   0  11   0   0   0   2   3   0   0   0   2  1.06 0.45
   84 F   -6 -7 -7 -8 -6 -7 -7 -7 -5 -4 -2 -7 -4  9 -8 -6 -6 -3  1 -5    0   0   0   0   0   0   0   0   0   0   3   0   0  95   0   0   0   0   2   0  2.94 0.86
   85 K   -5  2 -4 -4 -7 -2 -2 -5 -4 -7 -6  8 -5 -7 -5 -4 -4 -7 -6 -6    0  10   0   0   0   0   1   0   0   0   0  89   0   0   0   0   0   0   0   0  2.20 0.74
   86 Q   -1  0  1  3 -4  2  3 -1  0 -3 -4  1 -3 -4 -3  2 -1 -5 -3 -3    5   3   8  19   0   9  26   2   1   1   0   6   0   0   0  15   2   0   1   2  0.47 0.22
   87 G    2 -3  1 -2 -3 -2 -2  4 -3 -4 -4 -2 -3 -4 -3  4 -1 -4 -4 -3   19   0   6   0   0   0   0  30   0   0   0   0   0   0   0  44   0   0   0   0  0.76 0.26
