    1 T   -2 -3  2 -3 -3 -3 -3 -3 -3 -3 -4 -3 -3 -5 -3  2  7 -5 -4 -3    0   0   9   0   0   0   0   0   0   0   0   0   0   0   0  13  77   0   0   0  1.31 0.39
    2 K   -3  2 -1 -1 -6  3  3 -3 -3 -5 -5  6 -3 -6 -3 -3 -3 -5 -4 -5    0  11   2   2   0  12  17   1   0   0   0  53   0   0   0   0   1   0   0   0  1.07 0.40
    3 Q   -1  1  0 -1 -3  2  2 -3  1 -1 -3  2 -2 -2 -2 -1  3 -1 -3 -1    3   9   5   2   0  12  11   1   3   3   1  17   0   1   1   2  24   1   0   4  0.34 0.22
    4 Y   -2 -4 -2 -4 -5  0 -2 -6  1 -3 -1 -1 -2  4 -6 -4 -2  2  8 -3    3   0   2   1   0   4   3   0   2   1   4   5   1  17   0   1   3   2  51   1  1.29 0.48
    5 K   -3  2 -1 -2 -2  2 -1  0  2 -5 -1  5 -3 -2  0 -2 -3 -5 -2 -4    1  10   3   1   1   8   2   8   5   0   7  46   0   1   4   1   0   0   1   0  0.69 0.36
    6 N   -2 -4  5 -4 -5 -1 -4 -5 -2 -1  3 -4  5  1 -2 -2 -2 -3  1 -3    4   0  28   0   0   3   0   0   1   2  27   0  18   6   2   1   2   0   5   1  0.73 0.39
    7 Y   -5 -6 -6 -7 -5 -6 -6 -7 -3 -2  3 -6 -2  5 -6 -5 -5  4  7 -3    0   0   0   0   0   0   0   0   0   2  25   0   0  26   0   0   0   5  40   1  1.63 0.59
    8 V   -3 -6 -6 -7 -1 -6 -7 -7 -7  7  1 -6 -1 -2 -6 -4 -3 -5 -2  2    2   0   0   0   1   0   0   0   0  71  10   0   1   1   0   1   1   0   1  10  1.63 0.58
    9 N    0 -4  7  3 -6 -3 -3  2 -1 -6 -7 -3 -6 -7 -5 -2 -4 -7 -6 -6    8   0  53  18   0   0   1  16   1   0   0   1   0   0   0   1   0   0   0   0  1.43 0.57
   10 G   -4 -7 -1 -5 -7 -6 -6  8 -6 -8 -8 -5 -7 -8 -7 -4 -6 -7 -8 -8    0   0   3   0   0   0   0  96   0   0   0   0   0   0   0   0   0   0   0   0  2.61 0.82
   11 E   -2  0 -1 -1 -4  3  6 -4 -1 -5 -6  3 -4 -6 -4 -2 -2 -6 -5 -4    3   5   3   2   0  14  49   0   1   1   0  19   0   0   0   2   1   0   0   1  1.10 0.49
   12 W   -7 -3 -7 -6 -5 -5 -2 -7 -3 -7 -3 -3 -4  0 -7 -6 -7 13 -1 -8    0   2   0   0   0   1   3   0   1   0   3   2   0   4   0   0   0  82   1   0  3.91 1.08
   13 K   -2  1 -3 -4 -2  1 -1 -5 -3  3  0  2  0 -3 -4 -3 -1 -4 -2  4    1   9   0   0   1   6   3   0   0  16   6  13   2   0   0   1   4   0   1  35  0.48 0.29
   14 L    0 -2  0  3 -5  0  4 -1 -2 -3 -3  0 -2 -3  0  1  1 -3 -4 -2    6   1   3  14   0   3  32   4   1   1   2   6   1   1   3  11   8   0   0   2  0.43 0.26
   15 S    2  0  0 -2 -3 -3 -2  1 -3 -5 -4  0 -4 -5 -3  5  3 -6 -5 -3   13   6   3   1   0   0   2   9   0   0   0   4   0   0   1  41  16   0   0   2  0.65 0.37
   16 E    0 -1  1  3 -5  0  3  2 -1 -5 -5  1 -4 -5 -1  1 -1 -5 -4 -4    7   2   6  15   0   2  22  18   1   0   0  10   0   0   2  11   2   0   0   0  0.46 0.26
   17 N   -2  1  2  1 -5  2  4 -2 -1 -5 -5  3 -4 -5 -3  1 -1 -5 -4 -4    2   7  10   8   0   8  27   2   1   0   0  17   0   0   1  13   3   0   0   1  0.58 0.31
   18 E   -2  0 -1 -3 -3  0  0 -3  0 -2 -2  1  0  1 -3  0  4  1  4  0    1   4   2   0   0   4   5   1   2   2   4   8   2   5   1   7  31   2  14   6  0.36 0.26
   19 I   -1 -2 -3 -4 -3 -1 -1 -4 -2  4  1 -2  2  2 -4 -2  0 -4  1  2    6   2   1   1   0   2   4   0   1  32  12   3   5   8   0   1   7   0   4  11  0.38 0.23
   20 K   -1 -3 -1  3 -5  0  4 -3 -2 -4 -4  1 -4 -5  3 -1  1 -6 -4 -3    6   0   3  17   0   3  32   1   1   0   1   7   0   0  16   4   7   0   0   2  0.66 0.34
   21 I   -3 -4  1 -2 -4 -5 -5 -5 -5  4  1 -4 -2 -3 -5  0 -3 -6 -4  5    0   1   8   2   0   0   0   0   0  22  14   0   0   0   0   8   0   0   0  44  0.85 0.40
   22 Y   -2  2 -2 -3 -2 -1 -2 -4  1  3  0  1  0  1 -4 -2  1 -2  4  1    1  11   1   1   1   3   1   0   4  19   9   8   2   4   0   2  10   0  16   7  0.29 0.21
   23 E   -1 -4  7  1 -2 -4 -3 -4  0 -7 -7 -4 -6 -3 -5  4 -2 -7 -2 -6    5   0  55   7   1   0   1   0   2   0   0   0   0   1   0  26   1   0   1   0  1.46 0.60
   24 P   -5 -6 -7 -6 -8 -6 -6 -7 -7 -7 -6  1 -7 -8  9 -5 -6 -8 -8 -7    0   0   0   0   0   0   0   0   0   0   1  10   0   0  90   0   0   0   0   0  3.01 0.94
   25 A    3 -5 -4 -3 -2 -1 -2 -4  1  0 -3 -4 -3  2 -5 -1 -1  1  7 -2   30   0   0   1   1   3   2   0   3   4   1   0   0   8   0   4   3   1  35   2  0.89 0.43
   26 S   -3 -3  4  4 -5 -3 -3 -3 -4 -5 -4 -2 -4 -6 -5  2  4 -6 -5 -5    0   1  23  24   0   0   0   2   0   0   1   1   0   0   0  16  31   0   0   0  1.02 0.48
   27 G   -3  1  3  0 -5  1 -1  5  1 -6 -2  0 -4 -5 -4 -2 -3 -3 -4 -5    0   6  17   5   0   8   4  42   4   0   4   5   0   0   0   1   1   0   0   0  0.74 0.36
   28 A   -2 -2 -2  1 -5  1  6 -3 -3 -6 -5  1 -5 -6 -4  2 -1 -6 -5 -5    3   2   1   6   0   5  57   1   0   0   0   8   0   0   0  13   4   0   0   0  1.11 0.50
   29 E   -1 -2 -3 -3 -1 -1  1 -4 -2  2  1 -1 -1 -2  0 -2  1 -4 -3  4    4   1   1   0   1   2   9   0   1  11  16   4   0   1   5   2   8   0   0  34  0.35 0.24
   30 L   -1 -5 -5 -6 -1 -2 -5 -6 -4  5  2 -5 -1  0 -5 -4 -3 -3  0  4    4   0   0   0   1   3   0   0   0  41  19   0   1   4   0   0   0   0   3  24  0.92 0.39
   31 G    4 -5 -2  0 -3 -4 -3  5 -3 -5 -5 -4 -5 -2 -5 -2 -3 -5  0 -2   35   0   1   6   0   0   1  45   0   0   0   0   0   2   0   2   1   0   4   2  0.99 0.44
   32 S   -2  1 -1 -1 -3  1  3 -4  1 -2 -3  2 -2 -3 -3  0  3 -3  1 -1    2   7   2   2   0   7  20   0   3   2   2  14   1   1   0   7  21   0   6   3  0.36 0.25
   33 V   -3 -6 -6 -7 -4 -3 -6 -7 -6  4 -1 -5 -1  2 -6 -4 -2 -3 -2  6    1   0   0   0   0   2   0   0   0  26   2   0   1   8   0   0   2   0   1  57  1.32 0.52
   34 P    2 -2 -4 -4 -1  4 -3 -2 -1 -4 -5 -2 -4 -4  6  0 -1 -4 -1 -2   15   1   0   0   1  21   0   2   2   0   0   2   0   1  39   7   3   0   3   2  1.00 0.46
   35 A    3  0  0 -2  0  1 -1 -2 -2 -1  0  2  1 -2 -3  1 -1 -3 -1  0   27   5   3   2   2   8   2   1   0   2  10  13   3   1   0  10   2   0   2   7  0.19 0.18
   36 M    5 -4 -3 -5  3 -4 -4  1 -4 -2 -1 -4  3 -4 -4  3 -2 -5 -5 -1   45   0   0   0   7   0   0   9   0   2   6   0   8   0   0  20   0   0   0   3  0.76 0.41
   37 S   -2 -3  1  2 -4 -3 -1  2 -3 -4 -5 -2 -4 -5 -4  4  4 -6 -5 -4    2   1   7  10   0   1   3  13   0   0   0   2   0   0   0  29  32   0   0   0  0.74 0.40
   38 T    1  2 -2 -1 -4  2  3 -3 -2 -2 -3  3 -2 -5  1 -1 -1 -4 -4 -2   14  10   1   2   0  10  19   0   1   3   2  21   0   0   6   3   4   0   0   3  0.39 0.25
   39 E    1 -2  0  2 -5  1  5 -3 -1 -5 -5  1 -4 -5 -3  0 -1 -6 -4 -3   10   2   3  12   0   6  45   2   1   0   0   9   0   0   0   5   3   0   0   1  0.77 0.38
   40 E   -4 -4 -2  6 -7  1  5 -5  1 -4 -4 -3 -4 -7 -5 -3 -3 -5 -4 -5    1   0   1  50   0   5  33   0   3   1   2   0   0   0   0   0   1   0   0   1  1.46 0.57
   41 V    1 -5 -6 -6 -3 -5 -5 -5 -6  2  1 -5  2 -3 -5 -4  0 -6 -4  6   11   0   0   0   0   0   0   0   0  10  10   0   6   0   0   0   5   0   0  57  1.05 0.45
   42 D   -2 -1  3  5 -5  0  3 -4  0 -3 -2  1 -4 -5 -4 -2 -2 -6 -3 -3    2   3  15  32   0   3  21   0   2   1   4   9   0   0   0   2   2   0   1   1  0.71 0.35
   43 Y    1  2  0  1 -4  2  3 -3  1 -3 -1  2 -1 -2 -3 -1 -2 -3 -1 -2   11  13   5   7   0  11  19   0   3   1   7  14   1   1   0   2   2   0   2   1  0.32 0.21
   44 V    7 -5 -6 -6  0 -5 -5 -4 -6 -3 -5 -4 -2 -6 -5 -2 -3 -7 -5  0   87   0   0   0   2   0   0   0   0   1   0   0   1   0   0   1   0   0   0   6  1.81 0.70
   45 Y   -2 -6 -6 -6 -3 -5 -6 -6 -5  6  0 -6  2  1 -6 -5 -3 -5  2  4    2   0   0   0   0   0   0   0   0  44   6   0   4   5   0   0   0   0   7  32  1.17 0.46
   46 A    2 -1 -1  2 -4  2  4 -3 -2 -3 -3  1 -2 -4 -3  0  0 -5 -3 -2   18   3   2  13   0   9  28   1   1   1   2   8   1   0   0   5   5   0   0   2  0.44 0.27
   47 S    5 -2  0 -3 -2 -2 -1 -1 -2 -2 -3 -1 -3 -3 -4  3  0 -4 -3 -1   48   1   4   0   1   2   3   4   1   2   1   3   0   1   0  20   4   0   1   3  0.62 0.36
   48 A    7 -6 -6 -6 -3 -5 -5 -3 -6 -5 -5 -5 -5 -6 -5 -1 -1 -7 -6 -4   92   0   0   0   0   0   0   1   0   0   0   0   0   0   0   3   3   0   0   1  2.01 0.75
   49 K   -1  2  0 -1 -2  1  1 -4  3 -4 -3  4 -3 -1 -4 -1 -2 -2  2 -1    6   9   4   2   1   7  11   0   8   0   2  32   0   2   0   3   1   0   8   5  0.47 0.28
   50 K    1  2  1  1 -4  2  3 -3  0 -3 -3  2 -2 -4 -3  0 -1 -5 -3 -2   13  11   6   6   0  11  22   1   2   1   2  15   0   0   0   4   3   0   0   3  0.40 0.24
   51 A    6 -5 -3 -5 -3 -4 -4  2 -2 -4 -5 -3 -5 -6 -5  0 -1 -6 -4 -2   73   0   1   0   0   0   0  12   1   0   0   1   0   0   0   5   4   0   0   3  1.34 0.57
   52 Q    0  0 -4 -4 -4  5 -2 -4 -2 -4 -1  1 -2  5 -5 -2 -2 -2  1 -3    9   5   0   0   0  30   1   0   1   0   6   9   1  29   0   2   1   0   5   1  0.80 0.41
   53 P   -1  2 -1 -1 -5  1  1 -3  1 -3 -3  5 -3 -5  1 -1 -2 -5 -3 -3    6   9   2   3   0   7  10   2   3   1   2  41   0   0   8   4   2   0   1   2  0.60 0.32
   54 A    1  0 -1  0 -3  1  2 -2 -1  0 -1  1 -1 -3 -2  1  1 -4 -3  0   13   3   2   3   0   5  15   2   1   7   4  11   1   1   1  13  11   0   0   8  0.16 0.15
   55 W   -2 -5 -5 -6 -4 -5 -5 -5 -4 -1 -2 -5  6  0 -5 -3 -2 11 -1 -3    4   1   1   0   0   0   0   1   0   4   3   1  19   4   0   2   3  53   1   2  2.34 0.69
   56 R    3  4 -1 -2 -3 -1  0 -1 -3 -4 -4  3 -2 -4 -3  1 -2 -4 -4 -2   31  23   2   1   0   2   6   4   0   0   0  16   1   0   0  11   1   0   0   2  0.58 0.32
   57 A    0  1  1  0 -4  1  1 -2 -1 -3 -1  4 -3 -3 -1  0 -1 -5 -3 -3   10   7   8   4   0   5   9   1   1   1   8  30   0   1   3   7   3   0   0   1  0.33 0.22
   58 L   -3 -3 -5 -5 -3 -3 -3 -5 -5  1  4 -1  5 -1 -5 -3  3  0 -1  2    1   1   0   0   0   0   1   0   0   5  36   4  16   2   0   1  18   1   2  11  0.68 0.35
   59 S   -1 -5 -3 -3 -5 -3 -3 -3 -4 -6 -3 -4 -4 -6  7  3  3 -7 -6 -5    4   0   0   1   0   1   1   2   0   0   2   0   0   0  49  23  15   0   0   0  1.40 0.56
   60 Y    4 -4 -4 -4 -3 -2 -3  0 -4  0  1 -4 -2 -3  3  0 -1 -5 -2  1   41   0   0   0   0   1   0   6   0   5  13   0   0   0  13   6   3   0   2   8  0.52 0.31
   61 I    0 -1  0 -2 -3  0 -1 -2  5 -2 -2 -2 -3  1  2 -1 -2  4  5 -1    7   3   5   1   0   3   3   2  18   2   3   2   0   4  12   4   2   5  20   4  0.51 0.28
   62 E   -1  0 -3  0 -6  3  5 -5 -3 -5 -5  4 -4 -6 -4 -3 -3 -6 -5 -3    6   4   1   3   0  15  44   0   0   0   0  23   0   0   0   0   1   0   0   2  1.04 0.47
   63 R   -6  8 -5 -6 -8 -3 -4 -7 -5 -5 -6  1 -6 -7 -7 -5 -6 -7 -6 -4    0  92   0   0   0   0   0   0   0   1   0   6   0   0   0   0   0   0   0   1  2.65 0.85
   64 A    4 -3 -4 -4 -2 -1 -3  1 -4  0 -4 -3  1 -2 -4  2 -2 -4  3 -2   43   1   0   0   0   2   1  12   0   5   0   0   4   1   0  16   1   0  11   2  0.65 0.37
   65 A    1  1  1  2 -5  1  4 -2 -1 -5 -4  1 -3 -4 -4  0 -1 -5 -4 -4   13   6   5  10   0   7  35   2   1   0   1   8   0   0   0   6   4   0   0   0  0.56 0.31
   66 Y   -3 -5 -5 -6 -3 -5 -6 -6 -4  6  1 -3 -1 -1 -6 -5 -3 -1  4  2    1   0   1   0   0   0   0   0   0  55  10   1   1   2   0   0   1   1  17  10  1.23 0.48
   67 L   -5 -6 -7 -8 -4 -6 -7 -8 -7  1  6 -6  1 -1 -7 -6 -5 -5 -5 -2    0   0   0   0   0   0   0   0   0   6  89   0   2   2   0   0   0   0   0   1  1.83 0.64
   68 H   -3  1  1 -1 -5  0  2 -4  4 -3 -1  1  2  1 -4 -1 -2 -2  5 -4    1   7   8   3   0   4  14   0  12   1   6   7   7   6   0   3   1   0  20   0  0.48 0.28
   69 K   -2  4  1 -1 -5  1 -1 -4 -2 -5 -5  6 -5 -5 -5 -2 -3 -4 -5 -5    3  24   6   2   0   5   3   1   1   0   1  50   0   0   0   1   1   0   0   0  1.15 0.49
   70 V    4 -5 -5 -5 -3 -4 -5 -4 -5  1  0 -4 -2 -1 -5 -3  0  6 -4  3   42   0   0   0   0   0   0   0   0   8   8   0   1   2   0   1   6  11   0  23  0.86 0.42
   71 A    6 -3 -4 -5 -2 -4 -4  0  0 -2 -3 -3 -4 -2 -4  1 -3 -4  0  0   61   1   0   0   0   0   0   7   2   2   1   1   0   1   0  11   0   0   3   7  0.92 0.45
   72 D    1  0  1  4 -4  2  3 -3 -1 -3 -3 -1 -3 -3 -4  0 -1 -5 -2 -3   11   5   7  27   0  10  17   1   1   1   2   3   0   1   0   7   4   0   1   1  0.47 0.26
   73 I   -2 -3 -3 -4 -3 -2 -1 -3 -4  4  4 -2  0 -2 -5 -4 -3  0  1  0    3   1   1   1   0   2   5   2   0  25  46   2   1   0   0   0   0   2   5   4  0.66 0.33
   74 L   -3 -5 -6 -7 -5 -5 -6 -7 -6  3  5 -6  5  0 -6 -5 -4 -5 -4  0    1   0   0   0   0   0   0   0   0  18  58   0  14   4   0   0   0   0   0   5  1.28 0.49
   75 M   -1  2 -1  1 -5  1  4 -3 -2 -1 -1  3 -1 -4 -4 -1 -2 -4 -2 -1    3  11   2   5   0   6  33   1   1   3   7  16   2   0   0   3   2   0   1   5  0.46 0.27
   76 R    0  1 -1  1 -6  2  6 -3 -2 -5 -5  2 -4 -6 -4  0 -3 -6 -5 -4    7   7   2   7   0   9  48   1   1   0   0  10   0   0   0   5   1   0   0   1  0.90 0.42
   77 D   -4  6  4  0 -5  1 -1 -4  4 -6 -5  1  0 -5 -5 -3 -4 -6 -1 -5    0  44  19   5   0   5   3   0  11   0   1   7   2   0   0   0   0   0   2   0  1.12 0.48
   78 K    1  2 -3 -3 -3  2 -1 -3 -1 -1 -1  5 -2 -3 -4  0 -2 -3 -4 -2   13   8   0   0   0   8   3   1   1   4   6  43   1   1   0   5   2   0   0   3  0.57 0.33
   79 E   -1 -3  0  4 -7  0  6 -3 -1 -6 -5 -1 -4 -7 -3 -3 -3 -7 -5 -5    4   1   3  21   0   3  59   1   1   0   1   2   0   0   1   0   1   0   0   0  1.33 0.55
   80 K   -2  0 -2  2 -6  1  6 -5  0 -5 -4  1 -4 -4  0 -2 -3 -6 -2 -4    2   4   1   8   0   4  59   0   2   0   1   7   0   0   4   2   1   0   2   1  1.07 0.48
   81 I    0 -5 -6 -6  0 -5 -6 -6 -5  5  3 -5  0  4 -6 -5 -4 -3  1  0    9   0   0   0   2   0   0   0   0  33  30   0   2  17   0   0   0   0   4   4  0.88 0.38
   82 G    6 -5 -5 -5 -4 -5 -3  0 -5 -1 -5 -4 -5 -6 -5  0 -2 -6 -6 -2   78   0   0   0   0   0   1   7   0   4   0   0   0   0   0   5   2   0   0   3  1.48 0.61
   83 A   -1  3 -1  1 -5  3  4 -3 -1 -3 -3  2 -2 -5 -3 -1  0 -4 -3 -2    4  18   2   7   0  11  28   1   1   1   3  10   1   0   0   2   6   0   1   2  0.50 0.28
   84 I   -1 -4 -3 -3  2 -4 -2 -5 -5  4  2 -4  1 -2 -4 -1  3  3 -3  1    4   1   0   1   5   0   3   0   0  27  19   0   3   1   0   3  19   4   0   9  0.51 0.28
   85 L   -3 -6 -6 -7 -4 -5 -6 -6 -6  6  4 -6  5 -3 -6 -5 -4 -5 -5  0    2   0   0   0   0   0   0   0   0  40  38   0  17   0   0   0   0   0   0   3  1.36 0.51
   86 S    3 -4 -4 -4  0 -3 -4 -4 -3  0 -3 -4  3 -4 -4  2  4 -5 -4  2   22   0   0   0   2   0   0   0   0   5   0   0   8   0   0  13  32   0   0  15  0.72 0.40
   87 K    0  3 -1 -2 -4  1 -1 -4 -1 -1  1  3  2 -3 -4  0 -1 -3 -2 -2    6  19   2   1   0   7   3   0   1   3  17  23   6   0   0   5   3   0   1   1  0.35 0.24
   88 E   -5 -5 -5 -2 -8 -2  8 -7 -5 -8 -7 -4 -7 -8 -6 -4 -5 -7 -7 -7    0   0   0   1   0   0  98   0   0   0   0   0   0   0   0   0   0   0   0   0  2.70 0.91
   89 V    3 -4 -1 -4 -3  0 -1  0 -4  2 -1 -3  5 -4 -4  0 -1 -5 -4  3   23   0   3   0   0   5   3   8   0  11   2   0  16   0   0   7   3   0   0  19  0.42 0.28
   90 A    3 -6 -4 -5 -3 -5 -5  6 -6 -5 -7 -5 -6 -7 -5  1 -4 -6 -6 -5   22   0   0   0   1   0   0  68   0   0   0   0   0   0   0   8   0   0   0   0  1.66 0.60
   91 K   -5 -2 -4 -5 -7 -3 -4 -5 -5 -7 -7  8 -6 -8 -5 -1 -5 -8 -6 -7    0   0   0   0   0   0   0   0   0   0   0  94   0   0   0   5   0   0   0   0  2.48 0.85
   92 G   -2 -4 -1  0 -3 -4 -4 -1 -3 -2 -5 -4 -5 -6  6  0  4 -6 -5  1    3   0   3   4   1   0   0   5   1   2   0   0   0   0  43   5  24   0   0   9  1.10 0.47
   93 Y   -2  0 -5 -5 -4 -3 -5 -6 -2  5  3 -1  0  1 -5 -4 -4  0  1  0    4   5   0   0   0   1   0   0   1  39  30   4   1   5   0   0   0   1   5   3  0.74 0.35
   94 K    0  3  0 -2 -5 -1  0 -2 -2 -2 -3  5 -1 -4  0  0  1 -5 -4 -2    9  14   3   1   0   2   4   2   0   2   2  39   2   0   5   5   7   0   0   3  0.54 0.31
   95 S    0 -3 -1  4 -5  0  5 -4 -2 -5 -4  0 -3 -1 -4  1  0 -5  0 -4    8   0   2  20   0   3  39   0   0   0   1   6   0   3   0   9   5   0   3   1  0.71 0.37
   96 A    6 -5 -5 -5  0 -4 -4 -1 -5 -5 -5 -4 -3 -6 -5  2  0 -6 -6 -4   72   0   0   0   2   0   0   4   0   0   0   0   0   0   0  16   5   0   0   0  1.45 0.61
   97 V   -3  6 -2 -4 -5  0 -1 -5 -2  1  0  3  1 -4 -5 -2 -2 -2 -2  0    1  41   1   0   0   2   4   0   0   7  11  16   4   0   0   2   2   0   1   7  0.70 0.35
   98 S    1 -2 -1 -1 -4 -2 -2  5 -2 -2 -4  0 -2 -3 -4  1  1 -5 -4  0   10   1   2   3   0   1   1  42   1   2   1   7   1   1   0  10   9   0   0   8  0.55 0.29
   99 E   -5 -5 -5  1 -8 -2  8 -7 -5 -8 -8 -4 -7 -8 -6 -5 -5 -8 -7 -7    0   0   0   5   0   0  95   0   0   0   0   0   0   0   0   0   0   0   0   0  2.58 0.88
  100 V   -1 -6 -6 -6 -4 -6 -6 -6 -6  3 -1 -6  0 -2 -6 -4  0 -2 -3  7    4   0   0   0   0   0   0   0   0  14   2   0   2   2   0   0   6   1   1  68  1.40 0.54
  101 V    1 -1  0  2 -3  3  1 -1 -2 -1 -1  0  0 -3 -3  0  0 -3 -3  0   12   2   3  13   0  16   9   5   0   3   5   6   2   0   0   7   5   0   0   9  0.20 0.17
  102 R   -2  8 -3 -5 -7 -3  1 -6 -3 -5 -5 -2 -5 -3 -6 -3 -5 -4  1 -5    3  77   1   0   0   0  10   0   0   0   1   0   0   1   0   1   0   0   5   1  1.92 0.70
  103 T    3 -4 -3 -4  2 -4 -4  2 -5 -5 -5 -4 -4 -5 -4  3  5 -6 -5 -3   26   0   0   0   4   0   0  17   0   0   0   0   0   0   0  20  32   0   0   1  0.90 0.45
  104 A    3 -4 -1 -5 -3 -4 -4 -2 -5  5 -1 -4 -2 -3 -5 -3 -2 -5 -2  3   24   0   3   0   0   1   1   4   0  42   2   0   0   1   0   1   1   0   2  19  0.82 0.39
  105 E    0 -2  1  5 -5  4  3 -2 -2 -5 -4 -2 -2 -4 -4  0 -2 -6 -5 -5    9   1   5  29   0  21  21   3   1   0   1   0   1   1   0   5   2   0   0   0  0.77 0.38
  106 I   -3 -3 -3 -5  0 -4 -4 -5 -5  3  1 -4  3  2 -5 -3  5 -4  1  0    0   1   0   0   2   0   0   0   0  14  14   0   7   9   0   0  43   0   5   4  0.82 0.42
  107 I    0 -5 -5 -6 -2 -5 -5 -5 -4  4  3 -5  1  3 -5 -4 -2 -3  4  0    8   0   0   0   1   0   0   0   0  25  32   0   2  11   0   0   2   0  14   5  0.76 0.34
  108 N   -2  5 -2  0 -5  1  1 -4 -2 -2 -2  3 -2  1 -4 -1 -1 -4  0 -3    2  34   1   6   0   5   8   0   1   3   4  17   1   5   0   5   4   0   3   1  0.52 0.29
  109 Y   -4 -4 -4 -5 -5 -3 -1 -6 -2  1  1 -5 -2  5 -6 -4 -4  5  7 -2    1   0   0   0   0   1   5   0   1   7  13   0   1  26   0   1   0   6  34   2  1.16 0.46
  110 A    4 -4 -3 -4  0 -4 -4 -3 -4 -4 -4 -4  2 -1 -4  3  3 -4  4 -3   33   0   0   0   2   0   0   0   0   0   0   0   6   2   0  25  17   0  13   1  0.80 0.44
  111 A    7 -5 -5 -6 -4 -4 -5 -2 -6 -2 -5 -4 -4 -2 -5  0 -3 -6 -5 -2   84   0   0   0   0   0   0   3   0   2   0   0   0   2   0   6   0   0   0   3  1.67 0.66
  112 E   -3 -4 -3  1 -6  0  6  2 -3 -5 -6 -3 -3 -3 -5 -1 -2 -6 -5 -4    1   0   0   7   0   3  62  17   0   1   0   0   1   1   0   4   2   0   0   1  1.26 0.54
  113 E   -2 -4 -4 -2 -7 -1  7 -4 -4 -5 -4 -3 -5  0 -5 -4 -2 -6 -1 -5    3   0   0   0   0   1  83   1   0   0   1   0   0   4   0   0   2   0   2   1  1.90 0.73
  114 G    5 -5 -5 -5 -2 -5 -5  4 -5 -5 -6 -4 -5 -5  0 -1 -3 -6 -5 -3   56   0   0   0   1   0   0  33   0   0   0   0   0   0   5   2   1   0   0   1  1.31 0.55
  115 L   -4  4 -2 -4 -3 -1 -2 -4 -2 -2 -1  5  2 -3 -5 -3 -1 -5 -2 -1    0  25   1   0   1   1   1   1   1   3   8  44   5   1   0   1   3   0   1   5  0.90 0.43
  116 R   -4  8  0 -3 -7  0 -3 -6  2 -7 -6 -1 -5 -7 -6 -1 -3 -5 -5 -6    1  78   5   1   0   3   1   0   5   0   0   2   0   0   0   4   1   0   0   0  1.99 0.70
  117 M   -3 -4 -3 -6 -4 -3 -5 -6 -3  5  3 -1  5 -2 -3 -3 -2 -4 -2  1    1   0   1   0   0   1   0   0   1  36  29   5  14   1   1   2   2   0   1   6  0.84 0.37
  118 E   -1 -1  0 -1 -3  0  1 -2  5 -2 -2 -1 -2  2 -3 -1  1 -1  3 -1    3   3   5   3   0   3  10   3  19   2   3   4   0  10   1   5   8   0  13   4  0.33 0.21
  119 G   -4 -6 -4 -4 -7 -6 -6  8 -6 -8 -8 -5 -7 -7 -2 -4 -5 -7 -7 -7    0   0   0   1   0   0   0  95   0   0   0   0   0   0   2   0   0   0   0   0  2.50 0.78
  120 E   -4 -3 -3  2 -7  2  7 -5 -1 -6 -4  0 -3 -7 -5 -3 -2 -6 -4 -6    0   0   0  10   0   8  67   0   1   0   1   6   1   0   0   1   2   0   1   0  1.48 0.59
  121 V   -1 -4 -3 -4 -4 -2 -3 -1 -4  1 -1 -4  1  0 -3  1  5 -5 -1  2    3   0   0   0   0   2   1   4   0   7   4   0   4   5   1   8  45   0   2  14  0.65 0.36
  122 L   -3 -3 -5 -5 -3 -4 -5 -5 -5  6  3 -4  2 -1 -4 -4 -3 -4 -2  3    1   1   0   1   0   0   1   1   0  44  22   1   5   2   0   1   0   0   1  19  0.94 0.36
  123 E   -2 -1 -1 -3 -5 -1 -2 -4 -2 -4 -4 -2 -3 -5  8 -1 -1 -5 -3 -1    2   3   4   1   0   3   3   1   1   1   1   2   1   0  64   5   3   0   1   5  1.54 0.52
  124 G   -1 -2 -1 -2 -2 -2 -2  2 -2  0  1 -2  4  2 -2  1 -1 -2 -1  0    3   1   2   1   0   1   1  19   1   4  16   1  13  11   1  15   2   0   1   5  0.25 0.16
  125 G   -2 -2 -1  7 -4 -1  1 -1 -1 -3 -4 -2 -3 -3 -2 -1 -1 -4 -3 -3    3   1   2  56   0   3   8   6   1   1   2   1   1   1   2   4   4   0   1   2  0.98 0.33
  126 S    3 -2  0  0 -2  1 -1  1 -2 -2 -2 -1 -2 -3 -1  2  0  0 -2 -2   33   2   5   5   0   8   2   9   1   2   3   2   1   1   2  16   4   1   1   2  0.31 0.17
  127 F    3 -2 -1 -2 -1 -1 -2 -2 -1 -1 -1 -2  2  4 -2  1  2  0  0 -1   25   2   2   1   1   2   1   2   1   2   3   1   5  19   2  10  12   1   2   4  0.27 0.17
  128 E   -1 -2 -2 -1 -3 -1  1 -2 -3  0 -3  0 -3 -3  6 -1 -1 -3 -3 -1    3   2   2   3   1   2  11   3   1   5   2   7   1   1  44   5   3   0   1   4  0.84 0.28
  129 A    2 -1 -1 -3 -4 -3 -3  5 -2 -4 -4 -3 -3 -4 -2  3 -2 -4 -3 -4   17   3   2   1   0   1   1  46   1   1   2   1   0   0   2  20   1   0   1   1  0.84 0.35
  130 A    0 -2  2 -1 -1 -1  1  4 -1 -3 -3 -2 -2  0 -2  0  0 -2 -1 -3    8   1  12   2   1   3  11  35   1   1   2   1   1   4   1   8   4   0   2   2  0.40 0.19
  131 S    0 -1  0  1 -1 -1  0  1  1 -1  0  0  0 -2 -1  2  0 -2 -2  0    7   1   3   9   1   2   4  11   4   3  11   5   3   1   2  21   6   0   1   6  0.09 0.08
  132 K   -1  2 -1 -1 -4  1  4 -3 -2 -4 -4  3 -3 -4  3 -1 -2 -4 -3 -3    3  13   2   2   0   5  29   2   0   1   1  20   0   1  15   3   1   0   0   2  0.65 0.29
  133 K   -3 -1  6  2 -3 -2 -2  3  0 -5 -5  0 -4 -5 -4  0 -1 -5 -4 -5    1   2  40  12   0   1   2  23   2   0   1   4   0   0   0   6   3   0   0   0  0.91 0.38
  134 K   -1  5 -3 -4 -6 -1 -3 -4 -1 -5 -4  6 -2 -4 -4 -3 -2 -2 -3 -4    4  34   1   0   0   1   0   1   2   0   1  48   1   1   0   1   3   1   1   1  1.26 0.50
  135 I   -3  1 -3 -4 -4 -3 -1 -5 -2  3  2 -2  3  4 -5 -3 -2  0  0  1    0   8   1   1   0   1   4   0   1  17  22   2   7  20   0   1   2   1   3  10  0.45 0.24
  136 A    4 -4  0 -4  4 -3 -4  4 -4  0 -2 -4  2 -4 -4  0 -3 -5 -5 -2   33   0   4   0   8   0   0  30   0   5   4   0   6   0   0   7   0   0   0   2  0.70 0.36
  137 V   -4 -1 -5 -6 -5 -4 -5 -6 -2  2  1 -4  5  5 -6 -3 -3  0  5 -1    0   3   0   0   0   0   0   0   1  10  11   0  17  26   0   2   1   1  24   4  1.03 0.43
  138 V    0 -5 -4 -5 -3 -4 -4 -5 -4  0 -2 -4 -2  1 -5  1  5 -3  2  3    6   0   0   0   0   0   0   0   0   4   2   0   0   5   0   9  42   0   8  22  0.82 0.43
  139 R   -2  1 -2 -2 -3  0  0 -4  0  2  0  1  1  0 -3  0  1 -1  2  2    0   9   1   1   0   5   5   0   2  12   6  10   3   3   0   7   8   1   8  19  0.16 0.15
  140 R   -5  8 -4 -5 -7 -2 -3 -6  0 -7 -5  3 -5 -6 -4 -4 -5 -4 -3 -7    0  77   0   0   0   1   1   0   2   0   0  17   0   0   1   0   0   0   1   0  2.12 0.73
  141 E   -1 -1 -2 -2 -3  1  3 -4 -2  0 -2  0  0  1 -4 -2 -1 -4 -1  4    4   3   1   1   0   8  23   0   1   5   1   5   2   8   0   2   3   0   2  30  0.38 0.27
  142 P   -2 -7 -7 -6 -8 -6 -6 -7 -7 -8 -8 -6 -7 -9  9 -4 -6 -9 -8 -7    4   0   0   0   0   0   0   0   0   0   0   0   0   0  96   1   0   0   0   0  3.28 0.98
  143 V   -3 -4 -6 -6 -2 -4 -5 -6 -4  4  4  0  0 -3 -5 -5 -3 -5 -2  4    1   0   0   0   1   0   0   0   0  21  40   6   1   0   0   0   0   0   1  27  0.91 0.39
  144 G   -4 -7 -5 -6 -7 -6 -7  8 -7 -8 -8 -6 -7 -8 -7 -5 -6 -7 -8 -8    0   0   0   0   0   0   0 100   0   0   0   0   0   0   0   0   0   0   0   0  2.78 0.84
  145 L   -3 -6 -7 -7 -5 -5 -6 -7 -7  3 -2 -6 -3 -5 -2 -5 -1 -7 -5  7    1   0   0   0   0   0   0   0   0  11   2   0   0   0   2   0   3   0   0  81  1.82 0.66
  146 V   -2 -6 -7 -7  1 -6 -6 -5 -7  5 -2 -6 -2 -4 -6 -5 -3 -7 -5  6    2   0   0   0   3   0   0   1   0  30   0   0   0   0   0   0   0   0   0  63  1.65 0.60
  147 L    3 -5 -4 -5  1 -4 -5  5 -5 -3  2 -4 -3 -4 -5 -1 -2 -5 -5 -1   25   0   0   0   3   0   0  40   0   0  25   0   0   0   0   4   1   0   0   3  0.84 0.40
  148 A    6 -5 -5 -6  1 -5 -5 -1 -5  0 -1 -5 -2 -5 -5 -3 -3 -6 -5  2   71   0   0   0   2   0   0   3   0   5   6   0   1   0   0   0   0   0   0  12  1.28 0.56
  149 I   -6 -8 -8 -8 -6 -6 -8 -8 -8  9 -3 -7 -3 -5 -7 -7 -5 -7 -6 -1    0   0   0   0   0   0   0   0   0  99   0   0   0   0   0   0   0   0   0   0  2.78 0.86
  150 S   -1 -5 -4 -5 -4 -4 -5 -2 -5 -5 -5 -4 -5 -6  1  3  7 -7 -6 -4    4   0   0   0   0   0   0   3   0   0   0   0   0   0   6  22  65   0   0   0  1.55 0.65
  151 P   -5 -7 -7 -6 -8 -6 -6 -7 -7 -8 -8 -6 -7 -9  9 -6 -6 -9 -8 -7    0   0   0   0   0   0   0   0   0   0   0   0   0   0 100   0   0   0   0   0  3.49 1.03
  152 F   -7 -7 -8 -8 -7 -7 -8 -8 -6 -5 -5 -8 -5  8 -8 -7 -7  9  0 -6    0   0   0   0   0   0   0   0   0   0   0   0   0  69   0   0   0  30   1   0  3.09 0.89
  153 N   -6 -5  9 -3 -8 -5 -5 -5 -3 -8 -8 -5 -7 -8 -5 -4 -5 -9 -7 -8    0   0  99   0   0   0   0   0   0   0   0   0   0   0   0   0   0   0   0   0  3.17 0.98
  154 Y   -3 -6 -6  0 -6 -6 -6 -7 -4 -4 -4 -6 -4  8 -7 -6 -6 -3  6 -2    2   0   0   7   0   0   0   0   0   0   0   0   0  61   0   0   0   0  27   2  2.15 0.71
  155 P   -6 -7 -7 -6 -8 -6 -6 -7 -7 -8 -8 -6 -7 -9  9 -6 -6 -9 -8 -7    0   0   0   0   0   0   0   0   0   0   0   0   0   0 100   0   0   0   0   0  3.52 1.03
  156 V   -1 -5 -5 -6 -2 -2 -5 -6 -5  3  3 -5  3  3 -5 -4 -3 -4 -3  4    5   0   0   0   1   2   0   0   0  13  32   0   9  11   0   0   0   0   0  27  0.78 0.35
  157 N    3 -5  8 -3 -6 -4 -4 -4  2 -6 -3 -4 -4 -5 -6 -1 -4 -7 -5 -5   24   0  66   0   0   0   0   0   4   0   3   0   0   0   0   3   0   0   0   0  1.77 0.68
  158 L   -5 -6 -7 -7 -5 -6 -7 -7 -6  4  6 -6  3 -3 -7 -6 -3 -5 -5 -2    0   0   0   0   0   0   0   0   0  19  74   0   6   0   0   0   1   0   0   0  1.60 0.58
  159 A    3 -5 -4 -5  0 -4 -4 -4 -5  1 -3 -4 -2 -4  3  1  0 -6 -4  4   27   0   0   0   2   0   0   0   0   6   0   0   1   0  14  12   5   0   0  32  0.71 0.38
  160 G    4 -4 -4 -5  3 -4 -4 -2 -5  1  0 -4  2 -3 -4  0  2 -5 -4  1   44   0   0   0   7   0   0   2   0   9   7   0   5   0   0   4  12   0   0  10  0.64 0.35
  161 S   -1  2 -4 -5 -6 -4 -4 -6  9 -7 -6 -3 -5 -5 -6  2 -4  8 -3 -6    5  12   0   0   0   0   0   0  46   0   0   1   0   0   0  18   0  17   0   0  1.93 0.69
  162 K   -5 -2 -5 -5 -8 -3 -3 -6 -5 -7 -7  8 -6 -8 -5 -1 -5 -8 -6 -7    0   0   0   0   0   0   0   0   0   0   0  95   0   0   0   4   0   0   0   0  2.53 0.86
  163 I   -2 -6 -6 -6 -4 -5 -6 -6 -6  6  1 -5  2 -3 -6 -1 -3 -6 -4  5    2   0   0   0   0   0   0   0   0  43  12   0   4   0   0   4   0   0   0  34  1.19 0.46
  164 A    5 -5 -5 -5 -4 -5 -5  4 -5 -2 -3 -5  1  0 -5 -3 -4 -6 -5 -3   53   0   0   0   0   0   0  34   0   2   2   0   3   5   0   0   0   0   0   1  1.21 0.52
  165 P   -5 -7 -7 -6 -8 -6 -6 -7 -4 -8 -6 -6 -6 -9  9 -5 -4 -9 -8 -7    0   0   0   0   0   0   0   0   0   0   1   0   0   0  97   0   1   0   0   0  3.35 1.00
  166 A    7 -6 -6 -6 -3 -5 -5 -3 -6 -6 -6 -5 -5 -7 -5 -2 -4 -7 -6 -4   97   0   0   0   0   0   0   1   0   0   0   0   0   0   0   2   0   0   0   0  2.26 0.81
  167 L   -5 -6 -7 -7 -5 -6 -7 -7 -6  5  5 -6 -1  1 -6 -6 -4 -5 -4 -1    0   0   0   0   0   0   0   0   0  35  59   0   0   5   0   0   0   0   0   1  1.49 0.55
  168 I    6 -5 -6 -6 -4 -5 -5 -4 -6  3 -3 -5  2 -5 -5 -3 -4 -6 -5  2   60   0   0   0   0   0   0   0   0  18   1   0   5   0   0   0   0   0   0  16  1.24 0.54
  169 A    5 -5 -4 -5  2 -4 -4 -1 -4 -4 -3 -4  0 -4 -4  1  1 -5  2 -1   58   0   0   0   4   0   0   4   0   0   1   0   3   0   0  10  10   0   7   3  0.93 0.46
  170 G   -3 -7 -5 -5 -7 -6 -6  8 -6 -8 -8 -3 -7 -8 -6 -4 -6 -7 -7 -8    1   0   0   0   0   0   0  97   0   0   0   2   0   0   0   0   0   0   0   0  2.62 0.81
  171 N   -6 -5  9 -3  4 -5 -5 -5 -4 -8 -8 -5 -7 -8 -7 -4 -5 -8 -7 -7    0   0  92   0   8   0   0   0   0   0   0   0   0   0   0   0   0   0   0   0  2.90 0.92
  172 V    3 -5 -4 -5 -1 -4 -4 -3 -5 -4 -5 -4 -4 -6  0  2  6 -6 -5 -1   25   0   0   0   1   0   0   2   0   0   0   0   0   0   4  16  49   0   0   3  1.14 0.53
  173 I   -2 -6 -7 -7 -1 -6 -6 -7 -7  4 -1 -6 -1 -1 -6 -5 -3 -6 -5  7    2   0   0   0   1   0   0   0   0  21   3   0   1   3   0   0   1   0   0  69  1.58 0.58
  174 A   -3 -6 -7 -7 -5 -6 -6 -7 -7  5 -1 -6 -2 -4 -6 -6 -4 -7 -5  7    1   0   0   0   0   0   0   0   0  25   3   0   1   0   0   0   0   0   0  70  1.77 0.63
  175 F   -4 -5 -6 -7 -4 -5 -6 -5 -4  2  5 -6 -1  4 -6 -5 -4  4  0  2    0   0   0   0   0   0   0   1   0   9  50   0   0  20   0   0   0   5   2  12  1.06 0.43
  176 K   -5 -2 -5 -5 -8 -3 -4 -6 -2 -7 -6  8 -5 -8 -6 -5 -5 -8 -6 -7    0   1   0   0   0   0   0   0   1   0   0  98   0   0   0   0   0   0   0   0  2.66 0.88
  177 P   -5 -7 -7 -6 -5 -6 -6 -6 -7 -8 -8 -6 -7 -8  9 -5 -4 -8 -8 -7    0   0   0   0   0   0   0   0   0   0   0   0   0   0  98   0   1   0   0   0  3.39 1.00
  178 P    6 -5 -5 -5 -4 -5 -5 -4 -4 -5 -6 -4 -5 -6  3  1 -3 -7 -6 -4   77   0   0   0   0   0   0   0   0   0   0   0   0   0  12   9   1   0   0   0  1.65 0.66
  179 T   -2 -4 -2 -2 -5 -1  2 -3 -4 -4 -4 -2 -3 -6  0  4  5 -6 -5 -4    1   0   1   1   0   2  15   2   0   0   1   1   0   0   4  31  39   0   0   0  0.93 0.48
  180 Q    0 -2 -1  2 -6  6  3 -4 -1 -4 -3  1 -2 -4 -4 -2 -2 -5 -2 -1    6   1   2  10   0  43  15   0   1   0   2   7   1   0   0   2   2   0   1   5  0.83 0.43
  181 G    0 -5 -3 -4 -3 -5 -5  3 -6 -5 -5 -4 -5 -6 -5 -2  7 -6 -6 -3    8   0   0   1   0   0   0  22   0   0   0   0   0   0   0   1  67   0   0   1  1.57 0.65
  182 S    2 -6 -5 -5 -3 -5 -5 -4 -4 -6 -7 -5 -6 -7  8  1 -3 -7 -5 -5   17   0   0   0   1   0   0   1   0   0   0   0   0   0  67  12   1   0   0   0  2.04 0.71
  183 I   -2 -4 -6 -6 -4 -5 -5 -6 -4  3  5 -4  1 -1 -5 -4 -2 -4 -3  3    3   0   0   0   0   0   0   0   0  18  52   1   2   2   0   1   1   0   0  18  0.96 0.40
  184 S    0 -4 -2 -4  2 -4 -4 -4 -5  0 -3 -4  1 -5 -4  5  4 -6 -5 -1    5   0   1   0   4   0   0   0   0   6   2   0   4   0   0  49  24   0   0   5  0.96 0.49
  185 G    5 -5 -4 -4  1 -4 -4  3 -5 -5 -5 -4 -3 -6 -3  1 -1 -3 -5 -2   58   0   0   1   3   0   0  21   0   0   0   0   1   0   1   9   3   0   0   3  1.08 0.49
  186 L    0 -4 -4 -5 -1 -3 -4 -5 -2  2  4 -4  1  1 -5 -3  0 -3  2  0    9   1   0   0   1   0   0   0   1  12  45   1   2   6   0   1   6   0   9   5  0.58 0.30
  187 L   -1  1 -2 -3 -3 -1  1 -4  3 -1  1  4  2  2 -4 -3 -2 -2  1 -1    5   5   2   0   0   1   8   0   7   3  18  27   5   9   0   0   1   0   6   3  0.34 0.24
  188 L   -4 -5 -6 -7 -4 -5 -6 -7 -6  3  5 -5  5  1 -6 -5 -3 -5 -4  0    1   0   0   0   0   0   0   0   0  12  62   0  13   5   0   0   1   0   0   5  1.25 0.48
  189 A    5 -5 -5 -5  2 -4 -4  0 -5  1 -2 -4  0 -2 -4 -2 -1 -5 -3  3   48   0   0   0   4   0   0   7   0   9   2   0   2   2   0   1   4   0   1  20  0.74 0.39
  190 E   -2  0 -2  1 -7  2  6 -4  1 -6 -6  3 -5 -6 -4 -2 -4 -6 -5 -5    2   4   1   6   0   8  54   1   3   0   0  18   0   0   0   2   0   0   0   0  1.19 0.51
  191 A    2 -5 -5 -6  5 -4 -5 -5 -5  4  3 -4 -1 -2 -5 -3 -3 -5 -2  1   18   0   0   0  11   0   0   0   0  26  32   0   1   1   0   1   1   0   1   8  0.79 0.36
  192 F    0 -6 -6 -7 -2 -6 -6 -6 -5  0  3 -6  1  7 -6 -4 -5 -3  0 -2    8   0   0   0   1   0   0   0   0   5  28   0   3  52   0   1   0   0   1   1  1.42 0.52
  193 A    0 -2  0  1 -4  2  4 -4  4 -1  0 -1 -1 -3 -4 -2 -2 -5 -2 -1   10   1   3   8   0   7  32   0  13   3   9   3   2   0   0   1   2   0   1   5  0.46 0.28
  194 E   -1 -1 -2  1 -6  2  6 -5 -1 -5 -3  2 -2 -4 -4 -3 -4 -4 -4 -5    4   3   2   7   0  10  55   0   1   0   3  11   1   1   0   1   0   0   0   0  1.07 0.48
  195 A    7 -5 -5 -6 -3 -5 -5 -4 -5 -5 -5 -5 -3 -6 -5 -1 -1 -6 -5 -1   87   0   0   0   0   0   0   0   0   0   1   0   0   0   0   2   4   0   0   4  1.81 0.69
  196 G   -3 -6 -1 -2 -7 -5 -3  7 -2 -8 -8 -4 -7 -7 -6 -4 -5 -7 -6 -7    1   0   3   2   0   0   2  89   1   0   0   1   0   0   0   0   0   0   0   0  2.22 0.72
  197 L   -3 -6 -7 -7 -4 -6 -6 -6 -6  2  5 -6  0  3 -6 -6 -4 -4 -2  1    1   0   0   0   0   0   0   0   0  10  65   0   2  13   0   0   0   0   1   7  1.24 0.48
  198 P   -6 -6 -7 -6 -8 -6 -5 -7 -5 -8 -7 -6 -7 -9  9 -6 -6 -9 -8 -7    0   0   0   0   0   0   0   0   0   0   0   0   0   0  99   0   0   0   0   0  3.47 1.02
  199 A    2 -1 -1  2 -5 -1  1 -3 -3 -5 -4  5 -3 -6  3 -1 -3 -5 -5 -4   22   1   2  12   0   1   8   1   0   0   1  34   0   0  14   3   0   0   0   0  0.70 0.37
  200 G   -4 -5 -2 -3 -5 -4 -2  7 -2 -8 -7 -1 -6 -7 -6 -3 -5 -7 -7 -7    0   0   2   1   0   1   3  87   1   0   0   4   0   0   0   1   0   0   0   0  2.09 0.69
  201 V    2 -3 -5 -6 -2 -5 -5 -2 -3  1  1 -5 -1 -1 -5 -3 -2 -3  0  5   21   1   0   0   1   0   0   3   1   6  12   0   1   2   0   1   1   0   4  48  0.77 0.38
  202 F   -3 -5 -6 -7 -4 -5 -6 -7 -6  3  5 -6  0  3 -6 -5 -4 -4 -3  3    1   0   0   0   0   0   0   0   0  18  49   0   1  12   0   0   0   0   0  18  1.06 0.42
  203 N   -4 -4  8 -3 -4  1 -4 -4 -2 -7 -7 -4 -6 -7 -6  2 -2 -8 -6 -7    1   0  74   0   0   7   0   0   1   0   0   0   0   0   0  15   2   0   0   0  2.08 0.74
  204 T   -2 -5 -5 -6  2 -5 -5 -6 -5  3  2 -5  2  1 -5 -3  1 -5 -3  5    3   0   0   0   5   0   0   0   0  14  22   0   4   5   0   1   7   0   0  40  0.80 0.36
  205 I   -3 -6 -7 -7 -4 -6 -6 -7 -7  4  0 -6 -1 -4 -6 -5 -3 -6 -5  6    1   0   0   0   0   0   0   0   0  23   8   0   1   0   0   0   1   0   0  66  1.59 0.58
  206 T   -3 -5 -1 -5 -2 -3 -4 -5  1 -1 -2 -4  0  0  1 -2  6 -6 -2  1    1   0   3   0   1   1   0   0   3   3   3   0   2   4   8   2  60   0   1   8  1.07 0.51
  207 G   -4 -6 -5 -5 -1 -6 -6  8 -6 -6 -8 -6 -4 -7 -6 -4 -5 -7 -7 -6    0   0   0   0   2   0   0  96   0   0   0   0   0   0   0   0   0   0   0   0  2.53 0.78
  208 R   -1  3 -1  0 -4 -1 -1 -2  0 -4 -3  2 -3 -2  1  3 -1 -4  0 -3    3  20   2   5   0   1   3   2   3   0   2  15   1   2   7  26   2   0   4   1  0.41 0.26
  209 G    0 -6 -4 -5 -6 -5 -6  7 -6 -7 -7 -5 -6 -7 -3 -1 -4 -6 -7 -5    6   0   0   0   0   0   0  86   0   0   0   0   0   0   2   4   0   0   0   1  2.09 0.68
  210 S    1  2 -1 -2 -4 -1  0  0 -1 -4 -5  0 -4 -5  0  5 -2 -5 -4 -3    9  11   2   1   0   2   6   7   1   0   0   6   0   0   4  48   1   0   0   2  0.66 0.38
  211 E   -2 -3 -3  1 -5  0  5 -5 -3 -1 -3 -1 -3 -5 -3 -1  2 -6 -5  3    3   1   0   8   0   2  43   0   0   3   2   3   0   0   1   2  12   0   0  19  0.71 0.39
  212 I   -2 -6 -6 -6 -4 -5 -6 -7 -6  6  1 -6 -1 -3 -6 -5 -1 -6 -4  5    3   0   0   0   0   0   0   0   0  49  10   0   0   0   0   0   3   0   0  34  1.33 0.50
  213 G   -2 -6 -4 -5 -4 -6 -5  7 -6 -6 -8 -6 -7 -7 -6 -2 -5 -7 -7 -4    2   0   0   0   0   0   1  92   0   0   0   0   0   0   0   3   0   0   0   2  2.32 0.74
  214 D   -3 -2  2  6 -6  2  3 -3 -3 -6 -6  0 -3 -7 -2 -2 -1 -7 -6 -6    2   1   8  53   0   9  16   1   0   0   0   4   1   0   2   1   3   0   0   0  1.22 0.49
  215 Y    2 -1 -3 -2 -3  1  0 -1 -2 -1 -1 -1 -2  1  0 -1  0  2  4  0   24   3   0   2   0   6   7   3   0   2   6   3   1   4   5   2   5   3  17   6  0.23 0.20
  216 I   -4 -6 -7 -7 -3 -5 -6 -7 -6  4  5 -6  4  1 -6 -6 -4  2 -4 -1    0   0   0   0   0   0   0   0   0  21  58   0  10   5   0   0   0   3   0   3  1.26 0.49
  217 V   -1 -5 -4 -6 -2 -3 -5 -6 -6  2  1 -5  1 -4 -5 -3  2 -6 -4  6    4   0   0   0   1   1   0   0   0  10  10   0   3   0   0   1  14   0   0  56  1.04 0.45
  218 E    0  0 -1  0 -3  0  3 -2 -1 -4 -4  1  0 -5 -3  1  4 -5 -4 -2    7   3   2   5   0   4  23   2   1   0   1   9   3   0   0   7  31   0   0   2  0.52 0.32
  219 H   -5 -4  2  5 -7 -3 -3 -6  9 -7 -7 -4 -6 -6 -6 -1 -5 -7 -3 -7    0   0  10  29   0   0   1   0  55   0   0   0   0   0   0   5   0   0   0   0  2.18 0.73
  220 Q   -3 -2 -1  2 -5 -1  2 -4 -4 -6 -6  1 -6 -7  7  0 -3 -7 -6 -5    1   2   2  11   0   2  16   1   0   0   0   9   0   0  49   6   1   0   0   0  1.31 0.51
  221 A    0  4 -1  3 -5 -1  0  1 -1 -2 -1  1 -3 -3 -4 -2 -2 -5 -2 -3    7  30   2  20   0   1   6  10   1   2   6   7   0   1   0   2   1   0   2   2  0.45 0.27
  222 V   -3 -6 -7 -7 -2 -6 -6 -7 -7  6 -1 -6 -3 -2 -1 -5 -3 -6 -5  6    1   0   0   0   1   0   0   0   0  38   2   0   0   1   4   0   1   0   0  52  1.47 0.55
  223 N    0  4  5  3 -5  0 -2 -3  0 -6 -6  3 -4 -6 -4  0 -2 -6 -5 -5    7  22  26  14   0   3   1   1   2   0   0  18   0   0   0   5   1   0   0   0  0.80 0.38
  224 F    0 -3 -4 -5  2 -3 -4 -1 -2 -1  1  2  7  3 -5 -3 -3 -4 -2  1   10   0   0   0   5   0   0   5   1   2  11  17  28  12   0   1   0   0   1   8  0.65 0.36
  225 I   -5 -6 -7 -7 -5 -6 -7 -7 -6  7  0 -6 -2  0 -6 -6 -4 -5  2  4    0   0   0   0   0   0   0   0   0  63   6   0   0   3   0   0   0   0   6  22  1.60 0.57
  226 N   -3 -3  2 -4 -5 -4 -4 -5 -5 -6 -6 -4 -5 -6 -5  5  5 -7 -6 -5    0   1   8   0   0   0   0   0   0   0   0   0   0   0   0  50  41   0   0   0  1.55 0.66
  227 F   -7 -8 -8 -8 -7 -8 -8 -8 -6 -5 -3 -8 -3 10 -9 -7 -7 -4 -1 -5    0   0   0   0   0   0   0   0   0   0   1   0   0  99   0   0   0   0   0   0  3.34 0.96
  228 T   -5 -6 -5 -6 -6 -5 -6 -6 -6 -5 -6 -5 -5 -7 -6 -3  8 -7 -6 -5    0   0   0   0   0   0   0   0   0   0   0   0   0   0   0   0 100   0   0   0  2.79 0.95
  229 G   -4 -7 -5 -6 -7 -6 -7  8 -7 -8 -8 -6 -7 -8 -7 -5 -6 -7 -8 -8    0   0   0   0   0   0   0 100   0   0   0   0   0   0   0   0   0   0   0   0  2.78 0.84
  230 S   -3 -5 -3 -5 -5 -4 -4  3 -5 -7 -7 -5 -6 -7 -5  7 -3 -7 -6 -6    0   0   0   0   0   0   0  18   0   0   0   0   0   0   0  81   0   0   0   0  1.91 0.76
  231 T    0 -2  2 -2 -2 -3 -2 -2 -4 -2 -1 -2 -2 -4  4  1  4 -5 -2  1    6   1   9   2   1   0   2   2   0   1   6   1   1   0  19   8  30   0   1  11  0.49 0.29
  232 G    2 -1 -1  2 -5  1  5  0 -2 -4 -4  0 -4 -4  1 -1 -1 -5 -4 -2   16   3   2   9   0   4  36   6   0   0   0   6   0   0   8   4   3   0   0   2  0.53 0.30
  233 I    0 -6 -5 -6 -4 -5 -6 -5 -6  2 -3 -5 -3 -5 -6 -4  4 -6 -5  6    7   0   0   0   0   0   0   0   0   8   0   0   0   0   0   0  22   0   0  63  1.39 0.57
  234 G   -4 -7 -5 -6 -7 -6 -7  8 -6 -8 -8 -6 -7 -8 -7 -3 -6 -7 -8 -8    0   0   0   0   0   0   0  98   0   0   0   0   0   0   0   1   0   0   0   0  2.69 0.82
  235 E   -2  3 -1 -2 -4  1  2 -4 -1  1  0  4 -1 -4 -4 -1 -1  2 -3 -2    3  14   2   1   0   6  13   0   1  11   8  30   1   0   0   4   2   3   0   2  0.42 0.27
  236 R    0  2  1  0 -4  1  0  0  5 -1 -1  1 -1 -2 -3  0 -1 -2 -1 -3    9  11   5   4   0   8   6   7  17   3   6   9   1   1   0   7   3   1   2   1  0.25 0.18
  237 I   -5 -7 -7 -7 -5 -6 -7 -7 -7  7  2 -6  0 -4 -7 -6 -4 -6 -5  2    0   0   0   0   0   0   0   0   0  69  19   0   2   0   0   0   0   0   0  11  1.74 0.60
  238 G    2  2 -1 -3  1 -1 -2  1  0 -3 -2  2  3 -4 -3  1 -1 -4 -2 -2   22  13   2   0   3   2   0  12   2   1   2  15   8   0   0  12   4   0   1   1  0.32 0.24
  239 K    0  3  2 -2 -5  3  3 -2 -1 -4 -4  3 -3 -5 -4  1 -2 -5 -4 -4    9  13   9   1   0  13  20   2   1   0   0  21   0   0   0   9   1   0   0   1  0.57 0.31
  240 M   -1  1  0 -2 -4  2  0 -1 -2  1  0  4  0 -3 -4 -1  0 -3 -4 -2    5   8   5   1   0   9   3   5   1   8  12  32   2   0   0   2   4   0   0   2  0.31 0.22
  241 A    6 -5 -5 -5  3 -4 -4 -1 -5 -3 -5 -4 -4 -6 -5  1  0 -6 -5 -1   69   0   0   0   7   0   0   4   0   1   0   0   0   0   0  10   6   0   0   3  1.29 0.56
  242 G    1 -3 -2 -4 -4 -4 -4  6 -3 -4 -3 -2 -5 -3 -5  0 -2 -6 -4 -4    9   1   1   0   0   0   1  67   1   1   3   2   0   1   0   8   2   0   1   1  1.28 0.49
  243 M   -1 -3 -5 -5 -4 -3 -3 -4 -1  1  4 -1  7  1 -5 -3 -2 -4 -3  0    4   1   0   0   0   0   2   1   2   8  36   4  27   6   0   1   2   0   0   6  0.78 0.37
  244 R   -4  4 -2 -5 -6 -3 -3 -6 -4  1 -5  7 -4 -6 -5 -4 -1 -7 -5  0    0  18   1   0   0   0   0   0   0   8   0  62   0   0   0   0   3   0   0   7  1.42 0.58
  245 P   -4  4 -2 -1 -7 -2 -2 -5 -2 -6 -6  6 -5 -7  4 -4 -4 -7 -5 -6    0  19   1   3   0   1   2   0   1   0   0  50   0   0  21   0   1   0   0   0  1.37 0.55
  246 I   -3 -5 -5 -6 -1 -4 -5 -6 -5  3  3 -4  1 -2 -5 -4  1 -5  1  5    1   0   0   0   1   0   0   0   0  13  23   1   3   1   0   0   8   0   6  43  0.84 0.38
  247 M    1 -3 -2 -4  0  3 -3 -2 -1 -1  0 -3  1 -4 -4  3  4 -5 -4  1   10   0   1   0   2  14   0   2   1   3   7   0   3   0   0  21  25   0   0  11  0.46 0.32
  248 L   -5 -6 -7 -8 -4 -6 -7 -7 -5 -2  6 -6  6 -2 -7 -6 -4 -5 -5 -3    0   0   0   0   0   0   0   0   0   0  76   0  22   1   0   0   0   0   0   0  1.90 0.67
  249 E   -5 -5 -5 -3 -8 -3  8 -7 -5 -8 -8 -4 -7 -8 -6 -4 -5 -8 -7 -7    0   0   0   0   0   0 100   0   0   0   0   0   0   0   0   0   0   0   0   0  2.77 0.93
  250 L   -5 -6 -7 -8 -3 -6 -7 -8 -7 -2  6 -6  5 -3 -7 -6 -5 -6 -5 -3    0   0   0   0   1   0   0   0   0   0  85   0  15   0   0   0   0   0   0   0  1.97 0.69
  251 G   -4 -7 -5 -6 -7 -6 -7  8 -7 -8 -8 -6 -7 -8 -7 -5 -6 -7 -8 -8    0   0   0   0   0   0   0 100   0   0   0   0   0   0   0   0   0   0   0   0  2.78 0.84
  252 G   -2 -5  1 -4 -6 -5 -5  6 -5 -7 -7 -5 -6 -7 -5  4 -4 -6 -6 -6    1   0   7   0   0   0   0  62   0   0   0   0   0   0   0  30   0   0   0   0  1.64 0.62
  253 K   -5 -3  7 -3 -7 -3 -4 -5  2 -7 -7  6 -6 -7 -6 -3 -4 -7 -6 -6    0   0  52   0   0   0   0   0   5   0   0  41   0   0   0   1   0   0   0   0  1.88 0.70
  254 D    2 -4  5  4 -1 -3 -3 -3 -4 -6 -6 -4 -5 -6 -5  4 -3 -7 -5 -5   18   0  25  24   1   0   0   1   0   0   0   0   0   0   0  31   0   0   0   0  1.07 0.50
  255 S    5 -6 -5 -5 -3 -5 -5 -1 -6 -5 -6 -5 -5 -7  7 -2 -3 -7 -6 -2   41   0   0   0   0   0   0   5   0   0   0   0   0   0  47   2   1   0   0   3  1.63 0.62
  256 A    2 -4  1 -4  2 -2 -4 -3 -4  0  1 -4  1  1 -4 -2  1 -4 -2  4   19   0   7   0   5   2   0   2   0   4  13   0   4   7   0   0   7   0   0  29  0.39 0.26
  257 I   -5 -7 -7 -7 -5 -7 -7 -8 -7  8  0 -7 -2 -4 -7 -6 -3 -6 -3  1    0   0   0   0   0   0   0   0   0  83   7   0   0   0   0   0   1   0   1   8  2.10 0.69
  258 V   -4 -7 -7 -7 -5 -6 -7 -7 -7  4 -2 -6 -2 -5 -6 -6 -4 -7 -5  7    0   0   0   0   0   0   0   0   0  21   1   0   0   0   0   0   0   0   0  77  1.95 0.68
  259 L   -1 -2 -3  3  1 -3 -1 -5  4 -2  3 -4  4  1 -5 -3 -2 -1 -3 -2    5   1   0  15   3   0   4   0  10   0  35   0  13   7   0   1   2   1   0   0  0.59 0.34
  260 E   -1 -1  0  4 -5  0  5 -3  0 -6 -5  2 -5 -5  1 -1 -3 -6 -5 -5    5   3   4  22   0   3  35   1   2   0   0  15   0   0   6   3   0   0   0   0  0.79 0.38
  261 D   -4 -6 -1  8 -7 -3 -2 -1 -3 -7 -7 -4 -7 -7 -6 -2 -3 -8 -5 -7    1   0   2  85   0   0   1   5   0   0   0   1   0   0   0   2   1   0   0   0  2.23 0.74
  262 A    6 -5 -5 -4  0 -4 -4 -2 -5 -2 -4 -4 -4 -5 -4 -2 -1 -6 -4  1   77   0   0   1   2   0   0   3   0   2   1   0   0   0   0   1   3   0   0   9  1.39 0.59
  263 D   -5 -4  3  8 -7 -2 -1 -5 -3 -7 -8 -3 -6 -7 -2 -4 -4 -8 -7 -6    0   0  15  76   0   1   3   0   1   0   0   1   0   0   2   0   0   0   0   0  2.10 0.71
  264 L   -4 -5 -7 -7 -5 -5 -6 -7 -6  4  5 -6  0 -2 -4 -5 -4 -5 -4  1    0   0   0   0   0   0   0   0   0  24  63   0   1   0   1   0   0   0   0   9  1.36 0.51
  265 E   -2 -3  0  6 -6  0  4 -3 -2 -5 -6  0 -4 -6 -3 -1 -2 -7 -5 -5    3   0   4  45   0   3  29   1   1   0   0   5   0   0   1   4   2   0   0   1  1.15 0.47
  266 L   -1  1 -2 -1 -4  1  1 -4 -1 -2  3  3 -1 -1 -3 -2 -2 -1 -1 -2    5   7   2   4   0   7   8   0   1   1  31  23   1   2   0   2   1   1   2   2  0.32 0.24
  267 T    6 -5 -5 -5 -3 -4 -5 -4 -5  1 -3 -4 -2 -5 -5 -2  0 -4 -2  1   73   0   0   0   0   0   0   0   0   7   2   0   1   0   0   1   5   0   2   8  1.32 0.57
  268 A    4 -5 -5 -6 -3 -5 -5 -4 -5  2 -1 -5 -1 -4 -5 -2 -2 -6 -5  5   43   0   0   0   0   0   0   0   0  10   4   0   1   0   0   2   1   0   0  38  1.02 0.47
  269 K    0  0  1  2 -5  1  3 -3 -2 -5 -4  3 -3 -5  1  1  0 -5 -4 -4    8   3   5  14   0   5  24   1   1   0   0  18   0   0   5   9   5   0   0   1  0.48 0.27
  270 N    2  3  2 -1 -3  0  1  2  0 -2 -1  0 -1 -4 -3  1 -1 -4 -4 -3   17  17  10   1   0   4   9  17   2   2   6   5   1   0   0   9   2   0   0   0  0.27 0.19
  271 I    2 -5 -4 -5  7 -5 -5 -5 -5  5  0 -5 -2 -4 -5 -2  2 -5 -4  2   15   0   0   0  21   0   0   0   0  32   7   0   1   0   0   2  11   0   0  10  0.91 0.40
  272 I    1 -4 -6 -6 -2 -5 -5 -5 -6  4  0 -4  0 -3 -5 -4 -1 -6 -4  6   14   1   0   0   1   0   0   0   0  20   8   0   2   1   0   1   2   0   0  51  1.01 0.43
  273 A    1  0  0 -2 -4  0 -1 -2 -3 -3 -2  2  0  1 -4  3  0  6 -2 -1   13   4   3   2   0   4   2   2   0   1   3  13   3   7   0  23   5  10   0   4  0.32 0.23
  274 G   -2 -2 -4 -5 -6 -4 -5  7 -2 -7 -7 -2 -2 -7 -6  1 -2 -6 -5 -6    2   3   0   0   0   0   0  76   1   0   0   2   1   0   0  12   2   0   0   0  1.70 0.60
  275 A    5 -3 -4 -5 -3 -4 -4  3 -5 -4 -5  2 -5 -6 -4  1 -3 -6 -5 -4   56   1   0   0   0   0   0  22   0   1   0  11   0   0   0   8   0   0   0   0  1.11 0.50
  276 F   -6 -7 -7 -8 -3 -7 -7 -8 -5 -4 -1 -7 -2  9 -8 -7 -6 -3  5 -5    0   0   0   0   1   0   0   0   0   0   4   0   1  78   0   0   0   0  16   0  2.60 0.79
  277 G    2  2 -1 -3 -3 -2 -3  2 -1 -3 -1 -1 -2 -3 -4  4 -1  3 -2 -2   15  10   2   0   0   0   0  17   1   1   6   3   1   0   0  33   2   4   2   3  0.44 0.29
  278 Y    0 -4  4 -4 -4 -3 -4 -5  3 -3 -3 -4 -3  2 -5  0  1 -3  6 -3    7   0  24   0   0   1   0   0   6   1   2   0   0   9   0   6  11   0  32   1  0.94 0.44
  279 S    4 -3  0 -4 -4  3 -3 -3 -4 -5 -5 -3 -3 -6 -4  4  2 -6 -5 -3   33   1   3   0   0  12   0   1   0   0   0   0   0   0   0  36  12   0   0   1  0.94 0.48
  280 G   -4 -7 -5 -6 -7 -4 -6  8 -6 -8 -8 -6 -7 -8 -7 -4 -6 -7 -8 -8    0   0   0   0   0   1   0  99   0   0   0   0   0   0   0   0   0   0   0   0  2.70 0.83
  281 Q   -6 -4 -5 -5 -8  9 -3 -7 -4 -8 -7 -3 -5 -8 -6 -5 -5 -7 -6 -7    0   0   0   0   0  99   0   0   0   0   0   0   0   0   0   0   0   0   0   0  3.19 1.05
  282 R   -1  5  1 -4 -4 -3 -4 -5 -4  1 -3  1 -2 -5 -5 -2  1 -6 -4  4    5  33   7   0   0   0   0   0   0   6   0   7   0   0   0   2   7   0   0  31  0.74 0.39
  283 C   -5 -8 -8 -8 12 -8 -9 -8 -8 -6 -6 -8 -6 -7 -8 -6 -6 -7 -7 -6    0   0   0   0  99   0   0   0   0   0   0   0   0   0   0   0   0   0   0   0  4.45 1.14
  284 T   -4 -5 -4 -5 -4 -5 -5 -6 -6  6 -1 -5  2 -4 -5 -3  5 -6 -5  0    0   0   1   0   0   0   0   0   0  44   4   0   6   0   0   1  40   0   0   4  1.34 0.55
  285 A    5 -5 -4 -4  3 -4 -4  0 -3 -5 -5 -4 -5 -6 -4  5 -3 -6 -5 -4   44   0   0   0   6   0   0   8   1   0   0   0   0   0   0  41   0   0   0   0  1.22 0.55
  286 V   -1 -5 -3 -5  3 -5 -5 -5 -5  3  1 -5 -2 -4 -4 -2  2 -5 -4  5    5   0   1   0   6   0   0   0   0  16  11   0   0   0   0   2  16   0   0  41  0.80 0.37
  287 K   -4 -3  2 -4 -6  6 -2 -3 -4 -6 -6  4 -5 -7 -5  3 -4 -6 -5 -6    0   0  11   0   0  43   1   1   0   0   0  24   0   0   0  20   0   0   0   0  1.32 0.59
  288 R   -5  9 -5 -6 -8 -3 -4 -7 -5 -4 -4 -2 -4 -7 -6 -5 -5 -7 -4 -3    0  93   0   0   0   0   0   0   0   1   1   1   0   0   0   0   0   0   1   3  2.59 0.84
  289 V   -3 -5 -6 -7 -4 -6 -6 -7 -6  6  0 -6  0 -2 -6 -5 -3 -6 -4  6    1   0   0   0   0   0   0   0   0  40   8   0   1   1   0   0   1   0   0  48  1.45 0.53
  290 L   -4 -5 -6 -7 -2 -5 -6 -7 -3  4  3 -6 -1  3 -6 -5 -5 -3  7 -2    0   0   0   0   1   0   0   0   0  24  23   0   1  10   0   0   0   0  38   1  1.33 0.51
  291 V    0 -6 -7 -7 -5 -6 -6 -5 -7  2 -1 -6 -3 -5 -6 -5 -1 -7 -5  7    6   0   0   0   0   0   0   1   0   8   4   0   0   0   0   0   3   0   0  79  1.70 0.63
  292 M   -2 -4 -2 -1 -6  3  1 -5  9 -4 -2 -3  3 -4 -5 -3 -1 -6 -3 -1    2   0   2   3   0  13   8   0  48   1   4   1   8   0   0   1   3   0   0   5  1.36 0.55
  293 E   -1  2  0  2 -5  1  5 -4 -2 -6 -6  2 -5 -6 -4 -1 -3 -6 -5 -5    4  11   4  12   0   6  45   0   1   0   0  11   0   0   0   4   1   0   0   0  0.93 0.42
  294 S    0 -1  1  3 -3  0  2 -1 -2 -5 -5  2 -4 -4 -1  3  0 -5 -4 -4    8   2   5  15   0   3  16   5   0   0   0  11   0   1   3  27   4   0   0   0  0.45 0.27
  295 V   -3 -2 -5 -6 -3 -4 -6 -7 -3  6  0 -4 -1 -3 -6 -4 -3 -6 -4  5    1   2   0   0   0   0   0   0   1  40   7   1   0   0   0   1   0   0   0  45  1.28 0.49
  296 A    3 -3 -4 -5 -3 -2 -3 -4  2 -2 -2  1 -2  2 -5 -3 -3 -1  7 -1   29   1   0   0   1   1   2   0   4   2   3   9   1   7   0   0   0   1  36   3  0.91 0.43
  297 D   -2 -3  0  6 -6  0  4 -3 -2 -6 -6 -1 -6 -7 -3 -2 -4 -7 -5 -6    3   1   3  52   0   4  27   1   1   0   0   3   0   0   1   3   0   0   0   0  1.32 0.52
  298 E    1  0 -2  1 -4  2  5 -4 -2 -4 -3  2 -4 -5 -1  0  0 -5 -4 -2   14   4   1   8   0   8  37   0   0   0   2  11   0   0   3   4   5   0   0   2  0.60 0.33
  299 L   -5 -7 -7 -8 -6 -7 -7 -7 -6 -3  3 -7 -3  8 -7 -6 -5 -1  0 -3    0   0   0   0   0   0   0   0   0   0  28   0   0  68   0   0   0   1   1   2  2.11 0.69
  300 V    0 -1 -4 -4  1 -1  0 -4 -4  2  1  0  0 -3 -4 -2  2 -5 -3  4    7   2   0   0   3   2   6   0   0  10  12   7   2   0   0   2  13   0   0  33  0.38 0.25
  301 E    1 -1  0  3 -4  1  5 -2 -2 -4 -5  1 -4 -5 -1  0 -1 -5 -4 -4   10   2   5  14   0   6  37   2   0   0   0   9   0   0   3   7   3   0   0   0  0.63 0.33
  302 K    0  3 -3 -3 -5  1  0 -3 -1 -2  1  5  1 -4 -3 -2 -2 -5 -3 -3    9  15   0   1   0   5   4   1   1   2  12  41   4   0   1   1   1   0   1   1  0.62 0.34
  303 I   -2 -5 -6 -7 -3 -5 -6 -6 -5  1  4 -6  1  6 -6 -5 -3 -3  0  1    3   0   0   0   0   0   0   0   0   7  44   0   2  32   0   0   1   0   3   9  1.10 0.43
  304 R    0 -1 -2 -3 -1 -1 -2 -4 -4  2  1  3 -1 -3 -4 -2  0 -5 -3  4    8   2   2   1   1   2   1   0   0  10  15  20   1   0   0   2   5   0   0  31  0.42 0.27
  305 E    2 -1 -1  1 -4  1  5 -3 -1 -4 -3  1 -2 -5 -1  0  0 -5 -4 -3   21   2   3   6   0   6  37   0   1   1   2   8   1   0   2   5   4   0   0   1  0.57 0.32
  306 K    2  3 -2 -3 -3  1  3 -2  0 -4 -3  4 -3 -3 -4 -1 -2 -5 -3 -3   16  17   1   0   0   7  19   2   2   1   3  27   0   1   0   2   1   0   1   1  0.58 0.32
  307 V    2 -5 -5 -5 -3 -4 -5 -5 -5  2 -1 -4  2 -4 -5 -2  4 -6 -4  4   15   0   0   0   0   0   0   0   0  11   3   0   6   0   0   1  29   0   0  35  0.88 0.43
  308 L    1  1  0 -1 -4  1  3 -2 -2 -5 -3  4 -3 -5 -4  1 -2 -5 -4 -4   12   7   5   2   0   5  21   3   0   0   2  33   0   0   0   9   1   0   0   0  0.61 0.33
  309 A    1  1  1 -1 -4  3  1 -1 -2 -5 -4  5 -3 -5 -4  0 -1 -5 -4 -4   12   5   5   3   0  13   9   5   0   0   1  37   0   0   0   6   4   0   0   0  0.60 0.33
  310 L   -5 -6 -7 -7 -4 -5 -6 -7 -6  2  6 -6  1 -1 -6 -6 -4 -1  0 -1    0   0   0   0   0   0   0   0   0  10  79   0   2   2   0   0   0   1   4   2  1.53 0.56
  311 T   -3  2 -1 -4 -3  0 -2 -4 -2 -2 -4  5 -4 -5 -3  0  3 -6 -5  1    1  12   2   0   1   3   1   0   1   2   0  42   0   0   1   6  18   0   0  10  0.78 0.41
  312 I   -2 -5 -6 -6 -3 -5 -5 -4 -6  4  1 -4  2 -1 -5 -3  0 -5 -2  6    3   0   0   0   0   0   0   1   0  20   8   1   4   2   0   1   4   0   1  53  1.01 0.43
  313 G   -4 -7 -5 -5 -7 -6 -7  8 -7 -8 -8 -6 -7 -8 -7 -5 -6 -7 -8 -7    0   0   0   0   0   0   0 100   0   0   0   0   0   0   0   0   0   0   0   0  2.75 0.84
  314 N   -3 -3  5  6 -6 -2 -2 -4  0 -6 -4 -2  0 -6 -1  1 -3 -7 -3 -5    2   1  26  50   0   1   1   0   2   0   1   1   3   0   3   8   0   0   1   0  1.28 0.52
  315 P   -4 -6 -5 -5 -7 -3 -5  3 -6 -6 -5  0 -6 -7  8 -3 -5 -7 -7 -6    1   0   0   0   0   1   0  23   0   0   1   6   0   0  65   2   0   0   0   0  2.04 0.70
  316 E   -1  0 -2 -2 -4 -1  2 -5 -2 -1  4 -2  3  1 -5 -1 -2 -4 -2 -2    5   4   1   1   0   2  17   0   1   1  46   2   8   5   0   4   2   0   1   1  0.50 0.30
  317 D   -4 -4  0  7 -7 -1  5 -5 -4 -7 -7 -2 -6 -7 -2 -1 -4 -7 -6 -6    1   0   4  52   0   1  33   0   0   0   0   2   0   0   2   3   0   0   0   0  1.54 0.58
  318 D   -4 -3  3  4 -6 -1  5  0 -2 -6 -6 -1 -5 -6  1 -1 -2 -6 -5 -5    0   0  13  26   0   1  35   7   1   0   0   2   0   0   7   4   3   0   0   0  0.90 0.41
  319 A    1 -5 -2 -5  2 -4 -4 -4 -4 -2 -4 -3 -3 -5 -3  0  6 -6 -5  2   11   0   1   0   5   0   0   1   0   1   0   1   0   0   1   5  60   0   0  13  1.18 0.54
  320 D   -3 -4  0  6 -6  0  0 -4 -3 -3 -4 -1 -2 -3 -5 -2  1  4 -2 -1    2   0   3  55   0   4   5   0   0   2   1   4   1   1   0   1   8   5   1   5  1.05 0.45
  321 I   -4 -6 -6 -7 -5 -4 -6 -7 -6  6  0 -6  5 -2 -6 -5 -4 -6 -3  5    0   0   0   0   0   1   0   0   0  40   5   0  17   1   0   0   0   0   1  35  1.40 0.53
  322 T   -2 -5 -4 -5 -4 -5 -5  6 -5 -4 -6 -5 -5 -6 -5  2  2 -6 -6  0    1   0   0   0   0   0   0  64   0   1   0   0   0   0   0  13  15   0   0   6  1.41 0.55
  323 P    1 -6 -6 -5 -1 -5 -5 -6 -5 -7 -7 -5 -5 -8  8 -2 -3 -8 -7 -5   14   0   0   0   2   0   0   0   0   0   0   0   0   0  79   3   1   0   0   1  2.46 0.80
  324 L   -3 -5 -6 -7  2 -4 -6 -7 -6  0  5 -5  7 -3 -6 -4 -4 -5 -4  3    1   0   0   0   4   0   0   0   0   4  47   0  26   0   0   1   0   0   0  18  1.27 0.50
  325 I    0 -7 -7 -7 -5 -7 -7 -7 -7  8 -2 -7 -3 -4 -7 -6 -4 -7 -5  2    7   0   0   0   0   0   0   0   0  81   0   0   0   0   0   0   0   0   0  12  2.07 0.69
  326 D   -2 -3  5  4 -5 -3 -2 -3  1 -6 -6 -3 -5 -6 -5  4  1 -7 -5 -5    2   1  27  26   0   0   1   1   3   0   0   0   0   0   0  32   8   0   0   0  1.09 0.49
  327 T   -1  1  0  0 -5  1  5 -2 -1 -4 -3  2 -3 -5  0 -1 -1 -5 -4 -3    5   6   3   5   0   6  43   2   1   1   2  11   0   0   5   3   4   0   0   2  0.63 0.34
  328 K    1  1  1  1 -5  1  1  0 -1 -5 -5  4 -4 -5 -3  1 -1 -5 -4 -4   11   7   7   8   0   5   7   6   1   0   0  32   0   0   1  12   3   0   0   0  0.49 0.28
  329 S    3 -3 -2  1 -5  4  4 -2 -2 -5 -5 -3 -4 -6 -4  3 -3 -6 -5 -4   27   0   1   6   0  17  27   2   0   0   0   0   0   0   0  19   0   0   0   0  0.81 0.43
  330 A    5 -2 -5 -5  0 -2 -4 -3 -4 -1  1 -4 -1 -1 -4 -2 -1 -5 -2  2   54   2   0   0   2   2   0   0   0   2  16   0   1   2   0   1   3   0   1  14  0.77 0.41
  331 D   -2 -1  2  4 -5  2  4 -3 -2  0 -3  1 -2 -5 -4 -2 -2 -6 -5 -3    3   3  10  26   0   8  26   1   0   7   1  10   1   0   0   1   1   0   0   2  0.63 0.33
  332 Y   -4  6 -1 -4 -6 -2 -3 -4 -2 -5 -5  2 -3  4 -5 -3  0 -1  1 -4    1  49   3   0   0   1   1   1   1   0   0  14   0  17   0   1   6   1   4   0  1.14 0.49
  333 V    1 -6 -6 -6 -2 -5 -5 -6 -6  5 -1 -5 -1 -4 -5 -3 -1 -6 -4  5   12   0   0   0   0   0   0   0   0  30   3   0   1   0   0   2   4   0   0  47  1.13 0.47
  334 E   -2 -2 -2  0 -3  3  5 -4  1 -2  1  1  1 -3 -4 -2 -2  0 -3 -2    2   1   1   3   0  14  37   1   3   2  17   7   3   0   0   1   1   1   1   3  0.57 0.33
  335 G    0  0  1  1 -4  1  3  2  0 -4 -4  1 -3 -4 -3  2 -1 -5 -3 -4    7   4   6   7   0   6  20  15   2   0   0  10   0   1   0  20   3   0   1   0  0.39 0.24
  336 L   -5 -5 -6 -2 -6 -3 -6 -6  2 -4  3 -5  0 -2 -7 -4 -5 10  5 -3    1   1   0   3   0   1   0   0   5   0  27   0   2   1   0   1   0  40  18   1  1.90 0.65
  337 I   -4 -6 -7 -7 -4 -6 -6 -7 -7  6  0 -6  0 -2 -6 -5 -3 -6 -3  5    1   0   0   0   0   0   0   0   0  52   5   0   2   1   0   0   1   0   1  38  1.55 0.56
  338 N   -1  0  2  3 -6  3  4 -3  0 -5 -4  2 -1 -5 -4 -1 -2 -6 -4 -4    4   4  10  17   0  13  31   1   2   0   1  10   2   0   0   3   1   0   0   1  0.69 0.34
  339 D   -2 -3 -2  5 -6 -1  5 -5 -3  1 -4  0 -4 -5 -5 -2 -2 -6 -5 -3    3   1   1  33   0   2  38   0   0  11   1   6   0   0   0   2   1   0   0   1  1.01 0.45
  340 A    6 -5 -5 -5 -4 -5 -5  2 -5 -5 -6 -5 -5 -6 -5  0 -2 -6 -6 -4   76   0   0   0   0   0   0  17   0   0   0   0   0   0   0   6   2   0   0   0  1.59 0.64
  341 N   -2  1 -3 -4 -3  0 -1 -5 -3  2  1  4 -2 -4 -4 -3 -2 -5 -4  4    1   7   0   0   0   5   3   0   0  11  12  26   0   0   0   1   2   0   0  31  0.54 0.31
  342 D    2 -1  1  2 -5  3  4 -2 -2 -4 -4  1 -3 -5 -4  1 -2 -5 -4 -4   17   2   5   9   0  14  28   3   1   0   1   9   0   0   0   9   1   0   0   1  0.53 0.30
  343 K    0  0  0  0 -5  3  4 -1  0 -5 -3  4 -1 -6 -4 -1 -3 -5 -4 -5    6   3   4   4   0  15  25   4   2   0   2  30   2   0   0   3   0   0   0   0  0.69 0.36
  344 G   -4 -6 -2 -4 -7 -5 -5  8 -6 -8 -8 -3 -7 -7 -6 -4 -5 -7 -7 -7    0   0   2   0   0   0   0  95   0   0   0   1   0   0   0   0   0   0   0   0  2.50 0.78
  345 A    7 -6 -6 -6 -5 -5 -5 -1 -6 -6 -6 -5 -5 -7 -5 -3 -4 -7 -6 -4   94   0   0   0   0   0   0   5   0   0   0   0   0   0   0   0   0   0   0   0  2.13 0.78
  346 T   -2  2 -1 -1 -5  0  2 -4 -1 -2 -4  4 -3 -5 -4 -1  3 -5 -4 -1    2  12   3   2   0   3  12   0   1   2   1  30   0   0   0   4  22   0   0   6  0.57 0.33
  347 A   -2 -4 -6 -6 -3 -4 -4 -6 -6  4  4 -3 -1  0 -4 -4 -3 -5 -4  4    4   1   0   0   0   0   1   0   0  19  43   1   0   4   0   0   1   0   0  25  0.88 0.38
  348 L    0 -3 -5 -5  1 -3  0 -5 -1  2  4 -3  0 -3 -5 -3 -3 -5 -4  3    9   1   0   0   3   1   6   0   2  11  44   1   1   0   0   1   0   0   0  20  0.61 0.31
  349 T    0 -3 -3 -4  5  0 -4 -4  0  1  0 -3 -2 -1 -4 -1  4 -3  2  0    9   1   0   0  13   5   0   0   3   7   9   0   1   2   0   3  33   0   8   7  0.54 0.32
  350 E   -4 -6 -4 -2 -7 -4 -1  7 -5 -8 -8 -5 -7 -7 -2 -3 -5 -7 -7 -7    0   0   0   2   0   0   5  88   0   0   0   0   0   0   2   1   0   0   0   0  2.17 0.71
  351 I   -3 -5  1 -2 -6 -5 -5  7 -5 -3 -7 -5 -6 -4 -5 -4 -5  2  0 -5    1   0   7   2   0   0   0  80   0   2   0   0   0   1   0   0   0   2   4   1  1.83 0.63
  352 K   -3  2  1 -1 -5  1  2 -3  1 -3 -5  5 -3 -5 -4 -1  0 -5 -2 -3    1   8   6   3   0   6  15   1   3   1   0  42   0   0   0   3   6   0   1   1  0.73 0.36
  353 R    0  7 -3 -4 -4  0 -2 -4 -1 -1 -3  1 -3 -2 -5 -1 -2 -5 -3 -1   10  57   0   0   0   4   2   0   1   5   1   6   0   2   0   3   2   0   1   5  1.04 0.46
  354 E   -2  0  3  2 -4  1  4 -2  1 -3 -5  2 -3 -5 -3 -1 -1 -5 -2 -3    1   4  14  12   0   5  33   2   3   1   0  13   1   0   0   3   3   0   1   2  0.60 0.31
  355 G   -2 -2  0  0 -5 -4 -1  7 -4 -7 -7 -1 -6 -6 -5 -3 -5 -6 -4 -6    2   2   4   5   0   0   4  75   0   0   0   5   0   0   0   1   0   0   1   0  1.61 0.57
  356 N    2  0  5 -2 -3 -2 -3 -2  0 -4 -3 -3 -4  2 -3  0  1 -2  3 -3   16   5  35   0   0   1   0   3   2   0   1   0   0   8   1   8   7   1   9   1  0.60 0.34
  357 L   -3 -5 -5 -6 -2 -4 -5 -5 -3  2  3 -5  1  5 -5 -4 -2 -1  4  2    1   0   0   0   1   0   0   1   0   9  30   0   3  25   0   1   3   1  13  12  0.80 0.35
  358 I   -4 -5 -6 -6 -3 -5 -6 -6 -2  4  2 -5  3  4 -6 -5 -4 -2  5  2    0   0   0   0   0   0   0   0   1  21  21   0   6  18   0   0   0   0  18  15  0.92 0.38
  359 C    0 -1 -3 -2 -3  3  4 -4  2 -4 -2 -1 -2 -2 -2  0  0  5  3 -4    9   2   0   1   0  12  30   0   4   0   4   2   1   0   1   5   5   8  12   0  0.57 0.33
  360 P   -3 -7 -7 -6 -8 -6 -6 -7 -7 -8 -8 -6 -7 -9  9 -5 -6 -9 -8 -7    2   0   0   0   0   0   0   0   0   0   0   0   0   0  98   0   0   0   0   0  3.39 1.01
  361 I    0 -5 -4 -5 -3 -5 -5 -5 -5 -3 -2 -5 -2 -6 -5 -3  8 -7 -5 -2    6   0   0   0   0   0   0   0   0   1   4   0   1   0   0   0  84   0   0   3  1.97 0.76
  362 L   -4 -6 -7 -7 -4 -6 -6 -7 -7  5  3 -6 -2 -3 -6 -5 -4 -6 -4  5    0   0   0   0   0   0   0   0   0  30  24   0   0   0   0   0   0   0   0  45  1.35 0.51
  363 F   -5 -6 -6 -7 -5 -6 -6 -7 -6  2  5 -6  2  5 -6 -6 -4 -4 -2  1    0   0   0   0   0   0   0   0   0  11  53   0   5  23   0   0   0   0   0   7  1.23 0.47
  364 D    0 -3 -2  4 -3 -2  1 -3 -4 -2 -1 -3 -3 -4 -4  0  4 -6 -4 -1    8   1   1  28   0   1   7   1   0   2   7   1   0   0   0   6  32   0   0   5  0.62 0.35
  365 K   -4 -1  6  4 -5 -1 -1  1  4 -6 -5 -2 -5 -4 -5 -2 -4 -6 -2 -6    0   2  39  25   0   2   4   9  12   0   1   2   0   1   0   1   0   0   1   0  1.14 0.47
  366 V    0 -6 -7 -7 -2 -6 -6 -6 -7  0 -3 -5 -3 -5 -2 -5 -2 -7 -5  7    7   0   0   0   1   0   0   0   0   2   0   0   0   0   2   0   2   0   0  84  1.84 0.68
  367 T   -1  0  1  1 -5 -1 -2 -3 -1 -4 -4  2 -4 -5  3  0  5 -5 -5 -4    3   5   6   7   0   3   2   1   2   0   1  11   0   0  14   6  40   0   0   0  0.68 0.37
  368 T    0  0  1  1 -4 -1  1 -3  1 -3 -2  1 -3 -5  5  0  1 -4 -4 -3    6   5   6   7   0   2  10   1   3   1   3   7   0   0  30   8   9   0   0   1  0.55 0.27
  369 D   -3 -2  2  6 -5  0  2 -2  1 -6 -5  0 -5 -6 -4  0  0 -5 -5 -5    2   1   8  48   0   3  15   3   3   0   0   4   0   0   0   6   5   0   0   0  1.00 0.43
  370 M    0 -6 -3 -5  2 -3 -4 -6 -3 -3 -1 -5 10 -3 -6  0 -3 -6 -5 -3    8   0   1   0   4   1   1   0   1   0   4   0  71   1   0   6   1   0   0   1  2.18 0.78
  371 R   -2  5 -1  0 -5 -1 -1 -5 -2 -2 -3  5 -3 -4  0 -1  0 -6 -4 -3    3  32   2   4   0   2   3   0   1   2   3  32   0   0   5   3   5   0   0   2  0.75 0.37
  372 L   -3 -6 -6 -7  1 -6 -6 -7 -6  6  2 -6 -1 -3 -6 -5 -4 -6 -5  5    1   0   0   0   3   0   0   0   0  42  17   0   0   0   0   0   0   0   0  37  1.33 0.50
  373 A    5 -4 -2 -5  2 -3 -4 -3 -3 -1 -3 -4  2  0 -4  2 -2 -3 -2  2   49   0   2   0   4   0   0   1   0   3   0   0   6   4   0  14   0   0   1  16  0.77 0.41
  374 W   -2  2 -1 -3  7  3 -3 -5 -1 -4 -5  2 -4 -4 -5 -1 -2  8 -2 -4    3  10   3   1  24  16   1   0   1   0   0  11   0   0   0   4   2  22   1   1  1.25 0.50
  375 E   -4 -2  1  0 -7  3  7 -5 -3 -4 -5 -1 -2 -6 -5 -3 -4 -6 -5 -4    1   1   6   4   0  14  65   0   0   1   1   3   1   0   0   1   1   0   0   1  1.43 0.59
  376 E   -5 -5 -5 -3 -8 -3  8 -7 -5 -8 -8 -4 -7 -8 -6 -5 -5 -8 -7 -7    0   0   0   0   0   0 100   0   0   0   0   0   0   0   0   0   0   0   0   0  2.79 0.94
  377 P    0 -5 -5 -5 -4 -3 -5 -5 -6  5 -2 -5 -3 -4  4 -3  2 -6 -5  4    8   0   0   0   0   1   0   0   0  29   2   0   0   0  21   1  11   0   0  27  0.90 0.41
  378 F   -7 -8 -8 -8 -7 -8 -8 -8 -6 -5 -4 -8 -5 10 -9 -7 -7 -4 -1 -6    0   0   0   0   0   0   0   0   0   0   0   0   0 100   0   0   0   0   0   0  3.40 0.97
  379 G    3 -6 -5 -5 -6 -5 -6  7 -6 -7 -7 -5 -6 -7 -6 -4 -5 -7 -7 -6   25   0   0   0   0   0   0  75   0   0   0   0   0   0   0   0   0   0   0   0  1.99 0.68
  380 P   -5 -7 -7 -6 -8 -6 -6 -7 -7 -8 -8 -6 -7 -9  9 -5 -6 -9 -8 -7    0   0   0   0   0   0   0   0   0   0   0   0   0   0 100   0   0   0   0   0  3.49 1.03
  381 V   -2 -6 -7 -7 -5 -6 -6 -6 -7  3  0 -6 -2 -4 -6 -5 -4 -7 -5  7    2   0   0   0   0   0   0   0   0  16   6   0   0   0   0   0   0   0   0  75  1.72 0.62
  382 L    1 -4 -6 -6 -4 -5 -5 -5 -6  2  3 -5 -1 -2 -5 -3 -2 -5 -4  5   13   0   0   0   0   0   0   0   0   9  26   0   1   1   0   1   2   0   0  47  0.94 0.41
  383 P    2 -4 -2 -4  0 -4 -4 -2 -3  0 -1 -4 -2 -5  5  3  1 -6 -5  0   15   0   1   0   2   0   0   2   1   5   6   0   1   0  32  22   7   0   0   6  0.73 0.37
  384 I   -4 -6 -6 -7 -3 -6 -6 -7 -6  6  2 -6  0 -1 -6 -5 -4 -6 -4  4    0   0   0   0   0   0   0   0   0  44  21   0   1   2   0   0   0   0   0  31  1.31 0.49
  385 I   -2 -4  2 -3 -4 -2 -3 -5 -3  6  0 -4  2  1 -5 -2  0 -3  1  1    3   0  10   1   0   2   2   0   0  49   5   0   5   5   0   2   4   0   4   6  0.72 0.36
  386 R   -2  5 -3 -4 -6 -1  0 -5 -4 -5 -5  3 -5 -6  5  0  1 -6 -5 -4    3  30   0   0   0   1   6   0   0   0   0  17   0   0  25   8   8   0   0   0  0.94 0.43
  387 V   -1 -6 -6 -6  0 -5 -6 -6 -4  2 -2 -5 -2  5 -6 -5 -3 -3  4  5    5   0   0   0   2   0   0   0   0  11   1   0   0  21   0   0   0   0  16  43  1.14 0.47
  388 T   -1  1  1  3 -4  0  2 -2 -1 -4 -5  4 -4 -5 -3  2  0 -5 -4 -4    5   5   7  18   0   4  11   3   1   0   0  24   0   0   1  15   6   0   0   0  0.50 0.28
  389 S   -3 -3  2  4 -4 -3 -1 -2 -2 -5 -6 -3 -5 -6 -4  4  4 -6 -5 -5    0   1   9  23   0   0   3   2   1   0   0   0   0   0   0  38  22   0   0   0  0.98 0.48
  390 V   -2 -4 -4  0 -4 -3  2 -5 -3  3  2 -2  1  3 -3 -3 -2  1  0  2    2   0   0   5   0   0  14   0   0  16  23   2   3  13   1   1   1   2   3  15  0.37 0.23
  391 E   -2 -3 -1  5 -7  0  6 -4 -3 -6 -6 -1 -6 -5 -5 -2 -3 -7 -5 -5    3   0   2  28   0   4  54   0   0   0   0   3   0   0   0   2   1   0   0   0  1.39 0.56
  392 E   -3 -4 -3  1 -8  1  7 -6 -1 -7 -7 -2 -6 -7 -5 -3 -3 -5 -6 -6    2   0   0   7   0   4  82   0   1   0   0   1   0   0   0   1   1   0   0   0  1.97 0.73
  393 A    7 -5 -5 -6 -1 -5 -5  0 -6 -4 -5 -5  1 -5 -5 -3 -4 -6 -6  1   80   0   0   0   1   0   0   7   0   0   0   0   3   0   0   0   0   0   0   8  1.60 0.64
  394 I   -5 -7 -7 -7 -5 -6 -7 -7 -7  7  1 -6 -1 -1 -6 -6 -4 -6 -5  3    0   0   0   0   0   0   0   0   0  70  11   0   0   2   0   0   0   0   0  16  1.75 0.60
  395 E    1  2  0  1 -4  1  5 -3  2 -5 -5  2 -3 -5 -4  0 -1 -5 -3 -4   13   9   3   8   0   5  35   1   5   0   0  11   0   0   0   4   4   0   0   0  0.60 0.32
  396 I   -1  0 -3 -3 -2  0  0 -4  2  3  2  0  2 -1 -4 -3 -2 -1 -1  2    6   7   0   0   0   5   7   0   5  20  19   5   7   2   0   0   0   1   2  13  0.25 0.18
  397 S    5 -5  0 -5  2 -4 -4 -3 -5 -1 -2 -4 -3 -5 -4  0 -1 -6 -5  3   52   0   6   0   5   0   1   0   0   3   3   0   0   0   0   7   2   0   0  21  0.87 0.44
  398 N   -6 -5  9 -2 -8 -5 -5 -5 -4 -8 -8 -4 -7 -8 -7 -4 -5 -9 -7 -8    0   0  98   1   0   0   0   0   0   0   0   0   0   0   0   0   0   0   0   0  3.11 0.97
  399 K    0  0  3  5 -4  0  1  0  0 -5 -5  1 -3 -6 -4  1 -3 -6 -5 -5    8   5  13  38   0   5   8   6   2   0   0   7   0   0   0   8   0   0   0   0  0.72 0.34
  400 S   -2 -5 -1 -4 -4 -4 -4 -3 -3 -3 -4 -4 -4 -6 -4  6  3 -6 -4  2    0   0   2   0   0   0   0   1   0   1   1   0   0   0   0  60  18   0   0  16  1.25 0.59
  401 E   -2  2  2  2 -2  1  3 -4 -2 -1 -4  1 -3 -4  2  0 -2 -5 -4 -2    2  14  10  12   1   4  24   0   0   4   0  10   0   0   9   5   2   0   0   2  0.46 0.26
  402 Y   -6 -6 -7 -8 -7 -6 -7 -8 -3 -5 -3 -7 -2  6 -8 -6 -6 -2  9 -5    0   0   0   0   0   0   0   0   0   0   3   0   1  29   0   0   0   0  68   0  2.69 0.84
  403 G   -2 -7 -5 -6 -7 -6 -6  8 -6 -8 -8 -5 -7 -8 -6 -4 -6 -7 -7 -7    2   0   0   0   0   0   0  97   0   0   0   0   0   0   0   0   0   0   0   0  2.62 0.81
  404 L   -6 -6 -8 -8 -5 -6 -7 -8 -7 -2  7 -7 -2 -4 -7 -7 -5 -6 -5 -3    0   0   0   0   0   0   0   0   0   0 100   0   0   0   0   0   0   0   0   0  2.24 0.75
  405 Q    0 -3  0 -3 -6  8 -2 -5  1 -7 -6 -3 -4 -7 -5  3 -3 -6 -5 -6    7   0   3   1   0  61   1   0   3   0   0   0   0   0   0  24   0   0   0   0  1.67 0.70
  406 A    6 -5 -4 -5 -3 -4 -4  2 -5 -4 -5 -4 -5 -6 -5  3 -2 -6 -5 -2   66   0   0   0   0   0   0  12   0   0   0   0   0   0   0  18   1   0   0   2  1.32 0.57
  407 S    1 -5 -4 -4  3 -4 -5  5 -5 -6 -6 -4 -5 -5 -5  4 -3 -5  1 -5   11   0   0   0   6   0   0  45   0   0   0   0   0   0   0  32   0   0   6   0  1.19 0.51
  408 I   -4 -6 -7 -7 -3 -6 -6 -7 -7  6  0 -6 -2 -2 -6 -6 -4 -6 -5  5    0   0   0   0   0   0   0   0   0  48   7   0   0   2   0   0   0   0   0  43  1.57 0.56
  409 F   -6 -7 -7 -8 -2 -5 -7 -7 -1 -3 -4 -7 -4  9 -8 -6 -6 -3  6 -3    0   0   0   0   1   0   0   0   2   1   0   0   0  73   0   0   0   0  21   2  2.49 0.77
  410 T   -4 -6 -4 -5 -2 -5 -5 -5 -6 -5 -6 -5 -5 -7 -6  0  8 -7 -6 -5    0   0   0   0   1   0   0   1   0   0   0   0   0   0   0   5  92   0   0   0  2.41 0.86
  411 N   -2  3  4 -1 -5  3  1 -3 -2 -5 -5  3 -4 -6 -3  1  0 -6 -4 -5    2  18  24   2   0  13   8   1   0   0   0  16   0   0   1  10   6   0   0   0  0.67 0.34
  412 D   -5 -3  6  6 -7 -2 -2 -4 -2 -6 -7 -3 -6 -7 -5  1 -3 -8 -6 -5    0   1  34  50   0   1   1   0   1   0   0   1   0   0   0   8   0   0   0   1  1.65 0.61
  413 F   -4 -4 -5 -6 -4 -5 -5 -6 -6  6  3 -5  2  0 -6 -5 -2 -5 -2  2    0   1   0   0   0   0   1   0   0  47  26   0   5   3   0   0   1   0   1  14  1.10 0.43
  414 P   -1 -1  5  3 -5  1  1  0  2 -5 -5  0 -3 -4 -1  1 -1 -5 -3 -4    3   3  28  16   0   7  10   6   5   0   0   6   0   1   2   8   2   0   0   0  0.55 0.29
  415 R   -1  4  1 -1 -4  0 -1 -4  1 -2 -1  3 -2 -2 -4 -1  1 -4 -3 -2    5  24   7   4   0   4   3   0   4   2   7  24   1   1   0   3   9   0   0   3  0.40 0.25
  416 A    6 -5 -5 -6 -3 -5 -5  0 -5  0 -4 -5  1 -5 -5 -1 -3 -6 -5  0   77   0   0   0   0   0   0   6   0   5   1   0   4   0   0   2   1   0   0   5  1.42 0.59
  417 F   -4 -3 -3 -6 -5 -3 -5 -6  0  1  2 -4  5  6 -6 -4 -3  2  1 -1    0   2   1   0   0   1   0   0   3   9  20   1  13  39   0   0   1   2   4   3  0.98 0.40
  418 G   -1  3  0  0 -5  2  1 -3  1 -3 -2  3 -1 -2 -4 -1 -1 -3  3 -3    6  20   3   4   0  10   8   1   3   1   4  17   1   1   0   4   4   0  11   1  0.37 0.24
  419 I    4 -5 -5 -5  1 -4 -5 -4 -5  3 -1 -4  1  3 -5 -3 -2 -5 -3  2   43   0   0   0   2   0   0   0   0  17   5   0   3  12   0   0   1   0   0  14  0.77 0.39
  420 A    5 -4 -4 -5 -3 -1 -4 -2 -5  3 -3 -4  2 -1 -3  1  0 -4 -4  0   47   0   0   0   0   3   0   2   0  15   0   0   6   3   1  12   4   0   0   7  0.70 0.39
  421 E   -3  3  2  3 -6  1  3 -3  2 -5 -4  2 -3 -5 -3 -1 -3 -5 -2 -5    1  19   8  20   0   6  22   2   5   0   1  13   0   0   0   2   0   0   1   0  0.68 0.33
  422 Q    1  2  0  3 -4  2  3 -2  1 -5 -3  3 -3 -4 -3 -1 -2 -5 -3 -3   11   9   3  14   0  10  19   2   3   0   2  19   0   0   0   2   1   0   0   2  0.46 0.26
  423 L   -4 -6 -7 -7 -3 -5 -6 -7 -6  4  5 -6  4 -2 -6 -5 -4 -5 -4  0    1   0   0   0   0   0   0   0   0  23  59   0  10   1   0   0   0   0   0   5  1.32 0.50
  424 E   -4 -2 -1  3 -7  2  6 -5  3 -7 -7 -1 -6 -6 -5 -3 -4 -7 -3 -6    1   2   3  16   0   6  61   0   7   0   0   3   0   0   0   0   1   0   1   0  1.45 0.58
  425 V    2 -5 -4 -5 -1 -4 -4 -5 -5 -2 -3 -4 -1  0 -5 -1  3 -5  2  5   20   0   0   0   1   0   0   0   0   0   0   0   2   4   0   4  20   0   7  40  0.80 0.42
  426 G   -4 -7 -5 -6 -7 -6 -6  8 -6 -8 -8 -6 -7 -7 -6 -4 -6 -7 -7 -7    0   0   0   0   0   0   0  99   0   0   0   0   0   0   0   0   0   0   0   0  2.71 0.82
  427 T   -1 -5 -3 -4 -4 -3 -5  5 -5  2 -1 -4  3 -4 -5  0  3 -5 -5 -2    4   0   0   0   0   1   0  40   0  15   6   0   7   0   0   5  20   0   0   1  0.77 0.38
  428 V   -4 -6 -7 -7 -3 -6 -6 -7 -7  3 -1 -6 -3 -2 -6 -5 -1 -6 -5  7    0   0   0   0   0   0   0   0   0  12   3   0   0   1   0   0   3   0   0  80  1.82 0.65
  429 H   -3  0  0 -4 -5  3 -3 -1  4  2  0 -2  5 -2 -5 -4 -3  2  3 -1    0   6   4   0   0  16   0   6  11  15   6   2  17   1   0   0   0   3  10   4  0.54 0.33
  430 I   -4 -6 -7 -7 -5 -6 -7 -7 -7  7  0 -6 -1 -4 -6 -6 -4 -4 -5  4    1   0   0   0   0   0   0   0   0  65   5   0   1   0   0   0   0   0   0  28  1.76 0.60
  431 N   -6 -5  9 -3 -7 -5 -5 -3 -4 -8 -8 -5 -7 -8 -7 -4 -5 -8 -7 -8    0   0  98   0   0   0   0   1   0   0   0   0   0   0   0   0   0   0   0   0  3.10 0.96
  432 N    1 -2  2  6 -5 -2  1  2 -2 -6 -6 -1 -5 -5 -4  0 -3 -2 -5 -5   14   2   9  44   0   0   6  14   1   0   0   2   0   0   0   6   1   1   0   0  0.90 0.40
  433 K    0  0 -2 -2 -2  1  0  1 -3  2 -2  1 -1 -2  0  1  1 -4 -2  1    7   4   0   0   0   6   7  14   0  14   0  12   1   1   5  12   7   0   1   9  0.15 0.16
  434 T   -2 -4 -4 -4 -2 -4 -4 -4 -5 -4 -3 -4 -4 -6  5  4  4 -6 -5 -5    2   0   0   0   1   0   0   1   0   0   3   0   0   0  33  32  28   0   0   0  1.28 0.56
  435 Q    1 -3 -1  1 -3  1  1 -2 -4  0 -3 -3 -2 -4  0  0  4 -5 -4  0   13   1   3   7   0   8   9   2   0   7   1   0   0   0   4   4  35   0   0   7  0.42 0.29
  436 R   -4  4  0 -4 -5 -3 -4  2 -1 -4 -3 -3 -3  5 -3 -2 -3  0  5 -3    0  22   5   0   0   0   0  19   1   1   1   0   0  27   1   2   1   1  17   1  0.87 0.39
  437 G    1  6 -2  0 -5 -3 -3  3 -4 -5 -5 -2 -4 -6 -5 -1 -3 -6 -5 -1   12  46   1   5   0   0   1  23   0   0   0   0   0   0   0   4   1   0   0   6  0.98 0.45
  438 T    0 -3 -3 -3 -4 -1  3 -5 -4  1 -1 -3 -1 -3  4 -2  1 -5 -3  3    8   0   1   0   0   3  23   0   0   8   6   0   1   1  20   1   7   0   1  20  0.53 0.31
  439 D   -1 -5 -3  7 -5 -4 -2 -3 -5  1 -2 -4 -3 -5  0 -3 -4 -7 -4 -2    6   0   0  68   0   0   1   1   0   7   5   0   1   0   5   1   0   0   1   3  1.44 0.56
  440 N   -1 -4  4 -3 -3  4 -3 -4  9 -4 -3 -4 -3 -3 -5 -2 -4 -6 -3 -3    6   0  17   0   1  18   1   1  47   1   3   0   0   1   0   2   0   0   0   2  1.56 0.60
  441 F    1 -5 -6 -7 -5 -4 -6 -6 -2 -1  1 -5  8  5 -6 -5 -4  1 -1  0   13   0   0   0   0   0   0   0   1   2  11   0  42  22   0   0   0   2   1   5  1.36 0.55
  442 P   -3 -7 -7 -6 -8 -6 -6 -7 -7 -7 -7 -6 -6 -8  9 -5 -6 -8 -8 -7    2   0   0   0   0   0   0   0   0   0   0   0   0   0  97   0   0   0   0   0  3.30 0.98
  443 F   -6 -7 -7 -8 -7 -7 -7 -8 -4 -5 -4 -7 -5  8 -8 -6 -6 -3  7 -5    0   0   0   0   0   0   0   0   0   0   0   0   0  63   0   0   0   0  37   0  2.68 0.82
  444 L   -3 -6 -4 -5 -6  0 -6  7 -6 -2  1 -5 -4 -6 -5 -3 -5 -6 -6 -5    0   0   0   0   0   5   0  78   0   2  12   0   0   0   0   1   0   0   0   0  1.75 0.62
  445 G   -4 -7 -5 -6 -5 -6 -6  8 -6 -8 -8 -6 -6 -8 -6 -5 -6 -7 -7 -8    0   0   0   0   0   0   0  99   0   0   0   0   0   0   0   0   0   0   0   0  2.71 0.83
  446 A   -2 -4 -2 -4 -2 -4 -1 -6 -4  2 -1 -4  3  1 -5 -4  1  0 -1  5    2   0   2   0   1   0   4   0   0  11   4   0   7   7   0   0   8   1   2  50  0.79 0.38
  447 K   -5  0 -5 -5 -8 -3 -3 -5 -3 -7 -7  8 -6 -8 -5 -4 -5 -7 -6 -7    0   3   0   0   0   0   0   0   0   0   0  95   0   0   0   0   0   0   0   0  2.55 0.85
  448 K    0 -1  2  3 -4  2  3  2 -1 -5 -3  0  0 -4 -4  0 -3 -4 -3 -4    7   2  11  19   0  10  19  14   1   0   2   5   3   0   0   6   0   0   0   0  0.46 0.26
  449 S   -3 -5 -4 -5 -5 -4 -4 -4 -5 -6 -7 -4 -6 -7 -5  7  2 -7 -6 -6    0   0   0   0   0   0   0   1   0   0   0   0   0   0   0  89  10   0   0   0  2.11 0.81
  450 G   -4 -6 -3 -5 -6 -6 -6  7 -6 -8 -8 -5 -7 -7 -6  0 -5 -7 -7 -7    0   0   1   0   0   0   0  91   0   0   0   0   0   0   0   8   0   0   0   0  2.35 0.75
  451 A   -2 -4  2 -4 -3 -2 -3 -4 -3  3  2 -3  3  0 -4  0  1 -1  0  1    2   0  12   0   0   2   1   0   0  23  18   0  10   4   0   6  10   1   3   7  0.38 0.24
  452 G   -3 -6 -4 -5 -6 -6 -6  7  2 -8 -8 -5 -7 -7 -6 -2 -5 -7 -7 -7    1   0   0   0   0   0   0  92   4   0   0   0   0   0   0   2   0   0   0   0  2.37 0.75
  453 I   -3  7 -4 -5 -6 -3 -4 -5 -1 -4 -5  3 -5 -6 -5 -1  0 -6 -5  0    2  62   0   0   0   0   0   0   1   0   0  14   0   0   0   5   7   0   0   8  1.43 0.57
  454 Q   -5 -2 -4  0 -7  5  7 -6 -3 -7 -6 -3 -5  0 -5 -4 -5 -6 -4 -6    0   1   0   4   0  22  67   0   0   0   0   0   0   5   0   0   0   0   0   0  1.78 0.68
  455 G   -1 -5 -1 -5 -6  1 -4  7 -5 -7 -7 -5 -6 -7 -6  0 -5 -6 -6 -6    4   0   3   0   0   7   0  80   0   0   0   0   0   0   0   6   0   0   0   0  1.86 0.64
  456 V   -3 -5 -5 -5 -4 -5 -5  4 -6  4 -1 -5 -2 -4  3 -3 -4 -6 -5  3    1   0   0   0   0   0   0  28   0  29   4   0   0   0  13   1   0   0   0  23  0.87 0.40
  457 K   -2  4 -3 -3 -4  1  1 -2  3 -3 -4  5 -3 -5 -3 -2  0 -3 -3 -2    3  24   0   1   0   7   7   2   7   1   1  34   0   0   1   2   7   0   1   3  0.73 0.36
  458 Y    1 -2  1 -3 -5 -3 -1 -4  0 -5 -4 -3 -4  3 -5 -3 -2  4  7 -3   14   2   6   1   0   1   4   1   2   0   1   1   0  12   0   1   2   5  46   1  1.17 0.48
  459 S    6 -5 -4 -5 -4 -3 -4  0 -5 -4 -5 -4 -4 -6 -4  3  0 -6 -5 -2   59   0   0   0   0   0   0   7   0   0   0   0   0   0   0  25   6   0   0   2  1.19 0.54
  460 I   -4 -5 -6 -6 -4 -5 -6 -7 -6  6  3 -2  3 -2 -6 -5 -3 -5 -4  2    1   0   0   0   0   0   0   0   0  51  22   3   7   1   0   0   1   0   0  14  1.22 0.46
  461 E   -4 -1  0  3 -7  1  6 -5  0 -5 -2 -1 -4 -6 -5 -3 -4 -6 -3 -5    1   2   5  17   0   5  60   0   2   0   4   2   0   0   0   0   0   0   1   1  1.28 0.54
  462 A    0 -4 -3  2 -4 -2  5 -4 -2 -3 -4 -1  1  2 -4  1 -3 -5 -4  0    8   0   0  10   0   0  44   1   1   1   0   2   4  10   0  10   1   0   0   8  0.71 0.39
  463 M   -6 -6 -7 -8 -6 -5 -7 -7 -5 -3 -1 -6 10  5 -7 -5 -4 -4  3 -2    0   0   0   0   0   0   0   0   0   0   2   0  63  22   0   0   1   0  10   2  2.38 0.80
  464 T   -4 -5 -4 -5 -2 -4 -5 -6 -6 -4 -1 -5  0 -6 -5  1  7 -6 -6 -2    0   0   0   0   1   0   0   0   0   0   7   0   2   0   0  10  78   0   0   2  1.80 0.71
  465 T   -2  3 -1  0 -6  1  6 -5 -3 -5 -6  1 -5 -6 -4 -1  0 -6 -3 -5    2  17   2   4   0   4  53   0   0   0   0   8   0   0   0   3   5   0   1   0  1.07 0.47
  466 V   -3 -3 -4 -2 -3 -1  1 -5 -3  2  1 -3  2 -2  1 -2  1  5  0  2    0   1   0   2   0   3  11   0   0  15  15   1   6   1   8   2  11   9   3  13  0.35 0.23
  467 K   -5  2 -4 -5 -7 -1 -3 -6 -2 -7 -7  8 -4 -7 -5 -4 -4 -7 -6 -5    0   7   0   0   0   2   0   0   1   0   0  89   0   0   0   0   0   0   0   1  2.30 0.79
  468 S    0 -4 -3 -4 -3 -3 -4 -2 -3 -1  2 -4  2  1 -4  1  2  4  1  1    6   0   0   0   0   0   0   3   0   2  21   0   7   7   0  14  17   6   4  12  0.35 0.25
  469 V   -3 -6 -6 -6 -4 -5 -6 -6 -6  5 -1 -5  0 -3 -6 -5  1 -6 -3  5    1   0   0   0   0   0   0   0   0  35   4   0   2   1   0   0  10   0   1  46  1.25 0.49
  470 V   -1 -5 -5 -5  4 -4 -5 -2 -4  1 -2 -5 -1  1 -5  1  0 -4  4  5    3   0   0   0   9   0   0   4   0   7   1   0   1   6   0  12   4   0  13  41  0.70 0.37
  471 F   -4 -5 -6 -6 -4 -5 -5 -6 -5  5  2 -5  3  5 -6 -5 -4  3 -1  3    0   0   0   0   0   0   0   0   0  32  15   0   7  22   0   0   0   4   1  19  1.02 0.40
  472 D   -4 -1  6  3 -6  2 -2 -1 -1 -6 -6  3 -5 -6 -5 -3 -2 -7 -5 -6    0   2  46  17   0   8   1   3   1   0   0  19   0   0   0   0   1   0   0   0  1.23 0.50
  473 I   -4 -4 -5 -6 -3 -4 -5 -5  0  2  5 -5  2  2 -4 -4 -2 -2  4 -1    0   0   0   0   0   0   0   1   3  10  55   0   4   8   1   0   2   0  13   2  0.89 0.37
  474 K   -3  4 -2 -2 -5  3  3 -4 -2 -5 -5  5 -3 -5 -3 -2 -3 -5 -4 -4    0  24   0   0   0  13  17   0   0   0   0  46   0   0   0   0   0   0   0   0  1.04 0.33
