    1 S    1 -1  1 -1 -3  0  2 -2 -2 -3 -3  3 -2 -4 -2  3  1 -4 -3 -3   10   0   4   0   0   0  19   0   0   0   0  21   0   0   0  36   9   0   0   0  0.44 0.19
    2 S    1 -2  0  1 -3 -2 -1 -1 -3 -3 -3 -2 -3 -4 -3  4  3 -4 -3 -1    9   0   3  10   0   0   3   1   0   0   0   0   0   0   0  46  23   0   0   4  0.59 0.29
    3 L   -2 -4 -5 -5 -3 -4 -5 -5 -5  3  5 -4  1 -2 -3 -4 -3 -4 -3  1    2   0   0   0   0   0   0   0   0  17  73   0   2   0   1   0   0   0   0   5  1.02 0.38
    4 I   -2 -2 -3 -4 -2 -3 -4 -4 -3  3  1 -3 -1  1 -2 -1  0  4  1  3    1   2   1   0   1   0   0   0   0  18  13   0   0   5   2   4   7   7   6  32  0.43 0.24
    5 V   -1  0 -3 -2 -2 -3 -3 -4  0  1  1 -1  0 -3  2 -3 -1 -4 -3  4    5   6   0   2   1   1   0   0   3   4  12   3   1   0  11   0   3   0   0  47  0.48 0.30
    6 E   -1 -3  3  4 -4  0  1 -3  0 -4 -5 -2 -2 -5  1  0  3 -5 -4 -3    4   0  14  27   0   4   9   1   2   0   0   1   1   0   6   7  22   0   0   0  0.61 0.36
    7 D    0  0  0  1 -3  2  2 -2 -1 -2 -3  0 -2 -2 -1  0  3 -4 -3  0    7   6   4   7   0  11  13   3   1   2   1   3   0   2   2   6  25   0   0   6  0.28 0.24
    8 A    3 -3 -4 -4 -4 -3 -4 -3 -4 -2  3 -2 -1 -4  4 -3  0 -5 -2  0   27   1   0   1   0   1   0   1   0   1  28   2   1   0  25   0   6   0   1   6  0.66 0.41
    9 P   -3 -5 -4 -4 -7 -4 -5 -7 -7 -7 -6 -5 -7 -8  9 -4 -3 -8 -7 -7    1   1   1   1   0   1   0   0   0   0   1   0   0   0  93   1   2   0   0   0  3.04 1.09
   10 D    0 -1  1  4 -3  1  2  2 -1 -4 -3 -2 -3 -5 -1  1  0 -5 -4 -4    8   3   6  23   0   6  11  19   1   0   2   1   0   0   3   9   6   0   0   0  0.43 0.29
   11 H    1  0  0  0 -2  0  1  0  2 -3 -3  0 -2 -2  3  1  2 -4  0 -2   10   5   3   3   1   3   9   9   5   0   1   6   0   1  13   9  13   0   5   3  0.21 0.18
   12 V    1  1 -2 -2 -1 -1 -2  1 -3 -1 -1  0 -1 -4  4 -1 -1 -5 -3  2   12   9   2   2   1   3   1  10   0   3   5   4   1   0  24   5   2   0   1  16  0.35 0.26
   13 R   -1  4 -2 -2 -4  3  1 -3 -2 -1 -3  2 -2 -4 -4 -1  1 -5 -4  1    5  26   1   1   0  13   8   2   0   3   2  12   1   0   0   4  10   0   0  13  0.45 0.34
   14 P   -1 -4 -2 -5 -6 -5 -5 -3 -3 -6 -6 -5 -6 -5  8 -1 -2 -7 -6 -3    5   1   2   0   0   0   0   2   1   0   0   0   0   1  78   5   2   0   0   2  2.33 0.95
   15 Y   -2 -1 -5 -5 -3 -4 -3 -6 -1  0 -2 -1 -3  3 -3 -4 -3  0  8 -1    3   3   0   1   1   0   1   0   1   5   4   4   0  11   2   1   1   1  54   5  1.43 0.66
   16 V   -1 -4 -5 -5 -3 -4 -5 -5 -2  3  1 -5  0  3 -5 -5 -2 -4  2  5    6   0   0   0   0   0   0   1   1  17  14   0   1  12   0   0   1   0   6  38  0.84 0.46
   17 I   -1 -2 -5 -5 -3 -4 -5 -4 -1  4  4 -4  1 -1 -4 -3 -2 -3 -3  3    4   2   0   0   0   1   0   1   2  22  38   1   2   2   1   2   2   0   0  19  0.74 0.42
   18 R    0  5 -2 -1 -3  1  1 -2 -1 -4 -3  0 -3 -4  4 -1 -1 -6 -5 -1    6  31   1   3   0   5   8   4   1   1   2   4   1   1  19   3   4   0   0   4  0.60 0.41
   19 H    2  2  2 -1 -3  2 -1 -2  2 -5 -4  2 -2 -4  2  1 -1 -5 -2 -4   18  10  11   3   0   8   2   2   5   0   1  11   1   1  12  10   3   0   1   1  0.39 0.32
   20 Y    0  0 -1  1 -4 -2 -1  4 -1 -3  0 -2 -3 -1  2 -1 -2 -4  1 -3   10   5   3   8   0   1   4  32   1   1   9   2   0   3  10   3   1   0   5   2  0.37 0.28
   21 S    0 -2 -2  3 -3  1  4  2  0 -6 -5  0 -2 -6 -4  0  0 -4 -5 -5    8   2   1  15   0   6  30  15   2   0   0   5   1   0   0   6   7   0   0   0  0.62 0.43
   22 H   -1 -3 -1  0 -6  1  3  5  1 -7 -6 -3 -5 -6 -2 -2 -1 -6 -4 -5    4   1   3   5   0   6  17  50   3   0   0   1   0   0   2   2   4   0   0   1  1.03 0.57
   23 A    0 -1 -2  1 -5  1  3  3 -1 -3 -3 -1 -3 -5  1 -1 -1 -5 -4 -2    8   4   2   8   0   5  21  25   1   1   3   2   0   0   8   4   3   0   0   3  0.42 0.31
   24 R   -1  4  0 -1 -5  1  2 -3  2 -2 -3  2 -3 -4  1  0  0 -1 -3 -2    5  23   3   4   0   7  11   1   6   3   1  11   0   1   8   6   5   1   0   3  0.38 0.29
   25 A    2  0 -2 -2 -2 -1 -2 -2 -1  1  1 -2 -1 -1 -1  1  2  2  0  1   22   5   1   2   0   2   2   2   2   7  12   2   1   2   2   9  12   2   3   8  0.16 0.19
   26 V   -2 -1 -2 -3 -1 -2 -1 -3  2  1  1 -1  0  1 -3 -2  0  1  4  3    3   3   2   1   1   1   3   2   4   9  12   3   2   6   1   2   6   2  16  20  0.30 0.24
   27 T    0 -2 -1  0 -3 -1 -1 -2  1  0  0 -3 -1  0 -2 -1  0  8  0  0    8   2   3   6   0   2   4   2   4   6  11   1   1   3   2   4   5  24   2   7  0.60 0.38
   28 V   -1 -3 -4 -4 -1 -3 -4 -1 -1  1  2 -4  1  4  2 -2 -2  3  0  2    6   1   1   1   1   1   1   4   1   7  18   0   3  18   9   3   2   5   3  15  0.38 0.28
   29 D    0 -2  0  1 -5 -3 -2  4 -3 -2  1 -2  0  0 -1 -1 -2 -5 -2 -1    7   2   4   8   0   1   2  37   1   2  13   2   3   5   3   4   2   0   1   4  0.41 0.31
   30 T   -1 -2  0  0 -5 -2 -3  6 -3 -5 -5 -2 -3 -5 -3  1  1 -4 -5 -3    4   2   5   5   0   2   1  52   1   1   1   2   1   0   1   9  10   0   0   2  0.94 0.53
   31 Q   -1 -2  1  3 -3  2  0  0  0 -1 -1 -1 -1 -2 -3  1  1 -5 -3 -1    4   1   6  19   0  13   4   9   2   3   8   3   1   2   0  11   8   0   0   5  0.23 0.23
   32 L   -1  1 -2 -3 -4 -1 -2 -3 -1  2  3 -2  0 -2 -3 -2  2 -2 -1  3    4   7   1   1   0   2   2   2   1  10  26   2   1   1   1   2  15   1   1  19  0.32 0.26
   33 Y   -1 -4 -3 -4  1 -1 -4 -5  1  2  0 -4  3  3 -5 -3 -1  2  5  2    6   0   1   1   3   3   0   1   4  12   7   1   8  10   0   2   4   3  22  12  0.56 0.37
   34 R   -2  5 -2 -2 -4 -1  0 -4  2 -3 -4 -1 -5 -3 -4 -1  5 -6 -3 -3    3  35   2   2   0   2   5   1   4   2   1   2   0   1   0   5  32   0   1   2  0.95 0.58
   35 F   -3 -5 -5 -5 -5 -2 -5 -6  0  4  0 -4  1  5 -1 -4 -1  0  2  3    1   0   0   0   0   2   0   0   2  23   9   1   3  22   4   1   4   1   6  21  0.76 0.44
   36 Y   -3  0 -3 -4 -3 -3 -4 -6  0  1  4  4  2 -1 -2 -2 -2 -3  0  0    2   4   1   0   0   0   0   0   2   7  39  23   5   2   2   2   2   0   4   4  0.61 0.42
   37 V    5 -5 -5 -5 -2 -4 -2 -3 -6  2  2 -5 -1 -4 -5 -2 -2 -6 -5  3   42   0   0   1   1   0   3   1   0   9  17   0   1   0   0   2   1   0   0  22  0.84 0.53
   38 T   -2  1 -1  2 -5 -3 -2  0 -4 -3 -4 -3 -4 -4  0  3  5 -4 -5 -2    3   8   2  11   0   1   2   8   0   1   2   1   0   1   4  20  35   0   0   2  0.67 0.50
   39 G    2 -2  0 -4 -5 -2 -2  5 -1 -6 -6 -3 -5 -5 -1  1  0 -6 -5 -4   19   2   4   0   0   2   2  46   1   0   0   1   0   0   3  11   6   0   0   1  0.92 0.54
   40 P    2  0  0  1 -3  1  3 -2 -1 -4 -4  2 -3 -4  0  0 -1 -5 -4 -2   20   4   5   9   0   5  22   2   2   1   1  12   0   0   4   7   4   0   0   2  0.40 0.33
   41 S    0 -2  0  4 -6  4  3 -4  1 -6 -5 -2 -2 -6 -5  1  0 -6 -5 -3    6   2   4  22   0  19  21   1   3   0   1   1   1   0   0  12   6   0   0   1  0.75 0.50
   42 S   -4 -6 -4 -6 -4 -6 -6 -5 -7 -6 -5 -6 -4 -7 -5  3  8 -8 -7 -4    1   0   0   0   0   0   0   1   0   0   1   0   0   0   0  18  76   0   0   1  2.23 1.10
   43 G    0 -2  3  3 -4 -2  0  5 -2 -7 -6 -3 -6 -6 -6 -2 -4 -7 -5 -7    8   2  15  18   0   2   6  43   1   0   0   2   0   0   0   3   0   0   0   0  1.05 0.59
   44 Y   -4 -6  2  0 -7 -2 -4  7 -1 -8 -8 -4 -3 -6 -6 -4 -5 -7 -3 -6    1   0  11   5   0   2   1  74   2   0   0   1   1   0   0   1   0   0   1   0  1.88 0.88
   45 A    3  3 -2 -1 -3  2  0  0 -1 -3 -1  0 -1 -5 -3  0  0 -5 -5 -3   27  17   1   3   0  10   6   6   1   1   6   5   2   0   1   7   5   0   0   1  0.37 0.33
   46 F   -5 -6 -7 -7 -4 -6 -7 -7 -5  1  2 -7  2  7 -7 -5 -5 -1  5 -1    1   0   0   0   0   0   0   0   0   6  19   0   5  43   0   1   1   1  19   3  1.59 0.73
   47 T    3 -5 -1 -1  1 -4 -1  2 -5 -3 -4 -4 -3 -3 -5  3  3 -1 -4 -3   21   0   2   3   3   0   3  18   0   1   1   0   1   1   0  24  18   1   0   1  0.64 0.47
   48 L    0 -6 -6 -7 -3 -5 -5 -6 -3  2  4 -6  3  1 -6 -3 -3 -2 -3  4    7   0   0   0   0   0   1   0   1  12  37   0   6   6   0   1   1   1   1  25  0.90 0.50
   49 M    0 -5 -4 -6 -3 -4 -5 -3 -2  3  1 -4  4  4 -5 -4 -1  2  2  2    8   0   1   0   0   1   1   2   1  15  13   1   9  18   0   1   3   2   8  16  0.62 0.37
   50 G   -2  1 -2  2 -4  1  5 -2  1 -2 -2 -2 -2 -2 -3 -1  1 -5  0 -1    2   9   1  10   0   6  34   3   3   2   5   2   1   2   1   4   8   0   3   4  0.48 0.35
   51 T    0 -2 -1 -2  0  0 -1 -2  3  0 -1 -3  3  2 -4  1  1  4 -1  1    6   2   2   2   2   3   4   2   9   6   5   0   8   8   0  10   9   5   2  12  0.22 0.21
   52 N   -1  0  2  0 -1 -1  2 -1  0 -1  0 -2 -1 -1 -3  1  2 -1 -1  0    3   5  10   6   1   2  16   5   2   4   9   1   2   2   1   9  13   1   2   8  0.13 0.17
   53 A    2 -4 -1 -2 -1 -2 -2  3 -2  0 -1 -3  1  1 -2  0 -1 -4 -2  2   16   0   2   2   1   2   2  24   1   5   7   1   3   6   1   8   3   0   1  14  0.27 0.23
   54 P   -1  0 -2 -2 -5 -1 -2 -1 -2 -3 -2  0 -1 -3  6 -2  1 -3 -2  1    5   4   2   3   0   3   3   6   1   2   3   6   2   1  38   3   7   0   2  10  0.70 0.43
   55 H    1  1 -2 -2 -2  0 -1 -2  0 -1  0  1  1 -3  4 -1 -1 -3 -1  1   12   7   2   2   1   3   4   3   3   2   8  10   3   1  22   3   3   0   2   9  0.30 0.24
   56 S   -1 -1  0 -2 -5 -1 -1  5 -4 -5 -5 -4 -4 -5  1  2  0 -6 -4 -5    6   3   4   2   0   3   4  48   0   1   1   1   0   1   8  13   5   0   1   1  0.86 0.51
   57 D    0 -1  0  2 -2  0  1  2  0 -3 -3 -1 -3  0  3  0  0 -2 -1 -3    6   3   4  13   1   5   8  16   3   1   1   3   0   5  18   5   6   0   2   2  0.32 0.22
   58 A    2 -1  0 -1 -1  0  0  2 -1 -2 -2 -1  0 -2  1  1 -1  1 -1 -2   20   3   5   2   1   3   8  19   2   2   5   3   2   1   6   8   4   2   2   3  0.18 0.14
   59 L    0 -2 -1 -2 -2 -1 -1  0 -2  1  0 -2  0 -1  3  0  1 -1 -1  0    9   2   2   1   1   2   4   7   1  10  11   2   2   2  18   8   8   1   2   7  0.18 0.14
   60 G   -1 -2 -3 -3 -2 -2 -2  5 -2 -4 -3 -3 -2 -1  3 -1 -3 -5 -3 -3    5   3   1   1   1   1   3  50   1   1   3   1   1   3  14   5   2   0   1   2  0.89 0.46
   61 V    2 -4 -1 -4 -4 -4 -4 -3 -4  0 -1 -4  0  3  5  0 -1 -4 -3  1   18   0   3   0   0   0   0   1   0   5   6   0   3  12  30   7   4   0   0  10  0.63 0.37
   62 L   -1  1 -2 -2 -2 -2 -2 -1 -1  0 -1 -2 -2 -4  6 -1 -2 -2 -3 -1    5   8   2   2   1   2   2   5   2   5   7   2   1   1  45   4   2   1   1   4  0.86 0.39
   63 P   -1  1 -3 -1 -3  0 -2 -2 -2 -1  1 -2 -1  0  5 -1  0 -1 -1 -2    5   7   1   3   0   4   2   3   1   3  12   2   2   5  34   4   5   1   3   3  0.52 0.27
   64 H   -6 -5 -3 -6  0 -5 -5 -6 11 -3 -3 -5 -6 -6 -7 -6 -6 -6  0 -4    0   0   1   0   2   0   0   0  85   2   3   0   0   0   0   0   0   0   2   2  3.38 1.18
   65 I   -1  2 -2 -2 -1 -2 -3 -4 -1  2  0 -1  0  1 -4  1  1  3  2  2    4  12   1   2   1   1   1   0   2  14   6   2   1   7   0  10  12   4   7  14  0.22 0.21
   66 H   -7 -3 -2 -6 -8 -3 -5 -7 11 -8 -5 -6 -7 -1 -7 -6 -7  0 -4 -8    0   1   2   0   0   1   0   0  89   0   2   0   0   3   0   0   0   1   0   0  3.66 1.28
   67 Q    0  2  0  1 -4  1  2 -3  3 -4 -3  1 -2 -3  2 -1  2 -5 -2 -3    7  12   3   7   0   6  12   1   8   0   2   8   1   1  11   4  15   0   1   1  0.34 0.26
   68 K   -1  3  1  1 -4  1  1  0  2 -2 -2  1 -1 -1 -2 -1  0 -1 -1 -2    4  17   8   9   0   4  10   6   5   2   4  10   1   3   1   3   7   1   2   3  0.19 0.17
   69 H    2 -2 -3 -2 -2  0  5 -3  4 -1 -3 -3  0 -1 -4 -1  1  1  0 -1   16   1   0   2   1   3  37   1   9   3   1   0   2   2   0   3   8   2   3   4  0.58 0.42
   70 Y   -2 -3 -1  5 -5  0  1 -3  5 -4 -4 -3 -4 -2 -2  0  0 -1  3 -3    3   1   2  35   0   4   7   1  15   1   1   1   0   1   2   8   5   1  10   2  0.78 0.45
   71 E   -3 -2 -1  0 -7 -2  7 -6  1 -7 -5 -2 -6 -7 -5 -4 -5 -7 -6 -4    2   2   3   5   0   1  79   0   3   0   1   2   0   0   0   0   0   0   0   1  1.94 0.92
   72 N    2 -2  0 -2  2 -2 -2 -2  0  0 -1 -3  2 -1 -3  1  3  0  0  1   17   1   5   1   4   1   1   3   3   6   4   0   5   3   1  11  18   1   3  12  0.22 0.23
   73 F   -4 -6 -4 -7 -2 -6 -7 -7 -2  0  0 -6 -2  8 -7 -4 -3  2  1 -2    2   0   1   0   1   0   0   0   1   5   7   0   1  69   0   1   2   3   3   3  1.98 0.83
   74 Y   -4 -2 -4 -7 -1 -3 -6 -7  2  0  0 -4  0  4 -7 -4 -2  0  7  0    1   3   1   0   2   1   0   0   4   5  10   1   3  15   0   1   2   1  44   8  1.27 0.65
   75 C   -1 -4 -1 -3  4 -3 -1 -2 -4  2  0 -3  1 -1 -1 -1 -1 -4 -3  4    3   0   4   0   9   0   5   3   0  14   7   0   3   3   3   3   3   0   0  39  0.42 0.31
   76 N   -1 -1 -1 -1  0 -1 -1 -2 -1  1  3 -1  2  0 -3 -1  1  1 -2  0    3   2   2   4   2   2   3   2   2  10  35   2   5   4   0   4   9   2   0   5  0.17 0.18
   77 K   -1  1  0  1 -4  1  3 -1  1 -3 -3  3 -3 -4 -3  1  0 -4 -1 -2    4   7   3   8   0   4  23   4   3   0   1  19   0   0   0  11   7   0   3   3  0.34 0.26
   78 G   -3 -5 -4 -4 -5 -4  0  7 -5 -6 -6 -4 -5 -6 -5 -1 -4 -5 -5 -5    1   0   0   0   0   0   6  84   0   0   1   0   0   0   0   4   0   0   0   0  1.95 0.72
   79 S    0  2 -1  0 -1  2  2 -1  1 -2 -1  0 -2 -2 -3  1  1 -3 -1 -1    8  16   2   3   2   8  18   4   3   2   7   3   0   2   0   9   9   0   2   3  0.18 0.17
   80 F   -1 -4 -4 -5  1 -4 -4 -3 -4  2  3 -4  3  3 -4 -2 -3  0  1  3    4   0   0   0   3   0   0   2   0   8  28   0   7  11   0   2   0   1   5  26  0.52 0.29
   81 Q   -1  2  0  0 -2  2  2 -2  0 -1  0  1 -1 -2 -3 -1  0  0 -2  0    2  16   3   5   1  10  16   2   2   2   9   9   1   1   0   4   7   1   1   8  0.18 0.16
   82 L   -3 -5 -6 -6 -3 -5 -4 -5 -5  2  3 -5  0  6 -6 -5 -3 -2 -1  3    2   0   0   0   1   0   1   1   0  10  25   0   2  30   0   0   1   1   2  22  1.04 0.51
   83 W   -3 -1 -3 -4 -3  0 -1 -3  3 -2 -1 -1  0  3 -4 -3  1  9  3 -2    2   3   1   1   1   5   4   2   6   2   5   4   2  12   1   2  10  27   8   3  1.00 0.46
   84 A    1 -2 -2 -2  3 -2 -2 -1 -2  1  1 -2  0  0 -2 -1  0 -3 -1  3   13   2   1   2   6   1   3   4   1   9  15   2   1   4   1   3   5   0   1  24  0.24 0.16
   85 Q   -1  0  2  3 -1  1  2  2 -1 -2 -2 -1 -1 -2 -1 -1 -1 -2 -2 -2    5   5  11  16   2   5  13  15   1   3   5   3   1   1   3   4   3   0   1   3  0.23 0.13
   86 S   -1 -2  0  4 -2 -1  0  4 -1 -2 -2  0 -1 -2 -2 -1 -1 -2 -2 -2    5   2   4  21   1   2   5  28   1   2   5   6   2   2   2   4   4   0   1   3  0.38 0.18
   87 G    0  0  0  1 -1  0  1  1  0 -1 -1  0 -1 -1  0  0  0 -1  0 -1    8   7   6   8   1   4   9  13   2   3   6   4   1   3   4   5   8   1   3   6  0.05 0.03
   88 N    0  1  0  1 -2  0  1 -1  2 -1 -1  0  0 -1  0  0  0  2 -1 -1    6   7   5   9   1   4  12   4   5   4   7   5   2   2   3   6   6   3   2   5  0.07 0.05
   89 E    0  0  1  1 -1  0  0  1  1 -1 -1 -1 -1  0 -1  0  0  0  0  0    7   5   9   7   1   3   6  12   3   4   6   3   1   5   3   7   6   1   5   7  0.04 0.03
   90 T    0  0 -1 -1 -3 -1  1  4  0 -1 -2 -1 -2 -2 -2 -1  0  1  0 -1    6   5   3   4   1   2  10  32   2   3   4   2   1   2   2   5   6   2   3   4  0.30 0.17
   91 Q    0  0  0  4 -1  1  2  0  1 -2 -2  0 -2 -1 -1 -1 -1 -2 -2 -1    8   6   3  23   1   7  14   6   3   2   3   4   1   3   3   3   4   1   1   4  0.26 0.15
   92 Q   -2  1 -2  0 -3  4  4 -2  0 -3 -3  1 -2 -3  0 -1  0 -2 -2 -2    3   8   2   5   0  16  27   3   2   1   3  10   1   1   4   3   6   0   1   3  0.46 0.28
   93 T    1 -1 -1 -1  3 -1  1  0 -2  0 -2  0 -1 -2 -1  0  2  3 -2  0   11   4   2   2   6   2   9   8   1   4   3   5   1   2   3   7  16   4   1   9  0.13 0.12
   94 R   -2  4 -2 -2 -3 -1 -1 -2  3  1  0  0  0  1 -3 -2  0  0 -1  0    3  26   2   1   1   2   3   3   8  10   7   5   2   6   1   2   6   1   2   8  0.32 0.20
   95 V   -1 -1 -2  1 -2  0  1 -3 -1  1  1 -1 -1 -2 -1 -1  2 -3 -2  2    3   4   1   8   1   3  10   2   2   9  12   3   1   1   2   3  16   0   1  17  0.18 0.16
   96 L    4 -4 -4 -5  0 -4 -4 -2 -4 -1  4 -4  1 -2 -4 -3 -2 -4 -3  2   32   1   1   1   2   1   1   2   0   2  36   1   3   2   1   1   2   0   1  13  0.73 0.42
   97 S   -1  1  0 -1 -2 -1  0  3  1 -2 -3  0 -2 -4 -1  1  3 -2 -2 -2    5   6   4   2   1   3   7  25   3   2   2   5   1   0   2   8  18   0   1   3  0.31 0.25
   98 S    4 -2 -5 -3 -5  0  0 -4 -3 -5 -4 -1 -5 -4  6 -2 -2 -6 -6 -3   32   2   0   2   0   5   5   1   0   0   1   4   0   1  38   3   2   0   0   2  1.11 0.63
   99 G   -5 -7 -1 -3 -7 -7 -5  7 -4 -8 -8 -6 -5 -5 -7 -4 -6 -7 -7 -8    0   0   3   2   0   0   1  91   0   0   0   0   0   1   0   1   0   0   0   0  2.57 1.08
  100 D   -1 -5 -2  6 -4 -2  1  0 -3 -6 -6 -5 -1 -6 -5  1  1 -4 -5 -5    6   0   1  50   0   2   9   9   1   0   0   0   1   0   0   9   9   0   0   1  1.18 0.64
  101 Y   -3 -5 -6 -6  0 -5 -5 -5 -1 -1  0 -6  1  7 -6  0  1 -1  4  0    3   1   0   0   2   0   0   1   1   3   7   0   3  44   0   6   9   1  13   6  1.20 0.61
  102 G    2 -5 -6 -6  0 -5 -6  1 -6  2  1 -5 -1 -2 -5 -4 -4 -2 -5  5   20   0   0   0   2   0   0   9   0  12  15   0   1   2   0   0   0   1   0  35  0.79 0.48
  103 S   -1 -5  1 -5 -3 -4 -5 -6  5 -3  0 -4 -1  6 -6  0 -1  1  4 -2    6   0   7   0   0   1   0   0  12   1   8   0   2  29   0   8   4   2  15   3  0.89 0.51
  104 V    0 -6 -6 -6 -2 -5 -6 -2 -6  4  2 -3  1 -2 -6 -3 -3 -3 -5  5    9   0   0   0   1   0   0   4   0  18  21   2   3   2   0   1   1   0   0  38  0.90 0.50
  105 P   -2 -5 -6 -7 -8 -6 -7 -8 -4 -8 -7 -5 -8 -6  9 -4 -3 -9 -8 -8    4   1   0   0   0   0   0   0   0   0   0   1   0   0  90   1   1   0   0   0  3.11 1.34
  106 R    1  6 -4 -5 -4 -1 -1 -2  1 -3 -5  2 -5 -7  4 -4 -3 -7 -6 -3   10  38   1   0   0   2   4   3   3   1   1  12   0   0  21   1   1   0   0   2  1.07 0.62
  107 N   -3 -2  3  0 -6 -3 -4  6  0 -7 -5 -1 -3 -3 -6 -3 -2 -6 -3 -6    2   3  14   6   0   1   1  58   2   0   2   4   1   1   0   1   2   0   1   0  1.31 0.68
  108 V    0 -1 -1 -4  0  0 -2 -1 -1  2 -1 -2 -1 -3 -4 -1  3 -2 -3  3    9   3   3   1   2   4   2   6   2  12   4   2   1   1   1   4  20   0   0  24  0.36 0.30
  109 T    0 -1 -1 -4 -3 -3 -1 -3 -5  2 -1 -2 -2 -4  6 -2 -1  0 -2  2    7   4   3   1   1   1   4   2   0  11   5   2   1   1  36   2   4   1   1  13  0.71 0.45
  110 H   -7 -4 -6 -4 -8 -4 -4 -7 11 -8 -6 -7 -7 -2 -8 -7 -7 -8 -1 -5    0   1   0   1   0   1   1   0  88   0   1   0   0   2   0   0   0   0   2   1  3.84 1.49
  111 T    3  1  0 -4  1 -1 -2  2 -1 -4 -4 -2 -2 -4 -4  1  3 -3 -2 -3   26   8   5   1   3   3   2  13   1   1   1   2   1   1   0  12  18   0   2   1  0.48 0.39
  112 F   -4 -7 -7 -7 -3 -5 -7 -7 -2 -3 -3 -7 -3  8  1 -5 -6  4  5 -4    1   0   0   0   1   1   0   0   1   2   3   0   1  57   6   1   0   5  20   1  2.11 0.94
  113 Q   -1  5  0 -2 -4  3  0 -4  1 -4 -3  2 -2 -4 -5 -2  0 -1 -2 -2    6  34   4   2   0  13   6   1   3   1   2  13   1   1   0   3   5   1   1   3  0.70 0.46
  114 I   -1 -4  5 -4 -1 -3 -5 -5 -3  2  0 -4  3  1  1 -3 -1 -2 -3  3    5   1  27   1   1   1   0   0   0  11   7   1   7   5   8   2   3   1   1  19  0.63 0.43
  115 Q    0  0  0  0 -2  0  1 -1 -1  0  1 -1 -1 -2 -1  0  2 -4 -2  1    8   4   5   4   0   3  11   6   1   6  14   3   1   1   2   7  13   0   1  11  0.08 0.13
  116 D    0 -2 -2  4 -6 -3 -1  4 -5 -5 -6 -3 -4 -6 -3  3  0 -2 -4 -4    8   3   1  21   0   1   3  30   0   1   0   1   1   0   1  22   6   1   0   1  0.81 0.53
  117 P   -1 -3 -1  3 -5  0  3 -2  4 -4 -3  0 -3 -6  4 -1  0 -6 -5 -4    5   1   3  14   0   4  16   3  10   1   3   6   0   0  23   4   6   0   0   1  0.61 0.42
  118 D   -1 -1 -1  2 -3  0  2 -1  4 -3 -4 -2 -3 -2  4 -1  1 -3 -1 -3    5   3   3  12   0   4  11   5  11   1   2   2   1   1  18   4  11   0   2   2  0.41 0.32
  119 T    4 -5 -2 -5  2 -5 -4  0 -5 -4 -3 -3 -3 -2 -3  2  4 -6 -5  1   35   0   2   0   4   0   1   6   0   1   2   2   0   2   1  12  23   0   0   8  0.75 0.52
  120 E   -3  6 -3 -1 -3  2  2 -4  2 -5 -4  2 -3 -6 -5 -1 -2 -6 -5 -3    2  39   1   3   1  10  13   2   4   1   2  13   1   0   0   4   3   0   0   2  0.94 0.56
  121 M   -2 -4 -5 -5 -1 -2 -4 -5 -1  2  3 -3  6  3 -6 -4 -1  0 -1  1    4   1   1   0   1   2   1   1   2   9  26   1  23  12   0   1   5   1   2   8  0.79 0.46
  122 T   -3 -4 -5 -7 -3 -4 -6 -7 -6  2  5 -6  2  1 -6 -4  0  0 -1  1    2   1   1   0   1   1   0   0   0  10  55   0   5   5   0   1   5   1   2  10  1.03 0.55
  123 G   -1 -3 -1 -2  3 -1 -2  2  1  1  1 -3  2  0 -3  0  1 -4 -2  1    5   1   3   2   7   2   2  16   3   7  13   0   6   4   1   7   7   0   1  13  0.21 0.20
  124 V   -3 -4 -5 -6 -1 -4 -5 -3 -2  3  2 -5  2  2 -1 -2  1  3  0  2    2   1   0   0   1   0   0   3   1  19  21   0   5   7   4   3  11   4   2  16  0.54 0.36
  125 I    0 -4 -1 -4  2 -3 -4 -4 -2  3  0 -5  2  4 -5 -1  1 -4  2  2    9   1   3   0   4   1   1   1   1  15   7   0   5  18   0   4  11   0   6  14  0.45 0.33
  126 V    2 -4 -1 -4 -2 -1 -3 -4  0 -2 -3 -5  0 -1 -3  2  5 -3 -3  1   16   0   2   1   1   3   1   1   3   1   2   0   3   3   1  13  39   0   1   8  0.74 0.54
  127 P   -4 -4 -4 -4 -4 -6 -5 -2 -3 -7 -6 -4 -7 -8  8 -3 -3 -8 -8 -5    1   1   1   1   0   0   1   4   1   0   1   1   0   0  83   2   2   0   0   1  2.67 1.22
  128 G    4 -4 -4 -2 -6 -4 -4  6 -3 -7 -7 -4 -6 -7  0  0 -4 -7 -4 -5   32   1   1   2   0   1   1  49   1   0   0   1   0   0   4   6   1   0   0   1  1.32 0.72
  129 G   -1 -4 -1  1 -4 -2 -3  6  0 -6 -5 -3 -6 -4 -4 -3 -4 -2 -4 -4    6   1   3   8   0   2   2  66   2   0   1   2   0   1   1   2   1   1   1   1  1.40 0.72
  130 F    0  0 -1 -1  0 -1 -3 -2  0  1  1 -1  1  5 -1 -2 -2  3  1 -1    7   5   3   4   2   3   0   3   2   9  14   3   3  24   3   3   2   4   4   3  0.26 0.23
  131 E   -2  0 -4  1 -6 -1  6 -3  0 -2 -3 -2  2 -2 -1 -2 -2  0 -5 -2    3   4   0   8   0   2  52   2   2   2   3   2   5   2   3   2   2   1   0   4  0.92 0.64
  132 D    0  2  1  3 -4  2  1  0  1 -3 -2  0 -1 -1 -1  0 -1 -4 -1 -3    6  11   6  19   0   8  11   7   3   2   4   5   1   3   2   5   3   0   2   2  0.23 0.23
  133 L   -3 -3 -2 -6 -1 -2 -3 -4 -1 -2  1 -5  4  6 -6 -3 -3  3  5 -2    2   2   2   0   1   2   2   2   1   2  14   0   9  34   0   2   2   3  17   2  0.98 0.59
  134 F   -3 -6 -6 -6 -6 -6 -6 -3 -1  1 -1 -6  0  7 -6 -3 -5  2  4  0    3   0   0   0   0   0   0   2   2   6   6   0   2  53   0   2   0   2  13   7  1.48 0.71
  135 Y    0  3 -1  0 -4  1  2 -2 -1  0  0  0  2  0 -1 -1 -1  0  0 -1    9  18   2   6   0   5  14   2   1   5   7   5   6   4   3   3   4   1   3   3  0.16 0.19
  136 Y    2 -1 -1  1 -4  0  4  0  0 -2 -1 -2 -1  1 -4 -1 -1 -1  0 -2   16   3   2   8   0   4  27   7   2   2   6   2   1   6   0   3   4   1   4   3  0.27 0.28
  137 L    0 -3 -1 -3 -1 -3 -2 -2 -1  2  2 -4  3  1 -2 -1  0 -4  0  2    9   1   3   1   1   1   2   2   2  11  23   0   8   5   2   3   5   0   2  18  0.28 0.24
  138 G    2 -3 -1 -1 -5 -3 -2  5 -2 -3 -4 -3 -5 -3 -5  2 -1 -5 -5 -4   14   2   2   4   0   1   3  50   1   2   1   1   0   1   0  13   3   0   0   1  0.92 0.54
  139 T    0  1 -1  2 -4  2  3 -2 -1 -2 -2  0 -1 -3 -1 -1  1  1 -2  0    7   9   2  12   0   8  18   2   1   2   4   5   1   1   3   3  11   2   1   7  0.23 0.23
  140 N    0 -2 -2  0 -5 -1  0 -1 -1 -2  0 -2  1 -2  6 -1 -2 -1 -3 -2    7   2   2   6   0   2   6   4   1   2   9   2   4   2  37   5   3   1   1   3  0.65 0.43
  141 A    3 -3 -2 -2 -1 -2 -2 -2  0 -1 -1 -2 -1  0  0 -2  1  2  3  1   26   1   1   3   1   2   2   3   2   3   5   2   2   4   6   2  10   3  10  12  0.27 0.27
  142 T    1  1  0  2 -4  1  2 -1  0 -2 -2  0 -2 -2  0  0  1 -4 -1 -1   14   6   4  12   0   6  13   3   3   2   4   4   1   2   4   7  10   0   2   3  0.16 0.18
  143 D    0  0  0  2 -3  0  2  2  1 -3 -3 -1 -3 -3  1  2 -1 -2 -3 -3    7   4   4  13   1   3  13  17   3   1   2   2   1   1   7  14   4   0   1   2  0.29 0.26
  144 T    0  0 -1 -1 -3 -1  0  2  3 -1  0 -2  0 -2  3  0  0 -2 -1 -1    7   6   2   3   1   3   6  16   7   4  10   1   2   1  16   6   5   1   2   3  0.21 0.20
  145 T    0 -1 -2  0 -1  0  1 -2 -1  0 -1 -1  0 -2  2  0  2 -4 -1  1    7   3   2   5   1   4   8   3   1   6   4   3   3   2  12   6  16   0   2  13  0.17 0.17
  146 H    0  0  0  0 -2  1  0  1  1 -2  0 -1  0 -1  2  0  0  2  0 -1    9   5   3   4   1   6   5  10   4   2   9   2   3   3  13   6   5   3   3   3  0.10 0.11
  147 T    1 -1 -3 -1  0 -1  0  0 -4 -2 -1 -1 -2 -3  5  0  1 -2 -3 -1   10   3   1   4   2   3   5   6   0   2   5   4   1   1  28   8   9   1   1   4  0.44 0.31
  148 P    0 -4 -3 -2 -5 -3  1 -3 -2 -3 -4 -3 -3 -5  7 -3 -2 -5 -5 -3    8   1   2   3   0   1  10   2   1   2   2   1   1   1  59   2   2   0   0   2  1.54 0.77
  149 Y    0 -2 -2  0 -3 -1 -1  0  0 -1  0 -2 -1  3  2 -1 -2  0  4  0    7   2   2   5   0   2   5   6   2   3   9   3   1  13  12   3   2   1  15   5  0.25 0.20
  150 I   -1 -1  0  1 -3 -1  0 -2 -1  1  0 -1  0  1  1 -1  0  2 -1  2    6   2   4   9   0   2   5   3   1   7   9   3   2   8   8   3   6   3   1  16  0.10 0.12
  151 P   -2 -4 -4  0 -2 -2 -3 -3 -3  1 -1 -4 -3 -6  7 -2 -3 -2 -5 -3    3   1   1   5   1   2   2   2   1   7   7   1   1   0  58   3   1   1   0   2  1.47 0.77
  152 S    1  0 -2  2 -4  1  3 -2 -1 -1 -3 -1 -2 -2  2  0  0 -4 -4 -1   13   5   1  12   0   5  19   3   2   4   2   2   1   2  10   8   6   0   0   5  0.27 0.25
  153 S    2 -1  0  3 -4  0  2 -1  0 -4 -3 -1 -1 -3  3  0  0 -5 -4 -3   15   3   5  15   0   3  15   5   3   1   2   2   1   1  17   5   6   0   0   2  0.40 0.32
  154 S    1 -2  0  3 -4  0  1 -1  1 -2 -1 -1 -1 -2  2  0 -1 -4 -1 -1   11   2   4  18   0   5   9   5   4   2   7   3   1   2  11   6   3   0   2   5  0.20 0.19
  155 T    0  1  1  2 -3  1  2 -1 -1 -2 -1 -1 -1 -2  2  0  1 -1 -2 -2    8   8   7  11   0   5  12   5   1   2   6   3   1   2   9   7   8   1   1   3  0.14 0.15
  156 T    0  2 -2 -1 -4  1  0 -1 -1 -1  0 -1  1  2  2  0  0 -3 -1 -1    8  15   1   4   0   6   7   4   2   2   8   2   4   9  11   5   6   0   2   3  0.15 0.18
  157 G    2 -1  0  1 -3  0  0  1 -1 -2  0 -1  1  0  2  0 -2 -2 -2 -2   18   3   4   8   0   3   5  13   2   2   9   4   3   5  11   5   2   0   1   1  0.16 0.17
  158 P   -1 -1  0  0 -2 -1  1 -3 -1  0  1 -3 -1 -2  5  0 -1 -1 -2 -1    5   4   4   7   1   2   9   2   2   7  15   0   1   1  25   6   4   1   1   4  0.36 0.28
  159 D    0  0  0  0 -2  1  0  0  1  0 -1  0  1  0  1  0  0 -2  1  0    6   6   5   6   0   5   6   6   5   6   6   6   5   5   6   6   6   0   5   6  0.03 0.06
  160 S    1  0  0  0 -3  0  1  0  0 -1 -1  0  0  0  1  0  0  2  0 -1   11   6   3   5   0   5  10   8   3   4   6   5   4   3   8   5   7   3   3   3  0.06 0.08
  161 S    0  1 -1  0 -3  1  1 -1  1 -1 -1  2  1 -1  0  0  0  1 -1 -1    9   6   3   6   0   6  11   4   4   3   5  14   4   2   5   5   5   2   2   5  0.10 0.13
  162 T    0  0  0  0  2  0  0 -1 -2  0 -1  0  1  0  0  0  0  3  1  0    5   5   5   5   5   5   5   5   0   5   5   5   5   5   5   5   5   5   5   5  0.05 0.08
  163 I    0 -1 -1  0 -3  0  0 -1  0  2  1 -1  2  0  0 -1 -1 -3  0  0   10   4   3   4   0   3   6   4   3  13  13   3   8   5   4   5   4   0   4   6  0.05 0.09
  164 S    1  1  0  0 -3  0  2  0  1 -1 -2  1  0 -4  2  0  0 -4 -3 -1   14   7   4   4   0   4  13   7   3   3   3   7   2   0  10   8   5   0   0   5  0.17 0.18
  165 T    1  0 -1 -1 -2  1  0 -1 -1  0  0  1  0  1  0  0  0  1 -1  1   13   5   3   3   0   6   5   4   2   5   9   8   2   7   3   4   7   2   2  11  0.03 0.07
  166 L    1 -2 -2 -2 -3  0  0 -1 -3  0  3 -1  2  0  1 -1 -1 -3  1  0   12   2   2   2   0   3   5   4   0   5  27   4   6   4   6   3   4   0   5   6  0.16 0.20
  167 Q    0  0  0  0  2  0  0 -1  1  0 -1  0  1  0  0  0  0 -2  1  0    5   5   5   5   5   5   5   5   5   5   5   5   5   5   5   5   5   0   5   5  0.03 0.05
  168 S    1  2  0  0 -3  1  1  0  1 -1 -2  1 -3 -3  0  1  0 -4  0 -1   12  10   4   4   0   8  10   7   4   4   4   7   0   0   5  10   4   0   3   4  0.13 0.15
  169 F    1 -1 -4 -2 -4  0 -2 -2  1 -1  1 -2  1  4 -1 -3 -2  2  4 -1   13   3   0   2   0   4   2   3   3   4  15   2   4  19   3   0   2   2  15   3  0.36 0.31
  170 D   -1 -1  0  5 -1 -1  1  1 -1 -2 -4  0 -4 -1 -1 -1 -1 -4  0 -2    6   3   4  37   2   2   9  11   2   2   1   6   0   2   3   3   4   0   3   2  0.50 0.36
  171 V    0 -1  1  0 -2  1  0  0  2  0  0  0  1  1 -2  0  0 -2  1  0    6   0   6   6   0   6   6   6   6   6   6   6   6   6   0   6   6   0   6   6  0.04 0.09
  172 Y    0  1 -1 -1  1  1 -1 -2  4 -2 -3  2  0  0 -1 -2 -1  3  3 -1    9   8   3   4   3   6   4   3   8   3   3  11   3   4   3   3   4   4  10   5  0.24 0.18
  173 A    1 -1  0 -2  0 -3  0  1  0 -1 -2 -2  0  4  2 -1 -2 -3  1 -2   12   3   4   2   2   0   5   9   3   4   4   2   2  22  12   3   3   0   5   3  0.31 0.28
  174 E    0  0  1  2 -1  2  2 -1  0 -1 -1  0  1 -4 -1  0 -1 -4 -3  0    9   4   5  13   2  12  14   4   2   3   4   5   4   0   3   5   3   0   0   8  0.18 0.20
  175 L    0  0 -1  0  2  0  0 -1  1  0 -1  0  1  0  1  0  0 -2  1  0    6   6   0   6   5   5   6   6   5   6   6   6   5   5   6   6   6   0   5   6  0.03 0.08
  176 S    0  0  0  0 -2  1  0  0  1  0 -1  0  1  0  1  0  0 -2  1  0    6   6   5   6   0   5   6   6   5   6   6   6   5   5   6   6   6   0   5   6  0.03 0.06
  177 F    0 -2  0  0 -3 -1  0  0  2  0  0 -2  1  1  1  0  0  4  1  0    6   0   6   6   0   0   6   6   6   6   6   0   6   6   6   6   6   6   6   6  0.09 0.13
  178 T   -1  0  0 -1  0  1  0  0  0  0 -1  0  0 -1  0  0  1 -3  1  0    5   4   6   3   3   7   6   8   3   5   5   4   3   3   5   4  12   0   6   8  0.04 0.08
  179 P   -1  0 -4 -4 -5 -1 -1 -2 -4  1 -1 -1  0 -5  7 -1 -1 -5 -5 -4    4   6   0   0   0   3   3   3   0   9   6   3   3   0  49   3   5   0   0   1  1.05 0.55
  180 R   -1  1  2  2  0  0  0 -1  2 -2 -2  1 -2 -1  2  0 -1  1 -2  0    4  10   9  11   2   4   5   4   7   2   4  10   0   3   9   5   3   2   1   7  0.15 0.13
  181 T    0  0  0 -2 -3  1  0  0  2  0 -1  0  1  1  0  0  0  3  1  0    6   6   5   0   0   5   6   6   5   6   6   6   5   5   6   6   6   5   5   6  0.07 0.11
  182 D   -1 -3  0  4 -4  1  1 -1  1 -3 -1  0  2 -1  1 -1  1 -4 -3 -1    4   0   4  26   0   5   9   4   4   0   5   7   5   4   7   5   8   0   0   4  0.31 0.27
  183 T   -1  0  0  0 -3  0  0 -1  2  0 -1  0  1  0  0  0  0  3  1  0    5   5   5   5   0   5   5   5   5   5   5   5   5   5   5   5   5   5   5   5  0.06 0.08
  184 V    0  0 -1 -1  1  0 -1 -1  1  1  0  0 -1  0  1 -1  1 -3  0  1    6   4   3   4   4   3   3   3   3   7   8   6   0   5   8   4  10   0   4  14  0.06 0.10
  185 N    0  1  1  1 -3  1  1  0  2 -2 -1  1 -2 -2  1  0  0 -2  1 -2    7   7   7   7   0   7   7   7   7   0   7   7   0   0   7   7   7   0   7   0  0.13 0.11
  186 G    0  0 -1  0 -3 -1  0  2  2  0 -2  0 -2  0  2  0  0 -3  0  0    7   4   0   4   0   0   6  20   7   9   1   6   0   4  10   4   6   0   4   7  0.12 0.13
  187 T    0  0  0  0 -2  1  0 -1  1 -1 -1  0  0 -1  0  1  3 -3 -1  0    9   3   3   6   0   6   5   5   5   3   5   4   2   2   4   9  22   0   2   5  0.11 0.15
  188 A    2  0 -1 -1 -3 -1 -2  0  0 -2 -1  0 -3 -3  4  0  0 -4 -1 -1   22   6   3   4   0   3   0   7   2   2   5   5   0   0  24   5   5   0   2   3  0.37 0.27
  189 P    1 -1 -1  0 -1 -1 -1  1 -3 -2 -2 -1 -1 -1  5  0 -2  0  0 -1   12   4   2   5   1   3   4   9   0   2   3   2   2   3  31   5   2   1   3   4  0.45 0.28
  190 A    2  0 -1  1  0  0  2  0  0 -2 -1  0 -2 -1  1  0  0 -3 -1 -2   18   4   1  10   2   5  13   7   2   2   8   4   0   3   6   8   4   0   2   2  0.12 0.14
  191 N    0 -1  0  1 -1 -2 -1  1 -1  1  0 -1 -1  0  1  0  0  0 -2  2    6   3   3   9   1   0   2  13   2   6   7   3   1   4   7   5   4   2   0  20  0.08 0.12
  192 T    0 -1 -1  0 -3  1  0  1 -2 -1  1 -1 -1 -3  1  1  1 -3 -1  0    8   2   3   4   0   7   4  12   0   3  14   3   1   0   7  10  11   0   2   8  0.09 0.13
  193 V    0 -1  0  2 -3 -1  0 -1  1 -1 -2 -1  0  0  2  0  2 -3  0 -2    6   3   5  12   0   2   7   4   4   3   4   2   3   4  12   5  17   0   3   3  0.18 0.16
  194 W   -2 -4 -4 -2  0 -3 -1 -1 -4 -4 -3  0 -4  0  1 -2 -1 11 -1 -4    3   1   1   3   2   1   5   5   0   1   3   6   0   4   6   3   5  48   2   1  1.75 0.69
  195 H   -1  0  0  0  2  0 -1 -1  6 -1 -1 -1  0 -1  1 -1  0 -4  1 -1    5   4   4   5   5   4   4   4  20   3   6   4   3   3   6   5   7   0   5   3  0.27 0.25
  196 T    0  0  1  0 -2  1  0  0  2  0 -1  0  1 -2  1  0  0 -2  1  0    6   6   6   6   0   6   6   6   6   6   6   6   6   0   6   6   6   0   6   6  0.05 0.08
  197 G    0  1  1  1  2 -1  0  0  2 -2 -2  0  1 -3  1  0  0 -3 -2  0    7   7   7   7   7   0   7   7   7   0   1   7   7   0   7   7   7   0   0   7  0.12 0.13
  198 A    0  1  1  1 -3  1  0  0  2 -2 -1  0 -2 -2  1  0  0  4 -2 -1    7   7   7   7   0   7   7   7   6   0   7   7   0   0   7   7   7   6   0   7  0.12 0.12
  199 N   -1 -1  4  2  0  1  1 -1  3 -4 -2 -1 -3 -4 -1  1 -1 -4 -1 -4    3   3  26  13   2   6  10   4   7   0   3   3   0   0   3  10   4   0   2   0  0.40 0.31
  200 A    1  0  0  0  1  0  0 -1  1  0 -1  0 -2 -1  0  1  2 -3  0  0   14   5   5   5   3   3   5   4   3   6   3   5   0   3   4  11  13   0   3   5  0.07 0.11
  201 L    0  1  1 -1 -2  1  0  0  2  0  0  0  1 -2  1  0  0 -3 -2  0    7   7   7   0   0   7   7   7   6   7   7   7   6   0   7   7   7   0   0   7  0.07 0.10
  202 A   -1  0 -2 -3 -4 -3 -3 -2 -4 -1  2 -1 -2 -1  6 -1 -3 -4 -3 -1    6   6   1   1   0   0   1   2   0   2  20   3   0   3  44   5   1   0   0   4  0.87 0.39
  203 S    1  0  0  0 -3 -1  0  2 -2 -3 -2 -1 -1 -3  4  0  0 -3 -3 -3   11   7   3   4   0   1   6  19   0   1   3   3   2   1  26   7   5   0   0   1  0.45 0.23
  204 T    1  0  1  3 -1 -1  1  1  0 -3 -2  0 -2 -3 -1  1  0 -3 -3 -2   13   3   7  21   1   2  10  10   2   1   3   5   0   0   3   9   6   0   0   2  0.24 0.16
  205 A    1  0 -1 -2 -1  0  0  1 -2 -2 -2 -1 -2 -1  3  1  1 -3 -1 -1   12   5   1   0   2   4   6  13   0   2   4   2   0   4  19  10  10   0   2   4  0.25 0.17
  206 G    0 -1 -1  0 -1  1  0  1  0  0  0 -1  0 -2  1  0  0 -3 -2  1    4   3   2   4   1  10   6  13   3   6  11   1   2   1   7   3   7   0   1  13  0.06 0.09
  207 D   -1  2  0 -1 -3  2  2 -1 -1 -2 -2  2 -2  0 -2  0  2 -3 -2 -1    5  13   4   2   0  12  13   3   1   1   1  12   0   6   0   5  14   0   0   5  0.22 0.19
  208 P    0 -4 -2 -4 -5 -4 -4  0 -4 -4 -5 -4 -4 -2  8 -2 -2 -5 -5 -2    9   0   2   0   0   0   0   8   0   0   1   0   0   2  68   3   2   0   0   4  1.74 0.64
  209 Y   -3 -4 -2 -4 -4 -3 -2 -4  1 -1  0 -2 -2  4 -4 -3 -2 -1  7 -2    2   0   2   0   0   0   2   1   2   3   9   3   0  18   0   1   2   0  50   2  1.18 0.50
  210 F   -2 -4 -4 -4 -4 -4 -3 -3  0  2 -1 -4 -2  6 -3 -1 -1  0  3  2    3   0   0   0   0   0   2   2   3  12   3   0   0  41   1   5   3   1   9  14  0.72 0.40
  211 I   -1 -2 -4 -4 -3 -3 -2 -4 -1  3  4 -2 -1 -2 -4 -1  0 -4 -3  3    5   2   0   0   0   0   2   0   2  15  40   2   0   0   0   4   4   0   0  23  0.51 0.32
  212 A    2  4  0 -1 -4  0  1 -1  1 -4 -3  1 -3 -2  0  0 -2 -4 -3 -3   23  30   5   2   0   2  10   3   4   0   2   7   0   1   4   4   1   0   0   0  0.42 0.30
  213 N    3 -1  3  0 -3 -1  0 -2  0 -3 -3  2 -3 -2  0  1 -1 -4 -2 -2   29   2  16   4   0   1   4   1   2   0   1  14   0   1   4  12   2   0   1   3  0.33 0.28
  214 G    0 -1  3  2 -4 -1 -1  4 -1 -2 -3 -1 -1 -4 -3 -2 -1 -4 -2 -3    7   2  19  11   0   2   2  37   1   3   2   4   1   0   0   0   4   0   2   2  0.52 0.32
  215 W   -1 -1  1  0 -4  1  4 -2  1 -3 -2 -1  0 -1 -3  1  2  0  1 -3    3   3   5   4   0   7  30   2   4   0   2   3   2   2   0   9  15   1   5   0  0.35 0.27
  216 G   -1 -1  0 -1  0 -4 -4  6 -4 -5 -3 -3 -4 -5 -4 -1 -2 -5 -5 -2    4   3   3   3   2   0   0  71   0   0   3   0   0   0   0   4   2   0   0   3  1.25 0.54
  217 P    0  0 -1  2 -4  0  2 -3 -3 -2 -2  0 -3 -4  6 -1 -3 -5 -4 -2    7   4   2  10   0   3  15   0   0   2   5   4   0   0  41   3   0   0   0   2  0.83 0.40
  218 K    0  4 -2 -2  0  0  0 -3  1 -2 -2  3 -1 -4 -1  1  1 -4 -3 -1    7  28   0   0   2   3   5   1   3   2   2  20   2   0   3   9   7   0   0   4  0.39 0.27
  219 Y    0  0 -2  0 -3  1 -1 -3  2  0  0  0  1  1 -3  0  0  4  1  0    7   7   0   7   0   7   0   0   6   7   7   7   6   6   0   7   7   6   6   7  0.11 0.14
  220 L   -1 -1 -3 -3 -3 -2 -1 -3  0  1  3 -2  3 -2 -2 -3  0  5 -2  0    6   3   1   2   0   1   4   2   3   8  33   2  10   1   2   1   5  10   0   7  0.43 0.28
  221 N    0 -2  3  0 -2  0 -1 -2  3  0  0 -1  0  0 -1  0  0  2 -1  0    9   1  20   4   0   4   2   3   7   4   9   1   2   4   2   6   7   4   2   8  0.15 0.14
  222 S    1  0 -1  0 -2 -1  0  1 -1 -1 -1  0 -1  0  0  1  0 -2  0  0   17   7   2   7   0   1   4   9   1   2   7   4   1   6   3   9   7   0   4   6  0.05 0.07
  223 Q    0  0  0  3 -3  0  1  2  2 -2 -2  0 -1 -2 -1  0 -1 -3 -2 -1    6   6   4  17   0   5  11  17   5   2   3   4   1   2   2   5   3   0   1   5  0.19 0.14
  224 Y   -1 -2  0  0 -3  1 -1 -1  1 -1  2 -2  0  0 -2  0  1 -1 -1 -1    5   1   5   7   0   9   4   5   4   2  29   1   1   5   2   6   9   1   2   3  0.11 0.17
  225 G   -1 -2 -2 -3 -2 -3 -3  5 -1 -3  1 -2 -1  1 -3 -2 -1  0 -2 -2    3   2   1   1   1   0   1  52   2   1  15   2   2   6   1   2   3   1   1   2  0.75 0.42
  226 Y   -2 -2 -2  0 -2 -2 -3  4  2 -4 -3 -3 -1  3 -2 -2 -2  1  5 -3    2   2   2   7   1   1   1  34   5   1   2   1   1  11   2   3   2   2  20   1  0.67 0.39
  227 Q    0  0 -2  0 -3  3  0 -2 -1  0 -2  1 -2 -2 -2  0  2  0 -2  1    7   6   0   6   0  17   4   2   2   5   3   8   0   2   1   4  18   1   1  13  0.23 0.25
  228 I   -2 -2 -2 -4 -3 -3 -4 -4 -4  4  3 -3  4 -1 -3 -3 -1 -4 -1  3    2   2   2   1   0   0   1   1   0  21  26   1  12   1   1   2   3   0   2  22  0.61 0.36
  229 V    0 -2  0 -3  1 -2 -2 -2  0  3  0 -1  1 -1 -3  1 -1 -1 -1  3    6   1   4   1   3   2   1   2   2  22   5   5   3   2   1  15   1   1   2  21  0.24 0.22
  230 A    2  4  0 -2  0  3 -1 -2 -2 -2 -3  0 -2 -3 -2  0  2 -3 -3 -2   16  24   4   1   2  15   2   3   0   2   2   3   0   1   2   8  13   0   1   1  0.40 0.30
  231 P   -1 -2 -3 -1 -3  0 -2 -3 -3  0  0 -2 -1  0  6 -2  0 -3  0  0    5   2   1   4   0   4   1   2   1   5   8   2   1   5  42   2   5   0   3   8  0.74 0.35
  232 F   -3 -3 -3 -2 -1 -3 -4 -3 -3  0  4 -1  1  5 -3 -3 -2 -2  3 -1    1   1   2   2   1   1   1   2   0   3  39   3   3  23   2   1   2   0   9   3  0.66 0.37
  233 V    3 -3 -2 -3  2 -2 -3 -2 -3  3  0 -1 -1 -1 -3 -1  0 -3 -3  2   28   1   1   1   4   2   1   2   0  17   9   3   1   2   1   4   5   0   0  18  0.36 0.28
  234 T   -1  1 -1 -1 -3 -2 -3  1  0 -2 -1 -2 -2  0 -2  2  5 -4 -3 -2    4   8   2   3   0   1   1  10   2   2   5   1   1   4   2  12  40   0   0   2  0.51 0.39
  235 A    2  0 -2 -3 -4 -1 -2  3 -2 -4 -3  1 -3 -2  1  0  2 -4 -4 -2   17   5   1   1   0   3   1  27   1   0   3   8   0   2   8   6  17   0   0   2  0.41 0.33
  236 T    2  1  0  1 -4  1  2  0 -3 -3 -3  2 -3 -4 -1  1  0 -4 -4 -1   21   7   3   7   0   4  12   5   0   1   2  14   0   0   2  10   6   0   0   5  0.26 0.25
  237 Q   -2 -1  1  1 -6  6  3 -3  0 -4 -5  0 -2 -6 -4  0 -1 -5 -5 -4    3   2   5   7   0  43  18   2   2   1   1   4   1   0   0   6   4   0   0   1  0.97 0.62
  238 A    0 -4  0 -2  3 -1 -2 -2 -1 -5 -5 -3 -4 -5 -3  3  6 -6 -5 -3    7   0   5   2   5   2   2   2   1   0   0   1   0   0   1  22  47   0   0   1  1.03 0.66
  239 Q    1 -1  2  1 -3  0  2  2  0 -3 -3 -1 -3 -2 -2  0  1 -4 -3 -3   10   4  10   8   0   4  14  19   3   1   2   2   0   2   2   7  10   0   0   1  0.28 0.23
  240 D   -2 -3  4  3 -6 -4  0  5  0 -6 -6 -4 -5 -4 -5 -1 -4 -6 -3 -6    2   1  22  19   0   0   6  40   3   0   0   0   0   1   0   4   0   0   1   0  1.10 0.62
  241 T   -1  2 -1 -1 -1  1 -1  3 -2 -3 -2  0 -1 -3 -2 -1  3 -3 -2  0    3  11   3   3   1   7   2  24   1   1   2   4   2   1   1   2  22   0   1   7  0.33 0.26
  242 N   -1  1  3  0  1  0 -1  0 -2 -3 -2  2 -1  3 -3 -1 -1 -2  2 -3    5   9  17   4   4   3   3   6   0   1   2  14   1  13   1   4   3   0   8   1  0.27 0.23
  243 Y    0 -4  0 -1  0 -3 -3  0 -2 -2  0 -3 -2  7 -4 -2 -3  2  1 -3    7   1   5   4   2   1   2   8   1   1   7   1   1  48   1   2   2   2   3   1  0.92 0.49
  244 T    2 -1 -1 -2 -2 -2 -2  0 -3  1 -1 -2 -1  0 -3  3  3 -4 -3 -1   18   3   3   1   1   1   1   5   0   8   4   2   1   4   0  20  21   0   0   4  0.34 0.32
  245 L   -1 -4 -5 -5  0 -3 -2 -4 -1  3  2 -4  4  2 -5 -1 -3 -4  2  2    4   0   0   0   2   1   2   1   1  19  22   1  11  10   0   5   1   0   6  12  0.54 0.38
  246 S    1 -3 -1 -1  0 -1  0  2 -1 -2 -2 -3 -1  0 -3  3  1  2 -2 -2   13   1   2   3   2   2   6  16   2   3   4   1   1   5   1  26   8   3   1   2  0.29 0.28
  247 T   -1 -1 -2 -2  0 -1 -2 -1 -3  2  0 -3  0 -1 -3  1  4 -4 -1  1    5   3   1   2   2   2   2   5   0  11   7   1   2   3   1  11  29   0   2  12  0.33 0.30
  248 I   -2 -2 -4 -3 -3 -2  0 -4 -2  4  2 -3  2  0 -1 -3 -1 -1 -2  3    3   2   0   1   0   1   6   1   1  30  15   1   5   3   3   1   4   1   1  19  0.49 0.33
  249 S   -1 -1 -3 -2 -5  0  5 -1 -1  0 -3 -2 -1 -5 -4  1  3 -5 -1 -2    4   3   0   1   0   3  39   6   1   6   2   1   2   0   0   9  16   0   2   3  0.62 0.48
  250 M    0 -3 -3 -2  1 -2 -1  3  1  1  0 -3  4 -2 -2  2  0 -1 -1 -1    6   0   0   1   3   2   4  20   4   8   9   1  11   2   2  18   4   1   2   2  0.27 0.27
  251 S    0  1  1  0 -3  0  1 -1  0 -2 -3  1 -3 -2 -3  4  1 -4 -1 -2    6   6   6   4   0   4   9   3   2   2   2   9   0   2   1  31   7   0   2   3  0.32 0.30
  252 T    0  1  0 -1 -1  0  0  2 -1  0 -1  0  0 -2  2  0  0 -1 -2  0   10   9   5   2   2   4   5  15   2   5   5   5   3   2   9   6   5   1   1   6  0.08 0.09
  253 T    0  1 -2 -2 -1  1 -1 -1  2 -1 -1  1  0 -2  4 -2  0 -2  1  0    7   9   1   2   1   6   3   4   4   4   5   7   3   2  23   1   5   1   6   6  0.28 0.24
  254 P    0  0 -3 -3 -2  0 -2 -2  2 -1  0  2 -1 -1  4 -2 -1 -4  2 -2    8   6   1   1   1   4   1   4   6   3  10  12   1   2  25   2   4   0   8   2  0.40 0.32
  255 S    0 -1 -1  0 -2 -1  0  5  0 -4 -4  0 -4 -4 -1  1 -1 -5 -3 -4    7   3   2   5   1   2   7  39   3   1   1   7   0   1   4  13   3   0   1   0  0.56 0.39
  256 T    0 -1  3  2 -2 -1  0  2  2 -3 -3  0 -3 -2  1  0  0 -4 -1 -2    6   2  16  14   1   3   4  13   6   1   2   4   0   2   8   8   5   0   3   2  0.28 0.25
  257 V    1  0 -1 -1 -1  0  1  1 -2  0  0 -1  1 -1  0  1  0 -3  0  0   13   4   2   2   1   4   9  10   0   6   7   2   5   3   4  10   3   0   4   8  0.04 0.09
  258 T    0 -2 -2 -2 -4 -2 -2 -1  1  3  0 -2  0  1  3  0  1 -4 -3 -1    7   1   1   1   0   1   2   6   5  18   8   3   2   8  17   6  10   0   0   3  0.26 0.26
  259 V    1 -2 -3 -3 -5 -1 -2 -2 -1  0 -1 -2 -2 -2  6  0 -2 -5 -3  0   12   2   1   2   0   3   3   3   1   7   7   2   1   2  39   7   1   0   1   7  0.71 0.47
  260 P    1  2 -1  0 -2 -1 -1 -2 -2 -3  0  0 -2 -3  5  0  0 -2 -3 -3   11  11   2   5   1   2   3   2   1   1   9   5   0   1  32   8   5   1   1   1  0.53 0.32
  261 T   -2  0 -3 -4 -2 -1 -2 -3  8 -3 -2 -1 -2 -1 -1 -3  3  2  0 -2    2   5   1   1   1   3   2   2  41   1   4   3   1   3   4   1  17   3   2   3  1.04 0.53
  262 W    0  0 -3 -4 -4 -2 -3 -3  1  1  1 -3  1  1 -3 -1 -1  7  3  2    7   5   1   1   0   2   1   1   4  10  12   1   3   6   1   4   4  15  10  13  0.44 0.27
  263 S   -3  0 -1 -4 -3  0 -2 -5  8 -5 -5 -1 -4  0 -5  1  3 -5  0 -3    1   5   2   0   1   4   2   0  42   0   1   4   0   5   0  12  18   0   2   2  1.22 0.60
  264 F   -1  0 -1  1 -4 -1  1 -3  3 -3  1 -1 -2  4  0 -1  0 -3  1 -2    5   4   3   9   0   2   8   1   7   0  13   3   1  22   5   4   7   0   4   1  0.25 0.22
  265 P    0  1  0  1 -3  0  1 -2  2 -3 -2  2 -1 -3  3  0  1 -1 -1 -1    6   7   5  10   0   3   8   2   5   1   3  13   1   0  15   6  10   1   2   4  0.22 0.14
  266 G   -1 -1 -1  0 -3  1  2  0  4 -2 -3 -1 -2 -2 -3  0  1 -1 -1  1    5   2   2   6   0   5  18   8  15   1   1   2   1   1   1   4  12   1   2  13  0.26 0.21
  267 A   -2 -3 -1  5 -4 -2  0 -3  7 -4 -4 -3 -4 -4 -1 -1  1 -4  0 -1    3   0   2  30   0   0   4   2  31   0   1   1   0   0   2   5  10   0   2   5  0.94 0.43
  268 C   -2 -3 -1 -1 -2  2  5 -4  6 -4 -2 -2 -2  0 -3 -2 -1 -4 -2 -2    4   0   2   2   1   8  46   1  18   0   4   1   1   4   0   2   3   0   1   2  0.88 0.43
  269 A    3 -3  0 -3  5 -3 -3 -2 -3  1 -1 -3  0 -1 -3 -1  1  1 -3  2   27   1   5   1  16   0   1   3   0   7   3   0   2   3   0   4  11   2   0  14  0.41 0.26
  270 F   -4 -5 -5 -5 -4 -3 -5 -5 -4  1  1 -5 -1  8 -5 -3 -4  0  1 -2    1   0   0   0   0   2   1   1   0   9  13   0   1  63   0   2   0   1   4   2  1.52 0.55
  271 Q   -2 -2 -3 -4  4  3  0 -4  2 -1 -1 -3 -1  2 -4 -3 -2  0  6 -1    3   2   0   0   8  13   6   1   4   3   7   1   1   9   0   1   2   1  34   4  0.72 0.37
  272 V   -3 -4 -5 -5  4 -4 -4 -3 -5  2  0 -4  2 -3 -4 -4 -2 -4 -4  6    1   0   0   0  10   0   1   2   0  10   8   0   5   0   0   1   2   0   0  57  1.06 0.46
  273 Q   -2 -2 -3 -1 -3  1  0 -4 -3  1  4 -2  1 -1 -3 -2  1 -3 -3  1    2   1   1   3   0   6   6   1   0   6  44   1   4   2   0   2  11   0   0  10  0.41 0.26
  274 E   -2 -2  0  4 -5  1  5 -2  0 -5 -5 -1 -2 -5 -3  0 -3 -5 -4 -4    3   2   3  22   0   5  48   2   2   0   1   2   1   0   0   7   0   0   0   1  0.96 0.44
  275 G   -3 -5 -4 -4 -5 -5 -5  7 -5 -6 -6 -4 -5 -5 -5 -3 -4 -5 -5 -5    1   0   0   0   0   0   1  92   0   0   1   0   0   0   0   1   0   0   0   1  2.28 0.74
  276 R    1  1 -1 -1 -2  2  2 -2  0 -2 -1  1 -1 -3 -2  0  1 -3 -1  0   16   8   2   2   1  13  15   1   2   1   6   6   1   0   1   7   8   0   2   7  0.18 0.16
  277 V   -2 -4 -4 -5 -1 -4 -4 -5 -4  2  4 -4  4  1 -4 -4 -3 -3 -2  3    2   0   0   0   1   0   1   1   0   9  45   0   9   6   0   1   0   0   1  21  0.76 0.35
  278 V    0  3 -1 -1 -3  0  2 -2  0 -2 -2  1  0 -3 -3  1  2  2 -3 -1    5  21   3   3   0   2  13   2   2   2   3   6   3   0   0  11  16   3   0   5  0.26 0.20
  279 V   -2 -4 -4 -5 -3 -4 -4 -5 -4  2  3 -4  2  3 -3 -4 -3 -3 -1  4    2   0   0   0   0   0   1   1   0  11  27   0   6  15   1   1   0   0   1  33  0.70 0.33
  280 Q   -1  1 -1 -1 -1  2  1 -1  2 -2 -2  1 -2  2 -3  0  2  5  1 -2    3   9   2   3   1  10   8   3   5   2   4   7   0   9   1   5  13   9   4   2  0.23 0.17
  281 I   -1 -4 -4 -3  1 -3 -4 -4 -2  3  2 -3  2  0 -3 -3 -2 -3 -2  4    6   1   1   1   3   0   1   1   1  18  22   1   4   4   1   1   1   0   1  34  0.54 0.27
  282 G    0 -1  3  1 -2  1  2  3 -2 -4 -3  0 -2 -2 -2 -1 -2  5 -3 -4    6   2  15   7   1   5  14  27   1   0   1   5   1   2   1   3   1   8   0   1  0.47 0.26
  283 D   -3 -3  0  6 -6 -2 -1  5 -2 -6 -6 -3 -6 -6 -5 -2 -4 -6 -6 -6    1   1   3  45   0   1   3  40   1   0   0   1   0   0   0   2   0   0   0   0  1.37 0.56
  284 Y    0  0 -1  1 -1  2  2  1  0 -1 -2 -1 -2 -1 -2  0  0 -2  3 -2    6   3   1   6   1  12  14  13   2   5   3   2   1   2   1   8   5   0  11   2  0.16 0.13
  285 A   -1  2 -1  1 -4  1  4 -2 -1 -3 -3  1 -2 -4  1  0  0 -4 -4 -3    5  11   1   9   0   5  36   2   1   1   1   9   1   0   6   5   7   0   0   2  0.50 0.30
  286 A    1 -1 -2  0 -2  0  2 -1 -2 -2 -2 -1 -2 -2  1  1  2  5 -2  1   10   4   1   4   1   3  15   3   1   1   2   3   1   2   6  10  13   8   0  12  0.22 0.19
  287 T    1  0  0 -2 -2 -1 -1 -2  0  1  0 -1  0  0 -3  1  2 -3  0  1   12   4   5   1   0   2   2   1   3  11   6   4   2   5   0   9  15   0   2  14  0.11 0.13
  288 E    0  2 -1  0 -1  1  1 -3 -1  0  1  0  0 -2 -2  0  1 -3 -1  1    5  12   1   4   1   7  13   1   1   4  14   5   1   1   1   6  10   0   1  12  0.11 0.13
  289 L    1 -4 -4 -5  0 -4 -4 -4 -4  1  4 -4  1 -1 -2 -3 -3 -4 -3  2   13   0   1   0   2   0   1   1   0   6  51   0   3   2   2   0   0   0   0  17  0.72 0.37
  290 G   -1  2  0 -2 -3  0  1  2  2  0 -1  0 -1 -2 -2  0  2 -3  0 -1    3  16   4   0   0   3   8  15   5   7   7   4   1   1   2   5  15   0   3   2  0.15 0.16
  291 S    2 -2 -3 -1 -4  1  1 -2  0 -4 -4 -1  1 -1  5 -1  0 -1 -4 -3   23   1   0   3   0   6  12   1   2   0   0   4   5   3  27   4   7   1   0   1  0.57 0.34
  292 G   -3 -3 -4 -2 -6 -5 -4  7 -5 -7 -5 -5 -2 -5 -5 -4 -5 -6 -6 -6    0   2   0   2   0   0   1  90   0   0   1   0   1   1   0   0   0   0   0   0  2.19 0.78
  293 D   -2 -4 -2  7 -6  2  3 -3 -2 -5 -6 -3 -5 -4 -4  0 -2 -6 -4 -5    4   0   0  57   0   9  18   2   1   0   0   0   0   1   0   6   2   0   1   0  1.32 0.57
  294 V   -2 -4 -4 -5 -1 -3 -4 -5 -4 -1  1 -4 -1  5 -4 -2  3 -3  1  3    3   0   0   0   1   1   0   0   0   1  10   0   1  28   0   3  22   0   5  24  0.73 0.40
  295 A    3 -4 -4 -5 -2 -4 -4  0 -4  3  1 -4  1 -2 -4 -3 -2 -4 -3  4   26   0   0   0   1   0   0   8   0  15  13   0   3   1   0   0   1   0   0  31  0.58 0.34
  296 F   -4 -3 -1 -5 -5 -2 -5 -5  4 -2  0 -5 -2  7 -5 -3 -2  3  4  0    1   1   4   0   0   2   0   0   9   1   7   0   1  48   0   2   2   3  11   8  1.16 0.50
  297 I    0 -5 -5 -5 -2 -5 -5 -4 -5  5  1 -5 -2 -1 -5 -3 -3 -5 -4  4   10   0   0   0   1   0   0   1   0  41  12   0   0   2   0   1   1   0   0  31  0.96 0.44
  298 P   -2 -6 -6 -5 -6 -4 -5 -6 -6 -7 -7 -5 -6 -7  8 -2 -3 -7 -7 -6    3   0   0   0   0   1   0   0   0   0   0   0   0   0  90   3   1   0   0   0  2.89 0.99
  299 G    4  4 -2 -3 -4 -1 -2 -1 -2 -5 -4  2 -4 -5  0 -1 -3 -2 -3 -3   46  21   1   0   0   3   2   3   1   0   0  14   0   0   4   2   1   1   0   1  0.77 0.45
  300 G   -1  1  3  0 -5 -4 -2  6 -2 -6 -6 -2 -5 -5 -5 -2 -3 -5 -2 -6    3   8  13   4   0   0   2  61   1   0   0   2   0   0   0   1   2   0   1   0  1.21 0.53
  301 V   -1 -3 -2 -3  3  2  0 -4 -2  1 -2 -2  0 -2 -4 -1  5 -5 -2  2    3   0   1   1   6  10   7   0   1   8   3   1   2   1   0   3  38   0   1  14  0.56 0.38
  302 E    1  0 -2 -3 -2 -2  0 -1 -1  1 -2 -1 -2 -2  5 -1  1 -4 -1  0   16   5   1   1   1   1   5   4   2   8   3   3   1   1  27   4   9   0   2   8  0.38 0.24
  303 F   -4 -5 -4 -5 -3 -4 -4 -6  9 -5 -4 -5 -2  6 -6 -4 -5  1  3 -3    1   0   0   0   1   0   1   0  46   0   1   0   1  33   0   1   0   2  10   2  1.97 0.74
  304 K    2  1 -1 -1 -1  1 -2 -1 -2 -3 -3  0 -2 -4 -3  4  3 -5 -4 -3   18   6   2   3   1   6   1   4   0   1   1   6   1   0   0  31  18   0   0   1  0.48 0.34
  305 Y   -3 -5 -5 -6 -1 -5 -5 -5  2  2  1 -5 -3  5 -3 -4 -3  0  7 -1    2   0   0   0   1   0   0   1   4  11  14   0   0  23   1   0   1   1  36   4  1.12 0.49
  306 Y    0  4 -2  1 -2  1  1 -2  2 -4 -3  2 -3 -2 -4 -2 -2  6  2 -2    9  22   1   7   1   6   8   3   5   1   1  12   0   1   0   2   2  12   7   2  0.47 0.30
  307 S    0 -3  1 -3 -2 -2 -3 -3 -2  1  0 -3  1  4  0  0  1 -3 -1  2    9   1   7   0   1   1   1   1   1   9   6   1   5  19   5   8   8   0   1  17  0.26 0.22
  308 E    0  0  0  2 -3  0  3  0 -1 -2 -1  0 -2 -4 -2  0  1 -2 -3  0    9   5   3  10   0   2  24   8   1   2   5   5   1   0   1   6  10   0   0   8  0.21 0.18
  309 A    2  0 -2  0 -2 -3 -2  0 -4 -3 -4 -2 -3 -5 -4  4  1 -5 -4  2   14   6   1   4   1   0   1   7   0   0   0   1   0   0   0  42   8   0   0  14  0.60 0.41
  310 Y    1  1 -1  1 -4 -1  1  0  4 -3 -4  1 -2 -4  3  0 -2 -4 -2 -1   11  10   3   6   0   1   8   7  14   1   1   8   1   0  16   7   1   0   1   4  0.36 0.25
  311 F   -2 -3 -1 -1 -4 -1  0 -2  4 -2 -2 -3 -2  4 -2 -1  0  0  5 -1    3   1   2   3   0   3   6   3  13   1   2   0   1  20   2   5   7   1  24   3  0.60 0.35
  312 S    3 -4 -1 -4  0 -3 -3 -3 -4 -2 -2 -3 -3  0 -2  1  4 -5 -4  2   31   0   3   0   2   0   1   1   0   1   2   1   0   4   2   7  27   0   0  18  0.59 0.39
  313 K   -1  5 -3 -4 -3  2 -1 -4  0 -5 -5  5 -2 -5 -4 -2 -3 -5 -4 -5    5  37   1   0   0   8   2   1   2   0   1  39   1   0   0   2   1   0   0   0  1.19 0.55
  314 V   -1 -2 -4 -5  0 -2 -4 -4 -1  1  0 -3  5  5 -4 -3 -2  1  0  3    6   2   0   0   2   1   1   1   2   8   8   1  15  24   0   1   2   2   2  23  0.58 0.33
  315 L   -3 -4 -3 -5 -4 -4 -4 -5 -3  1  4 -4  2  0 -5 -4 -2  5  3  2    2   0   1   0   0   0   0   0   1   8  46   0   4   3   0   0   2   7  11  13  0.77 0.38
  316 F    0 -3  0 -3 -2 -2 -3  2 -1  0  0 -3  0  1 -3  1  1  0  4  1    6   0   4   1   1   1   0  15   1   4   7   0   2   6   0  13   9   1  17  13  0.25 0.22
  317 V   -3 -5 -5 -4  0 -4 -5 -4 -4  2  1 -5  3  5 -5 -3 -2  3  0  3    1   0   0   1   2   0   0   1   0   9  13   0   8  27   0   1   3   5   2  27  0.75 0.38
  318 S    2 -3  1 -3  0 -2 -3 -1  0  0 -1 -3 -2  0 -2  2  3 -4  0  0   18   0   6   0   2   1   0   4   3   5   6   0   0   4   1  19  21   0   4   5  0.28 0.25
  319 S    2 -2  3 -1  0 -2 -2  0 -2 -2 -4 -3 -3 -3 -2  3  3 -4 -1 -2   20   2  15   3   2   1   1   7   1   1   0   0   0   1   1  24  17   0   3   2  0.43 0.32
  320 G   -1 -3 -1 -2 -3 -1 -3  6 -1 -4 -2 -2 -3 -2  1 -2  0 -3 -3 -3    3   1   2   2   0   4   1  58   1   1   5   2   0   2   6   1   6   0   1   2  0.89 0.37
  321 S    0  0 -2 -1 -4 -2 -2  2 -2 -4 -3 -1 -3 -2  6  0 -1  1 -2 -3    9   5   1   3   0   1   2  15   1   1   3   4   0   2  38   5   4   2   1   1  0.71 0.33
  322 D    1 -1  1  2 -3  0  1  3  0 -2 -3  0 -2 -3  0  0 -1 -3 -3 -1   10   2   7  16   0   3   9  25   2   2   2   5   0   1   4   5   3   0   1   4  0.27 0.16
  323 G   -2 -3 -1 -4 -2 -3 -4  7 -5 -6 -4 -4 -5 -5 -4 -3 -3  0 -5 -4    2   1   2   0   1   1   1  81   0   0   2   0   0   0   1   0   2   2   0   1  1.78 0.68
  324 L   -1 -5 -5 -5 -4 -4 -5 -5 -4  3  3 -5  2  6 -5 -4 -3 -1 -1  0    6   0   0   0   0   0   0   0   0  20  28   0   5  33   0   0   1   1   1   4  0.94 0.44
  325 D    0 -3 -2  4 -6 -2  6  0 -4 -5 -5 -3 -4 -1 -2 -3 -3 -2 -5 -2    7   1   0  25   0   0  49   7   0   0   0   0   0   4   1   1   0   1   0   3  1.05 0.56
  326 Q    0  3  0  2 -4  2  3 -1  0 -4 -4  0 -3 -4 -1  0  0 -4  0 -3    6  17   4  10   0  12  23   3   2   0   1   2   0   0   3   6   5   0   4   2  0.39 0.28
  327 N   -2  0 -3 -3 -3  1 -1 -5 -3 -1  3 -2  1  5 -5 -2 -3  2  1  0    2   4   1   1   0   9   4   0   0   2  26   2   3  30   0   2   1   3   4   5  0.56 0.34
  328 L   -4 -5 -6 -6 -4 -5 -6 -6 -5  3  3 -6  1  6 -6 -5 -4 -3  1  2    1   0   0   0   0   0   0   0   0  15  33   0   2  33   0   0   0   0   3  13  1.11 0.50
  329 V    0  2 -2 -1  0  1  1 -1  2  2  0  0  1 -1 -3 -1 -1 -1  0  0    7  15   0   2   3   7   9   4   5  14  10   3   5   3   0   3   1   1   3   3  0.10 0.14
  330 N    2  2  0  0 -4  2  3 -1 -1 -4 -3  1 -2 -2 -3 -1  1 -4 -2 -3   17  10   4   5   0  11  20   5   1   0   1   9   0   2   0   3  10   0   1   1  0.34 0.27
  331 G    2 -1  0 -1 -1 -1 -1  0 -1  0  1  0  2 -1 -3  0  0 -3 -2  1   23   4   4   3   1   1   2   8   1   6  17   5   6   2   0   4   5   0   0   9  0.11 0.14
  332 G    2 -6 -4 -5 -1 -3 -5  7 -6 -7 -7 -5 -6 -7 -5  1 -4 -6 -6 -6   13   0   0   0   1   1   0  74   0   0   0   0   0   0   0  11   0   0   0   0  1.76 0.72
  333 E    0  1 -2  0 -4  1  3 -3  1 -2 -3  3 -1 -4 -3  0  2 -4 -2  0    6   8   0   5   0   6  22   1   3   2   1  17   1   0   0   4  13   0   1  10  0.34 0.27
  334 E    1 -1 -2  0 -5  0  1 -4 -2 -5 -5 -1 -5 -6  7  0 -2 -6 -4 -2   10   4   1   5   0   3  11   1   1   0   0   4   0   0  50   6   2   0   0   3  1.14 0.52
  335 W    1 -3 -5 -5 -2 -3 -3 -5 -2 -2 -3 -3  0  3 -4 -2  1  8  6 -1   14   1   0   0   1   0   1   0   1   1   1   1   2  10   1   2   9  23  28   4  1.14 0.51
  336 S    0 -2  1  4 -4  1  4  0 -2 -4 -4  0 -4 -4  0  1  0 -5 -3 -4    6   1   8  21   0   6  26   6   1   0   1   4   0   0   4   9   6   0   0   0  0.49 0.29
  337 S    0  0 -2  0 -4  0 -1  3  3 -4 -3 -1 -3  2 -1  2 -1  1  2 -3    7   5   0   4   0   4   3  22   9   0   2   2   0   8   2  16   3   2   9   0  0.29 0.23
  338 V    1 -1 -1 -3 -3 -1 -1 -2  3 -1  0 -2  0  1  4 -1  0 -3  1  1   11   4   2   0   0   2   2   3   7   1   8   1   3   8  24   2   6   0   5  11  0.33 0.23
  339 S    0 -4 -3 -3 -3 -3 -1  0 -4  2 -1 -3  1 -2 -4  0  3 -5 -3  4    8   0   0   1   0   1   5   8   0  10   3   0   3   1   0   8  18   0   0  35  0.44 0.31
  340 F   -3 -4 -5 -4 -4 -3 -5 -4 -2  1  3 -4  0  3  1 -3 -3  5  4  0    1   0   0   1   0   1   0   1   1   8  33   0   1  12   7   1   1   9  15   7  0.65 0.35
  341 P   -4 -6 -6 -6 -7 -6 -5 -6 -6 -7 -7 -5 -7 -8  9 -4 -5 -8 -7 -7    1   0   0   0   0   0   0   0   0   0   0   0   0   0  98   1   0   0   0   0  3.30 1.05
  342 A    3 -1  0  1 -2 -1  3 -1 -2 -3 -3 -1 -3 -4  0  1  0 -5 -4 -2   30   3   4   6   1   0  26   5   0   1   2   1   0   0   5  10   5   0   0   2  0.39 0.28
  343 D   -3 -3  2  4 -6  0  6 -4 -3 -6 -5 -2 -5 -6 -1 -1 -3 -6 -5 -5    0   0   9  28   0   2  57   0   0   0   0   0   0   0   3   2   0   0   0   0  1.26 0.47
  344 W   -4 -4 -5 -6 -4 -4 -5 -4 -3 -4 -3 -5 -3  3 -5 -4 -4 11  3 -4    0   0   0   0   0   0   0   0   0   0   0   0   0  15   0   0   0  78   7   0  2.77 0.36
