    1 G   -3 -5 -3 -4 -5 -5 -5  7 -5 -7 -7 -4 -6 -6 -5 -3 -4 -5 -6 -6    0   0   0   0   0   0   0 100   0   0   0   0   0   0   0   0   0   0   0   0  2.31 0.58
    2 T    1 -2 -3 -2 -4 -3 -3 -2 -4 -4 -4 -3 -1 -5 -4  4  6 -5 -5 -3   10   2   0   2   0   0   0   3   0   0   0   0   1   0   0  33  49   0   0   0  1.08 0.48
    3 G    1 -3 -3 -2 -5 -3  2  6 -3 -6 -6 -3 -3 -6 -5 -3 -4 -6 -6 -5   12   1   0   2   0   0  17  66   0   0   0   0   0   0   0   0   0   0   0   0  1.36 0.49
    4 Y   -6 -6 -7 -8 -7 -6 -4 -8  0 -6 -6 -6 -5  0 -7 -6 -6 -2 10 -6    0   0   0   0   0   0   1   0   2   0   0   0   0   2   0   0   0   0  96   0  3.32 0.98
    5 D   -5 -5 -3  8 -7 -4 -2 -4 -5 -7 -7 -4 -7 -7 -5  1 -5 -8 -5 -7    0   0   0  86   0   0   1   1   0   0   0   0   0   0   0  11   0   0   0   0  2.33 0.77
    6 L   -4  5 -4 -4 -5 -1 -4 -5 -3 -1  4 -3 -1  3 -5 -1 -3 -4 -1 -3    0  30   0   0   0   2   0   1   0   2  44   0   1  11   0   6   0   0   2   0  0.81 0.41
    7 S    2  0 -2 -3 -4 -3 -3  3 -3 -5 -4 -3 -4 -3 -4  5 -1 -6 -3 -4   18   6   1   0   0   0   1  19   0   0   1   0   0   1   0  51   2   0   1   0  0.92 0.47
    8 N    2 -3  1 -4  0 -3 -4 -4 -4  3  1 -3 -2 -3 -3 -1  1 -5 -3  3   23   1   8   0   2   0   0   0   0  15  14   0   0   0   1   3  11   0   0  23  0.40 0.27
    9 S   -1 -4  3 -1 -4 -3 -4 -3 -2 -5 -5 -4 -4 -6 -3  4  5 -6 -5 -4    4   0  13   2   0   0   0   1   1   0   0   0   0   0   1  35  44   0   0   0  1.15 0.54
   10 V   -3 -4 -4 -5 -4  2 -4 -5 -4  3 -3 -4 -1 -3 -5 -1  6 -6 -5  2    0   0   0   0   0   9   0   0   0  14   0   0   1   1   0   2  57   0   0  15  1.19 0.55
   11 F   -6 -7 -7 -8 -5 -7 -7 -7 -5 -3 -3 -7 -4  9 -8 -6 -6 -3  4 -5    0   0   0   0   0   0   0   0   0   1   1   0   0  85   0   0   0   0  13   0  2.78 0.83
   12 S   -2 -5 -2 -3 -5 -4 -4 -4 -5 -7 -6 -4 -6 -7 -4  7 -2 -7 -6 -6    1   0   1   1   0   0   0   0   0   0   0   0   0   0   1  95   0   0   0   0  2.19 0.84
   13 P   -3 -5 -6 -6 -7 -4 -5 -7 -7 -7 -6 -5 -7 -8  9 -4 -3 -8 -7 -7    1   1   0   0   0   1   0   0   0   0   1   0   0   0  94   1   2   0   0   0  3.09 0.93
   14 D   -3 -4 -2  7 -7 -2  4 -4 -4 -7 -7 -4 -6 -7 -5  2 -4 -7 -6 -6    1   0   0  58   0   0  26   0   0   0   0   0   0   0   0  13   0   0   0   0  1.62 0.62
   15 G   -4 -4 -4 -5 -7 -6 -6  8 -6 -8 -8 -6 -7 -7 -6 -3 -6 -7 -7 -7    0   1   0   0   0   0   0  98   0   0   0   0   0   0   0   1   0   0   0   0  2.59 0.80
   16 R   -5  8 -3 -4 -7 -3 -3 -6  1 -7 -6  3 -5 -7 -6 -3 -5 -6 -5 -6    0  78   0   0   0   0   1   0   3   0   0  16   0   0   0   1   0   0   0   0  2.11 0.72
   17 N   -4 -5  1 -5 -4 -5 -5 -6 -5  3  5 -4 -1 -3 -5 -5 -3 -5 -4  3    0   0   8   0   0   0   0   0   0  15  50   1   0   0   0   0   0   0   0  25  0.97 0.42
   18 F   -5 -6 -5 -7 -6 -6 -6 -4 -3 -3 -2 -6 -3  8 -7 -6 -5 -3  5  1    0   0   0   0   0   0   0   1   0   0   2   0   0  69   0   0   0   0  15  11  2.07 0.68
   19 Q   -6 -4 -5 -5 -8  9 -3 -7 -4 -8 -7 -3 -5 -8 -6 -5 -5 -7 -6 -7    0   0   0   0   0  99   0   0   0   0   0   0   0   0   0   0   0   0   0   0  3.15 1.07
   20 V   -4 -6 -6 -7 -5 -6 -6 -7 -7  4 -2 -6 -2 -4 -6 -5 -3 -7 -5  7    0   0   0   0   0   0   0   0   0  21   1   0   0   0   0   0   1   0   0  76  1.84 0.67
   21 E   -5 -3 -3  0 -8 -2  8 -6 -3 -8 -7 -2 -6 -8 -5 -4 -4 -7 -6 -7    0   1   0   3   0   0  94   0   0   0   0   1   0   0   0   0   0   0   0   0  2.44 0.87
   22 Y   -7 -6 -7 -8 -7 -6 -7 -8  1 -6 -6 -7 -6 -2 -8 -6 -6 -2 10 -6    0   0   0   0   0   0   0   0   3   0   0   0   0   0   0   0   0   0  97   0  3.52 1.07
   23 A    7 -6 -6 -6 -5 -5 -5 -4 -6 -6 -6 -5 -5 -6 -5 -1 -4 -7 -6 -4   97   0   0   0   0   0   0   0   0   0   0   0   0   0   0   2   0   0   0   0  2.23 0.83
   24 V   -1  1  1 -3  0  2 -2 -1 -1  2  2 -1  3 -1 -4 -1  0 -4 -2  0    5   9   8   0   2  10   1   4   1  15  18   1   9   2   0   4   6   0   1   5  0.16 0.17
   25 K   -1 -2  0 -3 -7 -2  5 -4 -3 -6 -6  6 -5 -7 -5 -3 -2 -7 -6 -6    6   0   4   0   0   0  38   1   0   0   0  49   0   0   0   0   2   0   0   0  1.41 0.62
   26 A    7 -4 -6 -6 -5 -5 -5 -4 -6 -5 -6 -5 -5 -6 -4 -2 -1 -7 -6 -4   95   1   0   0   0   0   0   0   0   0   0   0   0   0   0   1   3   0   0   0  2.13 0.82
   27 V   -2 -6 -7 -7 -5 -6 -6 -7 -7  4 -2 -6 -2 -4 -6 -5 -3 -7 -5  7    2   0   0   0   0   0   0   0   0  22   1   0   0   0   0   0   1   0   0  74  1.81 0.68
   28 E   -1  0  0  3 -6 -1  4 -2 -3 -6 -6  4 -5 -6 -4  0 -3 -6 -5 -5    4   5   4  16   0   1  33   3   0   0   0  29   0   0   0   6   0   0   0   0  0.87 0.43
   29 N   -1  3  6 -3 -5  0 -3 -3  0 -4  1  0 -2 -4 -5 -1 -2 -6 -2 -4    6  14  44   0   0   3   0   1   2   0  15   6   1   0   0   3   2   0   1   0  0.83 0.44
   30 G    2 -5 -3 -4 -5 -4 -5  6 -5 -6 -6 -4 -6 -6 -5  4 -4 -4 -6 -6   13   0   0   0   0   1   0  55   0   0   0   0   0   0   0  31   0   0   0   0  1.44 0.60
   31 T    1 -4 -3 -4 -2 -2 -3  5 -4 -5 -5 -3 -3 -5 -3  3  2  2 -5 -3   11   0   0   0   1   1   1  43   0   0   0   1   0   0   1  24  12   3   0   1  0.90 0.44
   32 T   -1 -5 -3 -5 -2 -5 -5 -6 -6 -3 -2 -5 -4 -5  0 -1  7 -6 -6 -3    4   0   1   0   1   0   0   0   0   1   3   0   0   0   5   3  80   0   0   1  1.79 0.75
   33 S    5 -4 -4 -5  2 -4 -4 -3 -5 -2 -4 -4  0 -5 -4  3  2 -6 -5  2   48   0   0   0   3   0   0   1   0   2   1   0   2   0   0  20  10   0   0  13  0.88 0.47
   34 I   -3 -6 -7 -7 -4 -6 -6 -7 -7  6  1 -6 -1 -2 -6 -5 -4 -6 -5  5    1   0   0   0   0   0   0   0   0  50  13   0   1   1   0   0   0   0   0  33  1.44 0.55
   35 G    1 -6 -5 -5 -6 -6 -6  7 -6 -7 -7 -6 -7 -7 -6 -4 -5 -7 -7 -4   12   0   0   0   0   0   0  87   0   0   0   0   0   0   0   0   0   0   0   1  2.23 0.77
   36 I   -2 -6 -7 -7 -3 -6 -6 -7 -7  7  2 -6  0 -3 -6 -5 -4 -6 -5  3    3   0   0   0   1   0   0   0   0  58  21   0   2   0   0   0   0   0   0  16  1.43 0.55
   37 K   -2  6 -3 -5  3  1 -3 -5 -3 -3 -1  5 -3 -6 -5 -3 -2 -4 -5 -3    3  38   0   0   6   5   0   0   0   1   6  35   1   0   0   1   2   0   0   2  1.09 0.51
   38 C    2 -5 -5 -5  8 -5 -5  1 -5 -4 -5 -5 -4 -1 -5 -1  3 -3 -3  0   18   0   0   0  34   0   0  13   0   0   0   0   0   3   0   5  20   0   1   7  1.17 0.52
   39 N   -1  0  0 -2 -6 -1 -2 -4 -4 -5 -5  6 -4 -6  0  1  0 -6 -5 -3    5   3   4   1   0   2   2   0   0   0   0  58   0   0   4  12   6   0   0   2  1.05 0.52
   40 D   -4 -5  3  7 -7 -3  3 -2  0 -7 -7 -4 -6 -6 -5 -2 -3 -7 -4 -7    1   0  11  62   0   1  17   3   2   0   0   0   0   0   0   3   1   0   1   0  1.61 0.64
   41 G   -3 -7 -5 -6 -1 -6 -6  8 -6 -5 -7 -6 -7 -7 -6 -3 -5 -7 -7 -5    1   0   0   0   1   0   0  94   0   1   0   0   0   0   0   1   0   0   0   1  2.46 0.84
   42 V   -3 -6 -7 -7 -2 -6 -6 -7 -7  4 -3 -6 -3 -4 -6 -5 -3 -6 -5  7    1   0   0   0   1   0   0   0   0  18   0   0   0   0   0   1   0   0   0  78  1.90 0.71
   43 V   -3 -6 -6 -7 -3 -6 -6 -7 -7  2 -1 -6 -2 -4 -6 -5 -4 -6 -5  7    2   0   0   0   0   0   0   0   0  10   3   0   0   0   0   0   0   0   0  83  1.90 0.71
   44 F   -4 -5 -6 -6 -4 -5 -6 -6 -5  2  5 -5  2  4 -6 -5 -2 -4 -3  0    0   0   0   0   0   0   0   0   0  12  61   0   4  15   0   0   2   0   0   4  1.20 0.49
   45 A    6 -5 -5 -5 -3 -5 -5  3 -5 -2 -3 -4 -3 -6 -5 -3 -4 -6 -5 -1   66   0   0   0   0   0   0  22   0   2   3   0   1   0   0   0   0   0   0   4  1.28 0.59
   46 V    2 -5 -5 -6  1 -4 -5 -3 -5 -1 -2 -5 -2 -4 -5 -3  1 -6 -3  6   18   0   0   0   3   0   0   2   0   1   1   0   0   0   0   1  10   0   0  62  1.18 0.55
   47 E   -5 -4 -4  3 -8 -2  8 -6 -4 -7 -7 -3 -6 -7 -5 -4 -4 -7 -6 -6    0   0   0  14   0   0  83   0   0   0   0   1   0   0   0   1   1   0   0   1  2.22 0.86
   48 K   -5  1  0 -5 -7 -3 -1 -6 -3 -7 -7  8 -6 -7 -5 -3 -5 -7 -6 -7    0   5   3   0   0   0   3   0   0   0   0  86   0   0   0   1   0   0   0   0  2.20 0.84
   49 L   -3  4 -3 -5 -5 -2 -3 -5 -3  2  3  3 -1 -3 -2 -4 -2 -5 -3 -1    1  26   1   0   0   1   0   0   0  10  32  20   1   1   2   0   2   0   1   3  0.69 0.39
   50 I   -2 -3 -4 -5 -4 -2 -4 -5  0  4  1 -2  0 -2 -4 -1 -1 -5 -3  4    3   1   0   0   0   2   0   0   2  28  11   3   1   1   1   5   3   0   1  36  0.68 0.35
   51 T    0 -1 -1 -2 -2  1 -2 -3  2 -1  0  0 -1 -3  2  1  4 -5 -3  0    5   3   2   1   1   5   0   1   6   3   8   6   1   1   9   9  32   0   0   5  0.36 0.28
   52 S   -2 -2 -2 -3 -5 -4 -4 -4 -4 -6 -6 -4 -6 -5 -4  7 -1 -7 -6 -5    1   2   1   1   0   0   0   0   0   0   1   0   0   0   0  88   3   0   0   0  1.98 0.85
   53 K   -3  1 -1 -4 -5 -2 -2 -5 -4  0 -5  6 -5 -5  3 -2 -2 -6 -5 -3    2   6   2   0   0   1   1   0   0   5   1  59   0   0  15   3   2   0   0   2  1.19 0.56
   54 L   -5 -6 -7 -7 -5 -6 -7 -7 -4 -2  6 -6  5 -3 -7 -6 -5 -6 -5 -3    0   0   0   0   0   0   0   0   0   0  84   0  13   0   0   0   0   0   0   1  1.91 0.73
   55 L   -3 -5 -5 -6 -4  0 -5 -6  1  1  4 -5  5 -1 -6 -4 -4 -3  5  1    2   0   0   0   0   5   0   0   3   7  42   0  13   2   0   0   0   0  18   8  0.89 0.44
   56 V   -3 -3 -3  3 -3 -1  5 -5 -3  0 -1  0 -2 -5 -4 -3 -2 -6 -4  3    1   1   0  16   0   2  41   0   0   5   5   6   0   0   0   1   1   0   0  20  0.77 0.43
   57 P    1 -2 -2 -1 -5  0  3 -4 -2 -4 -4  0 -4 -5  6  0 -1 -6 -5 -3   10   1   1   4   0   4  17   1   1   1   1   5   0   0  41   8   3   0   0   1  0.94 0.44
   58 Q   -2  0  1  1 -3 -2  1  4  1 -5 -5  0 -4 -4 -3  3  0 -4 -4 -4    1   4   6   7   1   1   8  35   3   0   0   5   0   0   0  20   6   0   0   0  0.58 0.33
   59 K    3 -3 -1 -3  1 -3 -4 -3 -4 -4 -5 -1 -2 -4 -3  5  3 -6 -5 -3   20   0   2   1   2   0   0   1   0   1   0   4   1   1   1  49  16   0   0   1  0.92 0.51
   60 N   -2 -4  6 -1 -5 -4 -4 -3 -2  3 -1 -4 -1 -4 -3 -1 -1 -6 -2  2    3   0  43   2   0   0   0   1   1  18   5   0   2   0   1   5   4   0   2  14  0.83 0.44
   61 V   -4  4 -1 -2 -5  1  4 -4  1 -5 -5  4 -4 -5  0 -2 -3  0 -4 -4    0  20   3   1   0   6  32   1   4   0   0  24   0   0   4   1   1   1   0   1  0.86 0.44
   62 K   -5  7 -4 -5 -7 -2 -4 -6 -4 -7 -6  6 -5 -7 -6 -4 -5 -7 -6 -6    0  51   0   0   0   1   0   0   0   0   0  48   0   0   0   0   0   0   0   0  2.03 0.77
   63 I   -4 -6 -6 -7 -5 -6 -7 -7 -7  7  0 -6  2 -4 -6 -5 -2 -6 -5  2    0   0   0   0   0   0   0   0   0  71   7   0   5   0   0   0   3   0   0  13  1.71 0.64
   64 Q    0 -3 -4 -4  0  2 -1 -4  4 -2 -2 -3  3  5 -5 -2 -3 -3  4  0   10   1   0   1   2   9   5   1  11   1   3   0   7  28   0   3   0   0  13   6  0.63 0.36
   65 V    0 -1  2 -2 -3  1  2 -3  0 -2 -2  1  1 -4 -1  1  3 -5 -3 -2    7   1  12   1   0   5  14   1   2   1   3  10   4   0   3  11  21   0   0   2  0.31 0.25
   66 V   -2 -6 -7 -7 -4 -6 -6 -7 -7  6  1 -6 -2 -3 -6 -5 -4 -6 -5  5    3   0   0   0   0   0   0   0   0  46   9   0   0   1   0   0   0   0   0  41  1.46 0.57
   67 D   -3 -5  0  7  0 -4 -1 -2  2 -7 -7 -4 -6 -7 -5 -1  0 -8 -5 -6    2   0   3  72   2   0   2   3   5   0   0   0   0   0   0   4   7   0   0   0  1.75 0.68
   68 R   -2  4  0  3 -5 -1  2 -3 -1 -5 -4  2 -3 -5  0  0  0  2 -3 -4    2  27   3  18   0   1  13   1   1   0   1  13   0   0   4   6   5   3   1   1  0.57 0.33
   69 H   -5 -3  3 -4 -5 -1 -4 -5 10 -7 -6 -3 -6 -5 -6 -3 -3 -6  0 -7    0   1  11   1   0   3   0   1  76   0   0   1   0   0   0   1   1   0   2   0  2.74 0.89
   70 I    0 -6 -6 -6 -2 -5 -6 -6 -6  6  0 -5  0 -3 -5 -2 -2 -6 -4  4    8   0   0   0   1   0   0   0   0  56   5   0   2   0   0   4   2   0   0  22  1.22 0.50
   71 G    0 -6 -4 -5 -1 -5 -3  7 -6 -3 -6 -5 -3 -4 -6 -3 -4 -6 -6 -4    8   0   0   0   1   0   1  83   0   2   0   0   1   1   0   1   1   0   0   1  1.91 0.69
   72 C    1 -5 -5 -6  7 -5 -5 -5 -5  2  1 -5  6 -2 -5 -3 -2 -5 -4  3   11   0   0   0  24   0   0   1   0  10   9   0  23   1   0   1   2   0   0  18  1.06 0.47
   73 V    6 -5 -5 -5  1 -4 -4 -1 -5 -2 -4 -4 -4 -5 -4 -1 -1 -6 -5  3   63   0   0   0   3   0   0   4   0   1   0   0   0   0   0   3   4   0   0  22  1.19 0.57
   74 Y   -1 -4 -4 -4  0 -3 -2 -3 -3  1 -1 -4  4  1 -3  1  2 -2  4  3    3   0   0   0   2   0   2   2   0   7   2   0  13   5   1  11  12   0  14  25  0.48 0.32
   75 S    5 -2 -3 -4  1 -4 -4 -3 -5 -5 -5 -4 -4 -6 -4  5 -1 -6 -5 -3   43   2   1   0   2   0   0   1   0   0   0   0   0   0   0  45   2   0   0   1  1.23 0.60
   76 G   -4 -6 -2 -5 -7 -6 -6  8 -6 -8 -8 -6 -7 -7 -6 -4 -6 -7 -7 -7    0   0   2   0   0   0   0  97   0   0   0   0   0   0   0   0   0   0   0   0  2.60 0.86
   77 L   -4 -4 -4 -6  0 -5 -5 -6 -1  1  5 -5  5  1 -6 -4 -4 -4  0  0    0   0   1   0   2   0   0   0   2   6  61   0  14   6   0   1   0   0   3   4  1.12 0.49
   78 I   -1 -3 -2 -4 -3 -2 -4  0 -3  3  2 -3  2 -2 -3 -2  2 -4  0  2    4   0   1   0   0   2   0  10   0  16  22   0   5   1   1   2  15   0   4  17  0.34 0.24
   79 P    5 -5 -5 -5 -3 -4 -4 -2 -5 -5 -5 -4 -5 -6  5  0 -2 -6 -5 -4   55   0   0   0   0   0   0   3   0   0   0   0   0   0  30   7   2   0   0   0  1.39 0.60
   80 D   -5 -6 -3  9 -7 -4 -3 -4 -5 -7 -7 -5 -7 -7 -5 -4 -5 -8 -7 -7    1   0   0  95   0   0   0   1   0   0   0   0   0   0   0   0   0   0   0   0  2.79 0.92
   81 G    5 -5 -4 -4  1 -4 -4  4 -4 -5 -4 -4 -4 -1 -4  0 -3 -5  1 -4   47   0   0   0   3   0   0  31   0   0   1   0   0   3   0   7   1   0   5   1  0.99 0.48
   82 R   -4  8  1 -5 -5 -2 -4 -5 -1 -6 -5  1 -5 -4 -5 -3 -4 -3 -5 -6    1  77   6   0   0   1   0   1   2   0   1   7   0   1   0   1   0   0   0   0  1.95 0.73
   83 H    1 -2 -1 -3 -2  3 -2 -3  5  1 -2 -2 -1 -3 -3  1  2 -4 -2  2   11   1   2   0   1  14   0   1  16   9   2   2   1   0   0  11  13   0   1  15  0.40 0.29
   84 L   -4 -5 -5 -6 -3 -2 -5 -6 -5  3  5 -5  3  1 -5 -5 -4 -4 -3  1    0   0   0   0   0   2   0   0   0  15  58   0   8   6   0   0   0   0   0   7  1.06 0.45
   85 V    1 -4 -4 -5 -2 -4 -4 -4 -5  4  0 -3 -1 -3 -5 -3 -1 -3 -4  5   14   1   0   0   1   0   0   1   0  23   5   1   1   0   0   2   3   0   0  48  0.91 0.43
   86 N   -2  0  4  5 -5 -1  3 -3 -1 -5 -5  0 -4 -5 -4  1 -1 -5 -3 -4    3   4  21  32   0   2  16   1   1   0   1   4   0   0   0  10   2   0   1   1  0.78 0.38
   87 R   -3  6 -2 -2 -5  0 -2 -5  5  0 -3  1 -2 -1 -4 -3  0 -2  2 -1    1  40   2   2   0   3   1   0  12   7   1   7   1   3   0   1   5   1   9   4  0.75 0.39
   88 G    7 -5 -5 -5  1 -4 -4  0 -5 -4 -4 -4 -4 -5 -4 -2 -3 -6 -5 -4   83   0   0   0   2   0   0   7   0   0   1   0   0   0   0   2   1   0   0   0  1.67 0.69
   89 R   -4  8 -4 -5 -5 -2 -4 -5 -4 -5 -6  0 -4 -5 -6 -4 -4 -4 -3 -3    1  85   0   0   0   1   0   1   0   1   0   4   0   0   0   1   1   0   1   2  2.22 0.80
   90 E   -1  0  0  3 -3  0  2 -2 -1  0 -1  1 -1 -2 -3  0  0 -4 -2  2    4   3   4  18   0   4  13   2   1   5   7   9   1   2   0   5   4   0   1  17  0.18 0.15
   91 E   -2 -3 -3 -2 -6  1  7 -4 -2 -3 -3 -2 -2 -1 -4 -1 -1 -5 -1 -3    3   1   1   1   0   5  68   1   1   2   2   1   1   3   0   4   4   0   2   2  1.25 0.57
   92 A    6 -5 -4 -4  5 -4 -4 -2 -5 -5 -5 -4 -4 -5 -4  1 -1 -6 -4 -3   70   0   0   0  10   0   0   1   0   0   0   0   0   0   0  11   4   0   1   1  1.39 0.61
   93 A    1 -1 -2 -2 -4  6  0 -4 -2 -4 -1 -1  0 -5 -4  2 -1 -5 -2 -2   12   2   1   1   0  44   4   1   1   1   6   2   2   0   0  15   3   0   1   3  0.78 0.45
   94 S   -1  1  5 -1 -4  2 -1 -2 -1 -1 -4  0 -3 -5 -4  3 -1 -3 -4 -1    4   6  34   2   0  10   3   1   1   4   1   4   0   0   0  21   3   0   0   4  0.61 0.36
   95 F   -5 -5  2 -5 -6 -4 -3 -6  6 -4 -4 -5 -4  4 -6 -3 -4  5  7 -5    0   0   8   0   0   0   1   0  21   1   1   0   0  13   0   2   1   8  43   0  1.71 0.64
   96 K   -2  6 -3 -3 -5  0 -1 -4 -2 -3 -1  3 -2 -1 -5 -3 -3  5  1 -4    3  45   1   1   0   3   4   1   1   1   8  15   1   3   0   1   1   7   4   0  0.87 0.42
   97 K   -1 -1 -1  1 -3  1  0 -3 -2 -1  1  1  0  3 -3  1 -2 -3  0 -1    4   3   3   9   0   7   6   1   0   2  16  10   2  18   0  12   1   0   2   3  0.18 0.18
   98 L   -1 -1  3 -1 -3  1 -1 -3 -1  1 -1 -2  1  0 -4  0  3 -3  0  1    3   4  14   2   0   8   3   0   1   8   6   1   3   4   0   6  25   0   3  11  0.25 0.23
   99 Y   -6 -6 -3 -8 -7 -6 -7 -8 -2 -5 -5 -6 -5  4 -8 -6 -5  1 10 -4    0   0   1   0   0   0   0   0   0   0   0   0   0  12   0   0   0   1  82   1  2.90 0.97
  100 K   -2  2  3  2 -4  1 -1  4  0 -6 -5  1 -3 -6 -4 -1 -3 -6 -4 -5    2  10  13  14   0   5   3  36   2   0   0   9   1   0   0   3   0   0   0   0  0.69 0.36
  101 T    0 -1 -2  1 -2  0  6 -2  0 -3 -5 -2 -2 -4 -4  0  1 -5 -1 -2    7   2   1   5   1   3  50   2   2   2   0   1   1   0   0   8   9   0   2   3  0.76 0.43
  102 P   -1 -1  0  0 -5 -1 -1 -4 -2 -6 -5  1 -5 -6  7  0 -2 -7 -2 -4    5   3   5   4   0   3   3   1   1   0   1   8   0   0  55   6   2   0   1   1  1.31 0.55
  103 I   -2 -6 -6 -6 -5 -3 -6 -7 -6  7 -1 -6  5 -4  0 -4 -3 -6 -5  1    4   0   0   0   0   2   0   0   0  64   2   0  13   0   6   1   0   0   0   8  1.49 0.61
  104 P   -3 -2 -3 -1 -5 -3 -3 -1 -5 -5 -4 -1 -4 -6  7  2  1 -7 -5 -5    1   3   1   3   0   1   1   5   0   0   2   4   0   0  54  15   9   0   0   0  1.35 0.58
  105 I   -2 -5 -4 -5  1 -5 -5  0 -5  3  2 -5 -1 -3 -1 -3  1 -5 -4  5    2   0   0   0   3   0   0   7   0  13  18   0   0   0   3   1  10   0   0  43  0.72 0.39
  106 P   -1  0 -1 -1 -4  1  4 -3  0 -5 -4  4 -3 -5 -1  0 -1 -5 -4 -4    4   4   2   3   0   6  33   2   2   0   1  28   1   0   3   8   3   0   0   0  0.69 0.38
  107 A    0 -2 -1 -1 -2  2  0 -2  2  0 -1 -1  0 -1 -3  2  0 -3  3  1    6   1   2   3   0  12   6   1   5   4   3   3   2   2   0  17   6   0  10  14  0.18 0.19
  108 F   -4 -5 -6 -7  2 -5 -6 -7 -4  1  6 -6 -1 -2 -6 -5 -1 -5 -4  1    1   0   0   0   4   0   0   0   1   7  73   0   1   1   0   0   3   0   0  10  1.32 0.55
  109 A    4 -4  0 -4  1 -4 -4 -4 -1 -1 -3 -3 -2 -5 -4  0  3 -2 -4  3   42   0   5   0   3   0   0   0   2   2   1   1   1   0   0   6  20   1   0  19  0.72 0.43
  110 D   -3  1  1  4 -5  4  2 -3 -1 -4 -3  2 -3 -5 -4  0 -2 -5 -4 -4    1   6   5  24   0  22  13   2   1   1   3  15   1   0   0   6   1   0   0   1  0.68 0.37
  111 R    1  6 -2 -3 -5  1  0 -4  1 -5 -3  1 -4 -5 -4  0 -2 -4 -2 -5   11  53   1   1   0   5   5   1   3   0   3   6   0   0   1   7   2   0   1   0  1.00 0.48
  112 L   -3 -5 -6 -6 -4 -5 -5 -6 -6  4  3 -5  3 -1 -3 -4 -2 -5 -4  5    1   0   0   0   0   0   0   0   0  23  24   0   7   2   2   0   2   0   0  39  1.00 0.44
  113 G    4 -5 -3 -5  7 -4 -4  3 -5 -3 -5 -4 -4 -6 -5  2 -2 -6 -5 -3   36   0   1   0  21   0   0  20   0   1   0   0   0   0   0  17   2   0   0   2  1.09 0.51
  114 Q   -1 -2  2  4 -4  1  1  0 -1 -2 -1 -2  4 -4 -4  1 -1 -3 -2 -2    4   1   8  27   0   5   9   7   2   1   5   0  12   0   0  13   3   0   1   2  0.40 0.27
  115 Y   -4 -3 -3 -5 -5 -2 -4 -5  2  0  2 -4  0  3 -5 -3 -2 -2  7  1    0   1   1   0   0   2   1   1   4   4  18   1   2  10   0   1   2   0  43   9  1.04 0.46
  116 V    2 -3 -3 -4  2 -2 -3 -3 -3  1 -1  2  5 -2 -4 -2 -2 -4 -1  3   16   0   1   0   4   1   1   1   0   5   4  13  20   2   0   1   1   0   2  25  0.52 0.34
  117 Q   -4 -3 -3 -3 -2  7 -2 -6  8 -2  0 -3 -3 -5 -5 -4 -5 -6 -1 -5    0   0   0   1   1  48   1   0  33   3   9   0   1   0   0   1   0   0   2   0  1.74 0.72
  118 A    3  1  0 -1 -3  2  1 -1  0 -1  0 -1  1 -3 -3 -1 -1 -4 -1  0   31   7   3   2   0  10   9   4   2   3   8   2   4   0   0   3   3   0   2   6  0.22 0.21
  119 H   -4 -6 -4 -4  2 -5 -4 -6  2 -5 -4 -6 -4  6 -7 -3 -5 -2  8 -5    1   0   1   1   5   0   1   0   5   0   1   0   0  27   0   2   0   0  55   0  2.01 0.73
  120 T   -3 -5 -2 -2 -5 -5 -2  1 -5 -4 -5 -4 -5 -2 -5 -2  7 -6 -5 -4    1   0   1   2   0   0   2  11   0   0   0   1   0   2   0   1  79   0   0   0  1.82 0.77
  121 L   -3 -3 -4  0  1  5  1 -5 -3 -2  4 -3 -1 -4 -5 -4 -2 -5 -4 -3    1   1   0   5   3  31   8   1   0   1  45   0   1   0   0   1   1   0   0   1  0.91 0.49
  122 Y   -3 -3 -2 -2 -2 -3 -4 -1  3 -3 -4 -3 -1  2 -5  2 -3 -1  8 -3    1   1   2   2   1   1   1   5   7   1   1   1   1   6   0  15   1   1  51   2  1.28 0.55
  123 N   -1 -4  0  0 -5 -3 -4  5 -4 -4 -5 -4  0 -3 -4  3 -3  6 -2 -5    5   1   4   5   0   1   0  41   0   1   0   0   2   1   0  26   1  10   1   0  0.96 0.46
  124 S    2 -2 -3 -4 -4 -4 -4  4 -1 -1 -4 -4  4 -4 -4  3 -2  4 -1 -3   14   2   0   0   0   0   0  33   2   3   0   0  11   0   0  27   1   5   2   1  0.76 0.43
  125 V    0 -3 -4 -5 -3 -3 -4 -4 -2  0  1 -4 -1 -3 -5  2 -2 -5  0  5    6   1   0   0   0   1   0   1   1   3  12   1   1   1   0  16   1   0   3  52  0.79 0.42
  126 R   -6  9 -5 -6 -8 -2 -4 -7 -5 -7 -6 -2 -6 -3 -6 -5 -5 -7 -6 -7    0  96   0   0   0   1   0   0   0   0   0   0   0   2   0   0   0   0   0   0  2.83 0.96
  127 P   -5 -7 -6 -6 -7 -6 -6 -7 -7 -7 -7 -6 -7 -8  9 -5 -6 -8 -7 -6    0   0   0   0   0   0   0   0   0   0   0   0   0   0  96   0   0   0   0   1  3.29 1.07
  128 F   -6 -7 -7 -7 -4 -7 -7 -7 -3 -4 -3 -7 -3  9 -8 -6 -6 -3  2 -5    0   0   0   0   0   0   0   0   0   0   1   0   0  90   0   0   0   0   6   0  2.93 0.93
  129 G   -4 -6 -5 -5  0 -6 -6  8 -6 -8 -7 -6 -7 -7 -6 -4 -6 -6 -7 -7    1   0   0   0   2   0   0  96   0   0   0   0   0   0   0   0   0   0   0   0  2.58 0.85
  130 V    0 -5 -5 -6  7 -5 -5 -5 -6  2 -2 -5 -2 -4 -5 -2  0 -6 -5  5    9   0   0   0  21   0   0   0   0  12   2   0   0   0   0   3   7   0   0  45  1.14 0.50
  131 S    3 -3 -1 -4 -3 -4 -4  0 -4 -5 -5 -4 -3 -2 -4  5  1 -6 -5 -3   27   1   3   0   0   0   0   6   0   0   0   0   1   2   0  50   8   0   0   1  1.00 0.54
  132 T    1 -4 -5 -5 -1 -4 -5 -3 -5  2  4 -4  1  2 -5 -2  1 -4 -3  2   13   0   0   0   1   0   0   1   0  10  37   0   2  10   0   3   8   0   0  15  0.54 0.31
  133 I   -4 -6 -7 -7 -1 -6 -6 -7 -6  5  5 -6  2  1 -6 -6 -3 -5 -4 -1    1   0   0   0   2   0   0   0   0  36  50   0   5   4   0   0   1   0   0   2  1.29 0.53
  134 F   -4 -6 -6 -6 -1 -5 -6 -7 -5  5  3 -6  2  4 -6 -5 -4 -3  0  2    0   0   0   0   1   0   0   0   0  33  31   0   4  15   0   0   0   0   2  14  1.01 0.43
  135 G    5 -5 -4 -5  0 -5 -5  5 -5 -3 -4 -4 -3 -6 -5 -1 -2 -6 -6 -3   50   0   0   0   2   0   0  37   0   1   1   0   1   0   0   4   2   0   0   2  1.22 0.56
  136 G    0 -6 -4 -5 -2 -5 -4  6 -5 -6 -6 -5 -2 -6 -5  2 -2 -6 -6 -3    8   0   0   0   1   0   1  68   0   0   0   0   1   0   0  17   2   0   0   2  1.52 0.62
  137 V   -3 -5 -3 -6 -2 -5 -5 -6  1  2 -2 -2 -1  1 -6 -4 -4  8  6  4    1   0   1   0   1   0   0   0   4  11   3   2   1   5   0   1   0  19  24  26  1.15 0.50
  138 D   -4 -2  0  8 -7 -3  0 -4 -5 -3 -7 -4 -7 -7 -5 -2 -3 -8 -4 -5    1   2   3  79   0   1   5   1   0   2   0   0   0   0   0   3   1   0   1   1  2.00 0.75
  139 K   -2  1  1  3 -5  0  4 -3  2 -5 -5  3 -4 -3  0  1 -2 -5 -2 -4    2   7   7  14   0   3  26   1   4   0   0  18   0   1   4   9   2   0   1   1  0.52 0.31
  140 N   -2 -1  3  4 -5 -1  1  1  2 -3 -4  1 -4 -2 -4 -1  0 -4 -2 -4    1   3  17  28   0   2   9   9   6   1   1  11   0   1   0   3   5   0   1   0  0.55 0.31
  141 G   -2 -2 -3 -3 -6 -3 -1  7 -4 -4 -6 -1 -6 -7 -6 -3 -4 -6 -6 -4    3   3   1   1   0   1   5  78   0   1   0   5   0   0   0   1   1   0   0   1  1.68 0.64
  142 A    0 -6 -4 -5  1 -5 -5 -4 -2 -4 -5 -5 -5  1  8  0 -2 -4  1 -4    7   0   1   0   3   0   0   1   1   1   0   0   0   6  65   6   3   0   4   1  1.72 0.68
  143 H   -1  1 -3 -3 -2  6  0 -2  4 -4 -5  0 -2 -1 -4  0 -2 -5  2 -4    6   8   0   0   1  41   4   3  10   0   0   5   1   2   0   7   2   0   6   1  0.80 0.45
  144 L   -5 -6 -4 -7 -5 -6 -6 -7 -6 -1  6 -6  2 -1 -6 -5 -5 -5 -5 -1    0   0   1   0   0   0   0   0   0   2  87   0   4   2   0   1   0   0   0   2  1.76 0.68
  145 Y   -6 -6 -5 -7 -4 -6 -6 -7 -1 -4 -4 -6 -4  6 -7 -4 -6  2  9 -4    0   0   0   0   0   0   0   0   1   0   0   0   0  27   0   1   0   2  65   1  2.49 0.85
  146 M   -3 -3 -3 -3  2  3  1 -4  5 -1  0 -2  7 -2 -5 -3 -2 -3 -1  1    1   1   1   1   5  15   8   1  14   2   7   2  28   1   0   2   1   0   2  10  0.76 0.43
  147 L   -1 -5 -4 -5  2 -4 -4 -5 -5  4  0 -4  1 -2 -5  1  4 -5 -4  3    4   0   0   0   4   0   0   0   0  27   5   0   3   1   0   9  23   0   0  23  0.70 0.38
  148 E   -5 -5 -2  7 -7 -3  5 -4 -3 -7 -7 -4 -6 -7 -5 -4 -3 -7 -6 -6    0   0   1  56   0   0  39   1   0   0   0   0   0   0   0   0   1   0   0   0  1.90 0.73
  149 P   -5 -6 -6 -6 -7 -3 -6 -6 -6 -7 -7 -5 -7 -8  9 -4 -4 -8 -7 -5    0   0   0   0   0   1   0   0   0   0   0   0   0   0  95   1   1   0   0   1  3.19 1.03
  150 S   -2 -5 -1 -4 -5 -4 -4 -3 -3 -6 -6 -4 -6 -6 -5  7 -2 -7 -6 -6    2   0   2   0   0   0   0   2   1   0   0   0   0   0   0  90   2   0   0   0  2.05 0.85
  151 G   -4 -6 -5 -5 -6 -6 -6  8 -6 -8 -7 -6 -7 -7 -6 -4 -6 -2 -7 -7    0   0   0   0   0   0   0  97   0   0   0   0   0   0   0   1   0   1   0   0  2.61 0.86
  152 S    1 -3  1 -3 -1 -1 -2 -4 -4  1  0 -3  0 -4 -4  1  4 -5 -4  3   12   1   7   0   1   2   2   0   0   7   8   1   2   0   0   8  28   0   0  21  0.42 0.30
  153 Y   -1 -3 -2 -5  4 -4 -5 -4 -1 -3 -1 -4 -2  4 -2  2 -3 -2  6 -2    4   1   2   0   9   0   0   1   1   1   7   0   0  17   2  18   1   0  33   2  0.91 0.46
  154 W   -2 -3 -2 -5 -1 -2 -5 -2  0  0 -1 -4  0  3 -5 -1 -1  7  6  0    4   1   2   0   1   2   0   4   2   6   7   0   2  11   0   4   4  17  28   6  0.86 0.40
  155 G    1  2 -3 -2 -5  1  2  5 -3 -6 -5  1 -3 -6 -2  0 -3 -5 -4 -5   10  13   0   1   0   6  13  40   0   0   0   8   0   0   2   5   0   0   0   0  0.71 0.37
  156 Y   -6 -6 -6 -6  1 -5 -7 -7 -2 -6 -5 -6 -2  1 -7 -6 -4  8  9 -5    0   0   0   0   3   0   0   0   1   0   0   0   1   5   0   0   1  21  67   0  2.70 0.91
  157 K   -3  1  0  1 -4 -1 -1 -3  2 -4 -3  4 -2  3 -4 -2 -2  3  4 -4    1   6   4   9   0   2   3   1   6   0   2  33   1  12   0   2   2   3  13   1  0.61 0.35
  158 G    6 -5 -5 -5 -2 -5 -5  5 -5 -6 -6 -5 -5 -6 -5 -3 -4 -6 -6 -4   57   0   0   0   1   0   0  40   0   0   0   0   0   0   0   0   0   0   0   1  1.57 0.66
  159 A    2 -2 -2 -3  6 -2 -3 -3 -2 -1 -2  2 -1 -3 -4 -1  3  2 -3  0   20   1   2   1  19   1   0   1   1   3   2  14   2   0   0   4  19   3   1   6  0.55 0.34
  160 A    7 -5 -5 -5  1 -5 -5 -2 -5 -5 -5 -5 -5 -6 -3  0 -3 -6 -6 -4   86   0   0   0   3   0   0   2   0   0   0   0   0   0   1   6   1   0   0   0  1.81 0.75
  161 T   -2 -5 -5 -6 -4 -4 -5 -6 -4  7  0 -5  2 -3 -5 -3  1 -6 -4  2    4   0   0   0   0   0   0   0   0  57   7   0   5   0   0   2   9   0   0  14  1.16 0.50
  162 G   -4 -7 -5 -6 -7 -6 -6  8 -6 -8 -8 -6 -7 -7 -6 -5 -6 -7 -7 -7    0   0   0   0   0   0   0  99   0   0   0   0   0   0   0   0   0   0   0   0  2.72 0.89
  163 K    1  1 -3 -4 -5 -1 -2 -3 -4 -4 -5  6 -2 -5 -4  3 -3 -6 -4 -4   13   5   0   0   0   1   1   1   0   1   0  55   1   0   0  19   1   0   0   1  1.11 0.54
  164 G    2 -5  4 -2 -4 -4 -3  6  1 -6 -6 -3 -5 -6 -5 -2 -4 -6 -5 -5   16   0  17   2   0   0   1  56   3   0   0   1   0   0   0   2   0   0   0   0  1.28 0.53
  165 R   -1  5  0 -3 -3 -1 -2 -3 -1 -5 -5  4  1 -3 -4  3 -3 -5 -1 -4    4  35   4   0   0   1   1   2   2   0   0  23   3   1   0  21   0   0   2   1  0.83 0.44
  166 Q   -1 -2  0 -1 -4  7  3 -3 -1 -3 -4 -1 -3 -6 -1 -1  0 -5 -4 -1    4   1   4   3   0  46  17   2   1   2   1   3   0   0   3   4   5   0   0   5  0.89 0.48
  167 S    3 -3  2 -1 -3 -1 -1  2 -3 -2  0 -2 -2 -3 -2  0  1 -4 -4 -1   32   0  11   3   0   3   3  15   0   2   9   1   0   1   1   7   7   0   0   5  0.32 0.24
  168 A    7 -5 -5 -5 -1 -4 -4 -1 -2 -2 -4 -4 -4 -5 -5 -2 -3 -6 -5  1   79   0   0   0   1   0   0   4   1   2   1   0   0   0   0   1   0   0   0   9  1.52 0.66
  169 K   -4  2 -1 -2 -5  4 -1 -4 -2 -4 -5  6  1 -6 -4 -3 -1 -6 -4 -4    0   8   2   1   0  19   2   1   1   1   0  53   4   0   0   1   4   0   0   1  1.17 0.54
  170 A    1 -4  1 -1 -4  0  1 -2 -4 -4 -4 -2 -2 -5 -4  2  6 -5 -4 -3   12   0   5   4   0   4   8   2   0   0   0   1   1   0   0  14  48   0   0   1  0.84 0.46
  171 E   -2 -3 -3 -2 -5 -2  6 -5 -1  0 -2 -3  0  4 -4 -2 -2 -4  0 -2    3   0   1   1   0   1  53   1   1   6   3   0   2  16   0   3   2   0   3   3  0.92 0.48
  172 L   -4 -5 -6 -6 -4 -5 -6 -6 -6  4  5 -5  3  1 -6 -5 -4 -5 -4 -1    0   0   0   0   0   0   0   0   0  23  61   0   6   6   0   1   0   0   0   2  1.26 0.51
  173 E   -5 -3 -3 -2 -7  3  7 -6 -3 -6 -6  1 -4 -7 -5 -4 -5 -6 -6 -5    0   0   1   1   0  13  75   0   0   0   0   7   0   0   0   0   0   0   0   0  1.88 0.75
  174 K   -3  0 -2 -2 -3 -1 -1 -3 -2 -3 -3  7 -2 -3 -3 -2 -2 -3 -2 -2    2   3   2   2   0   2   4   2   1   2   3  67   1   1   1   2   2   0   1   3  1.17 0.42
  175 L   -1 -2 -2 -2 -2 -2 -2 -2 -2  1  4 -2  0  1 -2 -1 -1 -2 -1  0    3   2   2   2   1   2   3   3   1   6  49   3   1   5   2   4   3   1   1   5  0.35 0.14
  176 V    0  0  0  1 -1  0  1  0  0  0  0  0  0  0  0  0  0  0  0  0    7   5   4   8   2   4   8   6   2   5   9   6   2   4   5   6   6   1   3   6  0.02 0.10
  177 D    0  0  1  1 -1  1  2 -1 -1 -1  0  0 -1 -1  0  0  0  0 -1 -1    7   3   6  10   2   7  17   5   1   3  10   5   1   3   4   6   4   1   2   4  0.08 0.03
  178 H    0  2  1  1 -2  1  2 -1  1 -2 -2  1 -1 -2 -1  0 -1 -2  0 -1    7  14   9   6   1   5  14   4   4   2   4   9   1   2   3   5   3   1   3   3  0.14 0.07
  179 H   -4 -3  1  0 -4  0 -2 -4 -1 -4 -4  4 -4  0 -4 -3 -3  2  7 -4    1   0   8   6   0   5   2   1   1   1   1  24   0   3   1   2   1   3  42   0  1.11 0.50
  180 P   -2  0  1 -1 -3 -1 -1 -2  3 -1  2  1  1  2 -1  0  0 -3 -1 -2    3   5   8   2   0   1   2   2   9   1  24  12   4  10   3   7   4   0   1   1  0.18 0.19
  181 E   -1  0  0  3 -5 -1  3 -1 -2 -4 -4  3 -3 -3  0  2 -1 -5 -2 -4    5   3   3  16   0   1  22   4   1   0   0  18   0   1   3  15   3   0   1   1  0.46 0.30
  182 G   -3 -3  2  5 -5  0  4 -1 -3 -6 -5 -2 -4 -6 -4  1  0 -6 -5 -5    1   1  10  33   0   3  27   6   0   0   1   1   0   0   0  10   6   0   0   0  0.88 0.45
  183 L   -4 -5 -6 -6 -2 -4 -6 -7 -6  3  4 -4  8 -2 -6 -5 -4 -5 -5 -2    1   0   0   0   1   0   0   0   0  13  41   1  39   1   0   0   1   0   0   1  1.55 0.64
  184 S   -3 -4 -1  0 -2 -3  1 -3 -5 -5 -5 -2 -5 -5 -1  3  6 -6 -5 -4    0   0   3   6   1   0   8   1   0   0   1   2   0   0   3  25  50   0   0   0  1.08 0.58
  185 A   -1 -3 -5 -3  7 -3 -3 -5 -5  1  4 -4  3 -2 -4 -3  0 -5 -3  1    5   1   0   2  22   1   2   0   0   6  39   1   8   1   1   1   5   0   1   7  0.82 0.40
  186 R   -1  4 -1  2 -6  1  4 -4 -1 -5 -3  3 -3 -5 -2 -2 -2 -5 -4 -4    4  21   3  13   0   6  25   1   1   0   3  18   0   0   1   1   2   0   0   1  0.65 0.36
  187 E   -2 -4 -3  5 -7  2  6 -4 -3 -7 -7 -3 -5 -7 -5 -3 -4 -7 -6 -6    3   0   0  28   0   7  58   1   0   0   0   0   0   0   0   1   0   0   0   0  1.60 0.69
  188 A    6 -5 -5 -5  0 -5 -5  2 -5 -3  1 -4 -4 -5 -5 -2 -2 -6 -5 -2   67   0   0   0   2   0   0  12   0   1  12   0   0   0   0   1   1   0   0   2  1.20 0.59
  189 V   -2 -4 -5 -5 -1 -2  0 -5 -3  4  1 -2  1 -4 -5 -3 -2 -5 -4  5    3   0   0   0   1   2   8   0   1  25   9   2   2   0   0   1   2   0   0  43  0.81 0.42
  190 K   -1  0  0 -1 -4  0  0 -3  3  0 -1  4  2 -2 -2 -2  0 -5 -2  0    3   3   4   3   0   3   5   1   9   5   5  35   5   2   2   1   5   0   1   7  0.36 0.27
  191 Q   -2 -3 -3 -2 -4 -1  5 -5  0 -2  3 -2  0 -3 -3 -2  1 -4 -1 -3    3   0   1   1   0   2  36   0   2   1  35   2   2   1   1   2   9   0   2   1  0.67 0.42
  192 A    6 -5 -5 -5 -2 -4 -5  0 -5  0 -1 -4 -3 -4 -4 -1 -1 -6 -5  2   62   0   0   0   1   0   0   7   0   5   4   0   0   0   0   2   2   0   0  16  1.03 0.54
  193 A    4 -5 -5 -5 -1 -4 -5 -3 -5  3  3 -4  0 -3 -5 -2 -2 -5 -3  1   42   0   0   0   1   0   0   2   0  14  28   0   2   0   0   1   2   0   0   7  0.76 0.43
  194 K   -2  5 -2 -2 -5 -1  0 -4 -3 -4  0  5 -3 -4 -4 -1 -1 -6 -3 -4    2  28   2   2   0   1   4   1   0   1  10  39   0   0   0   4   4   0   1   1  0.84 0.45
  195 I    2 -4 -5 -6 -1 -5 -5 -4 -6  6 -2 -5 -1 -4 -5 -3  2 -6 -5  2   15   1   0   0   1   0   0   1   0  54   0   0   1   0   0   2  13   0   0  11  1.12 0.53
  196 I   -5 -6 -7 -7 -4 -5 -7 -7 -7  6  5 -6  0 -2 -6 -5 -5 -6 -5 -1    0   0   0   0   0   0   0   0   0  44  51   0   2   1   0   0   0   0   0   2  1.54 0.62
  197 Y   -2  0 -1 -3 -2 -2 -3 -3  4 -3 -2  4 -1 -1 -5 -1 -3 -3  7 -4    4   3   3   1   1   1   0   2  10   1   5  25   1   1   0   5   1   0  35   1  0.91 0.48
  198 L   -1 -1 -2 -2 -4  4  2 -2 -2  1  1  2  0 -3 -4  0  0 -4 -3  0    5   2   1   1   0  19  13   3   0   8  13  14   2   0   0   6   4   0   0   7  0.27 0.24
  199 A    2 -5 -5 -5  0 -4 -5  0 -3  0 -1 -4 -3 -4 -5  0  1 -6 -4  5   16   0   0   0   2   0   0   7   0   3   4   0   0   0   0   7   9   0   0  50  0.79 0.45
  200 H   -4  0 -2 -4 -4 -1 -4 -5  8 -2 -2 -4  7  2 -6 -2 -1 -5 -2 -2    1   5   2   0   0   2   0   0  40   2   3   0  24   8   0   4   4   0   1   2  1.42 0.62
  201 E   -4 -4 -3  6 -7 -2  6 -4 -4 -7 -7 -2 -6 -7 -5 -4 -5 -7 -6 -6    1   0   1  47   0   1  46   1   0   0   0   1   0   0   0   0   0   0   0   0  1.81 0.74
  202 D   -2 -3 -2  4 -5 -1  6  1 -2 -4 -5 -2 -4 -5 -3  0 -2 -5 -5 -4    2   0   1  21   0   1  49  11   0   1   1   2   0   0   1   7   2   0   0   1  1.00 0.47
  203 N    1 -1  2 -1 -2  1  0  0 -2 -1 -1  1 -1 -2 -2  1  1 -2 -2  1   12   2  10   2   0   7   5   8   0   2   6   9   1   1   1  10   8   1   1  12  0.10 0.11
  204 K   -2 -1 -2 -3 -4 -1 -2 -2 -3 -1  0  6  2 -1 -3 -1 -1 -4 -4 -2    2   2   1   1   0   2   2   2   0   3  10  55   6   2   1   5   4   0   0   2  0.83 0.43
  205 E   -3 -3  0  6 -4 -2  2 -3 -2 -2  0 -3  0 -4  0 -2  1 -5 -4 -2    2   0   4  44   0   0  12   1   1   2   9   1   2   0   4   2  10   0   0   3  0.73 0.37
  206 K   -1 -1 -1 -1 -5 -1  0 -2 -2 -4 -4  6 -3 -5 -3  1  1 -5 -4 -4    4   1   2   3   0   2   4   3   1   1   1  57   1   0   1   9   8   0   0   1  0.96 0.47
  207 D    1 -2  1  3 -4  0  2 -2  0 -3 -1 -1 -3 -4  2  0  0 -4 -3 -2   16   0   8  19   0   3  15   1   2   1   6   4   0   0  11   6   4   0   1   3  0.33 0.24
  208 F   -2 -3  1  0 -3 -2  1 -2  0 -1 -1 -1 -2  6 -3 -1 -1 -2  2 -2    3   1   7   6   1   2  10   2   2   3   4   3   0  37   1   5   4   0   6   2  0.53 0.28
  209 E   -2 -1  4 -1 -5  0  5 -2  0 -4 -4  1 -4 -5 -3  0  0 -5 -4 -4    2   3  19   2   0   3  43   3   2   1   1   7   0   0   1   6   6   0   0   1  0.81 0.43
  210 L   -3 -5 -4 -5 -1 -4 -5 -5 -3  4  4 -4  0 -1 -4 -3  0 -4 -2  3    1   0   1   0   1   0   0   1   1  22  44   1   1   2   1   1   5   0   1  17  0.78 0.37
  211 E   -4 -3  2  1 -7 -1  7 -4 -2 -7 -7 -2 -6 -7 -5 -4 -5 -7 -6 -6    1   1   9   5   0   2  76   1   1   0   0   2   0   0   0   0   0   0   0   0  1.83 0.77
  212 I   -3 -5 -6 -6 -4 -5 -6 -6 -6  4  3 -5  6  0 -6 -5 -4 -5 -4  3    1   0   0   0   0   0   0   0   0  23  24   0  24   4   0   0   0   0   0  23  1.13 0.50
  213 S    3 -3 -3 -2 -2  0 -1  3 -4 -3 -5 -3 -3 -5 -4  4  1 -5 -5 -3   23   1   0   1   1   4   4  21   0   1   0   0   0   0   0  32   9   0   0   1  0.67 0.42
  214 W   -4 -2 -6 -6 -4 -4 -3 -5 -5  2 -1 -3  0 -2 -6 -4  1 10  0  2    1   2   0   0   0   1   2   1   0  11   7   1   2   1   0   1   8  43   3  16  1.66 0.65
  215 C    1 -6 -6 -6  3 -5 -6 -5 -6  5  0 -5  0 -3 -5 -4 -3 -6 -4  5   11   0   0   0   7   0   0   0   0  35   5   0   2   0   0   1   1   0   0  38  1.09 0.49
  216 S   -1 -2 -1  0  6 -1 -2  3 -2 -3 -4 -1 -3 -3 -3  2  2 -4 -4 -3    3   2   3   4  16   3   1  23   1   1   1   4   0   1   1  19  16   0   0   1  0.55 0.32
  217 L    0  0 -1 -1 -1  0  0 -1 -1  1  0  0  1 -1  1  0  0 -2 -1  1    8   6   3   4   1   3   4   5   1   6   9   8   4   2   7   5   5   1   1  18  0.04 0.03
  218 S    0 -2  0  3 -3 -1  3 -1 -2 -3 -2  1 -2 -4 -1  1  2 -4 -3 -2   10   1   3  19   0   2  18   3   0   1   3  11   1   0   3   8  14   0   0   2  0.33 0.23
  219 E   -1 -1 -1  3 -4  0  4 -2  1 -2 -2  1 -3 -3  1 -1 -1 -4 -2 -1    5   2   2  17   0   3  32   2   3   2   4   9   0   1   7   2   3   0   1   5  0.43 0.26
  220 T   -1 -2 -1  1 -3 -1  1 -1 -3 -3 -4  0 -3 -4 -3  3  5 -4 -4 -3    4   2   3   6   0   2  11   4   0   1   1   4   0   1   1  21  38   0   0   1  0.63 0.37
  221 N   -2  0  4  1 -4  0  0  2 -1 -4 -4  4 -3 -4 -3 -1 -1 -5 -4 -4    1   4  21   8   0   4   4  17   1   1   1  29   0   1   1   4   3   0   0   1  0.59 0.33
  222 G   -2  1 -1 -3 -4 -2 -2  5 -2 -3 -2  1 -2 -2 -2 -2 -2  1  0 -3    2  10   3   1   0   2   3  51   1   2   4   9   1   2   2   1   2   2   3   2  0.72 0.36
  223 L   -3  3 -4 -4 -5  1 -1 -5 -3  0  0  2 -1  5 -4 -3 -2 -2  2  0    1  15   0   0   0   7   3   0   0   4   9  15   1  26   0   1   1   0   6   8  0.51 0.32
  224 H   -4  2 -3 -4 -5 -1 -2 -5  9 -4 -4  0 -3  4 -3 -4 -4 -4  2 -3    1  12   0   1   0   2   2   0  48   1   1   5   0  15   1   1   1   0   5   2  1.51 0.61
  225 K   -2  2 -2 -2 -2  3  3 -4 -1  0  0  2  2 -4 -3 -2 -2 -5 -3  1    2  10   1   1   1  15  21   0   1   6   8  15   6   0   0   2   2   0   0   9  0.39 0.29
  226 F   -1  0 -3 -3 -2 -1  0 -4  1  2  2  0  2  2  1 -2 -2 -3  2 -1    3   6   0   0   1   2   6   1   4  13  25   7   6   9   6   2   1   0   7   2  0.22 0.19
  227 V   -3 -5 -1 -3 -2 -4 -3 -5 -4  1  0 -3 -1 -3 -4  1  3 -1  0  5    1   0   2   2   0   0   1   0   0   5   8   1   1   1   0  11  16   1   3  47  0.69 0.42
  228 K   -3 -2 -1  1 -6 -2  0 -4 -3 -5 -6  1 -5 -5  7  1 -1 -7 -5 -5    1   2   3   6   0   1   6   1   1   1   0   9   0   0  57   9   3   0   0   1  1.44 0.62
  229 G    1  0  0  3 -5  1  3 -2 -1 -4 -4  3 -3 -5 -1  0 -1 -5 -4 -3   12   4   3  17   0   5  21   2   1   0   1  20   0   0   3   6   3   0   0   1  0.49 0.31
  230 D   -2 -4  0  5 -6  0  6 -5 -2 -6 -6  0 -5 -6 -3 -1 -3 -6 -5 -4    4   0   3  30   0   3  46   0   1   0   0   4   0   0   1   5   1   0   0   1  1.20 0.57
  231 L   -3 -3 -4 -4 -3  0  1 -5 -4  3  3 -2  2 -1 -4 -4 -2 -2 -3  3    1   1   0   1   0   4  10   0   0  18  33   2   4   2   0   0   1   1   0  21  0.58 0.33
  232 L    0  1 -2 -2 -3 -1 -1 -3  0  2  2  1 -1  1 -3 -2 -1 -2 -1  1    8  10   1   2   0   2   4   0   2  11  25   9   0   7   0   2   3   0   2  11  0.17 0.15
  233 Q    0 -1  0  4 -5  2  4 -3 -2 -4 -4  2 -4 -5 -3 -2 -1 -5 -4 -3    8   3   3  20   0  10  33   1   0   1   1  12   0   0   1   2   3   0   0   2  0.69 0.38
  234 E    1 -3 -1 -1 -6  1  6 -5  0 -4 -3  0 -3 -3 -2 -1 -2 -5 -1 -2   11   0   2   2   0   6  55   0   2   1   2   5   0   1   2   4   1   0   2   3  0.88 0.48
  235 A    5 -5 -5 -5 -1 -4 -3 -4 -5  3  1 -4 -3 -3 -4 -2 -3 -5  0  1   56   0   0   0   1   0   1   0   0  16  11   0   0   0   0   1   1   0   4   9  0.91 0.49
  236 I   -1 -2 -1 -1 -5 -1  5 -3 -3  3 -1  1 -1 -3 -4 -2 -1 -5 -4  1    4   1   3   2   0   2  39   1   0  17   5   9   1   1   0   1   3   0   0  11  0.52 0.35
  237 D    0  3  1  2 -5  1  3 -3 -3 -4 -4  4 -2 -5 -4 -1 -1 -5 -4 -2    9  13   6  10   0   4  20   0   0   0   1  27   1   0   0   2   4   0   0   2  0.55 0.33
  238 F    1  1 -3 -1 -4  0  0 -3 -1 -1  1  1 -1  1 -4 -1 -2  4  4 -2   16   7   1   3   0   3   7   0   1   3  16  12   1   6   0   2   1   6  16   1  0.28 0.23
  239 A    6 -5 -5 -5 -4 -3 -3 -1 -4 -2 -1 -3 -1 -4 -3 -1 -3 -6 -5  0   78   0   0   0   0   1   1   3   0   1   5   1   1   0   1   1   0   0   0   5  1.27 0.60
  240 Q   -1  2  0 -2 -3  2  0 -3 -3 -3 -2  6 -4 -6 -3 -2 -2 -6 -5 -4    4  10   3   1   0   8   5   1   0   1   4  57   0   0   0   2   1   0   0   1  0.97 0.48
  241 K    2  1 -1  0 -5  3  4 -3 -2 -3 -4  3 -3 -5 -3 -1 -1 -5 -4 -3   17   6   3   4   0  13  28   1   0   1   0  19   0   0   0   3   2   0   0   2  0.55 0.32
  242 E    4 -1 -3 -2 -4  1  3 -3 -3 -2 -3  2 -2 -4 -3  2 -1 -5 -2 -3   40   2   0   1   0   5  19   0   0   2   2  11   1   0   0  15   2   0   1   0  0.55 0.35
  243 I   -3 -4 -5 -6 -3 -4 -5 -6 -5  3  5 -3  4 -2 -5 -4 -2 -4 -3  1    1   0   0   0   0   0   0   0   0  19  60   2  11   0   0   0   1   0   0   7  0.98 0.39
  244 N   -3 -3  1  5 -6  1  6 -4 -2 -5 -5 -2 -4 -6 -3 -1 -2 -6 -4 -5    0   0   7  29   0   3  56   0   0   0   0   0   0   0   0   4   2   0   0   0  1.19 0.41
