    1 T   -1 -3  4 -2 -3 -2 -2 -3 -3 -3 -4 -2 -3 -4 -3  3  5 -5 -3 -2    0   0  21   0   0   0   0   0   0   0   0   0   0   0   0  25  54   0   0   0  0.91 0.27
    2 T   -2 -1 -4 -4 -5 -1 -4 -5 -5 -2 -4 -4 -3 -4 -5  1  7 -6 -5 -3    2   3   0   1   0   2   0   0   0   3   0   0   0   1   0   8  79   0   0   0  1.71 0.64
    3 L   -4 -5 -6 -7 -5 -5 -6 -7 -5  3  4 -6  5  2 -6 -5 -4  0  1  2    0   0   0   0   0   0   0   0   0  16  46   0  12   7   0   0   0   1   5  11  1.05 0.44
    4 S    0 -1  0 -2 -5  1 -2 -3 -2 -5 -4  2 -4 -6  6  1  2 -6 -5 -4    8   3   5   2   0   7   2   1   1   0   2  11   0   0  35  11  12   0   0   1  0.80 0.40
    5 C    3 -7 -6 -7 10 -6 -7 -2 -7 -5 -5 -6 -5 -7 -6 -1 -1 -7 -4  1   27   0   0   0  53   0   0   3   0   0   1   0   0   0   0   4   4   0   1   8  2.10 0.74
    6 K   -4  6 -2 -2 -7  3  0 -6 -2 -6 -6  4 -4 -7 -5 -2  2 -7 -5 -5    0  36   2   2   0  13   5   0   1   0   0  24   0   0   0   3  14   0   0   1  1.10 0.52
    7 V   -4 -7 -8 -8 -6 -7 -7 -8 -8  3  0 -7 -3 -5 -7 -6 -5 -7 -6  7    1   0   0   0   0   0   0   0   0  13   7   0   0   0   0   0   0   0   0  79  2.08 0.76
    8 T    1 -2 -1  0 -3  1  1 -3  2  1 -1  0 -1 -2 -3  0  2 -4 -2  1   13   2   2   5   0   6  11   1   6   8   5   4   1   1   0   7  15   0   1  12  0.17 0.17
    9 S    2  1 -2  0 -4  0  1 -1  0 -4 -4  1 -4 -5 -4  4  0 -6 -4 -4   20   9   1   5   0   4  10   3   2   0   2   9   0   0   0  29   4   0   0   1  0.48 0.32
   10 V   -3 -3 -3 -6  2 -5 -6 -7 -6  5  2 -2  2 -1 -6 -4 -3 -6 -3  4    2   1   1   0   5   0   0   0   0  36  21   2   5   2   0   1   1   0   0  23  0.95 0.42
   11 E   -2  1 -1  2 -6  1  6 -4 -1 -5 -5 -1 -4 -6 -5 -1  1 -2 -5 -2    3   7   2  11   0   5  48   1   1   0   1   2   0   0   0   4  11   1   0   4  0.92 0.47
   12 A    1  3 -2  2 -5  0  0 -4  1 -3 -2  2 -2 -3  3  0 -2 -1 -2 -4   11  19   1  12   0   4   5   0   3   1   4  11   1   1  16   5   2   1   2   1  0.40 0.26
   13 I    0 -3 -6 -6 -4 -3 -5 -6 -4  2  5 -3  0  0  0 -4 -4 -5 -1  2    8   1   0   0   0   1   0   0   0  10  49   2   2   3   5   1   0   0   2  15  0.76 0.37
   14 T    4 -4  2 -3  1 -4 -4  1 -2 -5 -4 -3 -5 -6 -4  2  4 -6 -5 -3   30   0   8   1   3   0   0   9   1   0   1   1   0   0   0  16  30   0   0   1  0.82 0.45
   15 D   -1 -2 -1  4  0 -2  0  0  6 -5 -6 -2 -5 -6  4 -1 -2 -7 -4 -5    6   2   3  20   2   1   7   7  21   0   0   1   0   0  22   5   2   0   0   0  0.89 0.43
   16 T   -3 -5  1  7 -7 -3 -2 -3  0 -5 -7 -5 -7 -1 -6 -3  2 -8 -4 -3    2   0   7  65   0   1   1   2   2   1   0   0   0   3   0   1  11   0   1   3  1.61 0.65
   17 V   -4 -7 -7 -8 -5 -7 -7 -8 -8  5 -3 -7 -4 -5 -7 -6  0 -7 -6  7    0   0   0   0   0   0   0   0   0  24   1   0   0   0   0   0   6   0   0  68  1.92 0.71
   18 Y   -2  1 -4 -6 -2 -3 -4 -6 -1  0  1  1  5  2 -5 -2 -2  4  4  1    3   7   1   0   1   0   0   0   2   5  15   8  15   9   0   2   2   5  17   9  0.57 0.31
   19 R   -3  6 -2 -3 -5  3 -1 -1  2 -2 -3  3 -4 -6 -5 -1 -2 -4 -4 -3    2  43   1   1   0  11   3   5   5   2   3  15   0   0   0   4   2   0   0   2  0.91 0.44
   20 V   -5 -7 -7 -8 -5 -6 -7 -8 -7  3  4 -7 -1 -3 -7 -6 -5 -6 -5  5    0   0   0   0   0   0   0   0   0  13  42   0   1   1   0   0   0   0   0  44  1.48 0.58
   21 R   -2  5 -4 -3 -4  2 -1 -4 -1 -1  0  1 -2  0 -5 -3  0 -1 -2  0    3  36   0   1   0  11   4   1   1   4   9   9   1   3   0   1   6   1   1   8  0.58 0.34
   22 I   -6 -7 -8 -8 -6 -7 -8 -8 -6  1  7 -7 -1 -1 -8 -7 -6 -6 -4 -1    0   0   0   0   0   0   0   0   0   6  87   0   1   2   0   0   0   0   0   4  1.97 0.72
   23 V    0  2 -4 -3 -5  2  0 -5  0 -2 -1  2 -3 -6  5 -2  0 -6 -4 -2    7  11   0   1   0   8   6   0   3   2   5  15   0   0  31   2   5   0   0   3  0.67 0.36
   24 P    3 -4 -5 -2 -3 -4 -3 -1 -6 -1  1 -3 -2 -3  6 -1 -1 -6 -5 -3   21   1   0   2   1   0   1   4   0   3  16   1   1   1  40   3   3   0   0   2  0.93 0.45
   25 D    1 -2  2  2 -5  0  2  0 -2 -5 -4 -1 -4 -5  4  0  1 -6 -4 -4   13   1  10  12   0   4  14   7   1   0   1   2   0   0  19   7   9   0   0   0  0.47 0.29
   26 A    2  1 -2  0 -5  3  4 -2 -2 -4 -5  1 -3 -4 -2  0 -1 -5 -4 -2   21   6   1   5   0  13  24   3   1   0   0  10   0   1   2   8   4   0   0   2  0.48 0.31
   27 A    1  3 -2 -1 -2 -1 -2  0 -3 -5 -5  0 -5 -6  6  0 -1 -5 -6 -4   14  16   2   3   1   2   3   8   1   0   1   5   0   0  36   5   4   0   0   1  0.82 0.41
   28 F   -2 -5 -6 -6 -3 -4 -6 -6 -5  1  4 -3  3  5 -1 -4 -3  0 -2  2    4   0   0   0   0   0   0   0   0   7  35   1   6  25   4   1   1   1   0  12  0.84 0.39
   29 S    0  3  0  2 -4  3  1 -3  0 -3 -3  0 -3 -2 -1  1  0 -5 -3 -2   10  15   3  14   0  14  10   1   2   1   2   4   0   2   3  11   4   0   0   3  0.33 0.23
   30 F   -7 -6 -8 -8 -7 -7 -8 -8  1 -4 -5 -8 -5  8 -8 -7 -7  2  7 -6    0   0   0   0   0   0   0   0   3   0   0   0   0  64   0   0   0   2  29   0  2.67 0.88
   31 R   -1  3 -1 -3 -4  2 -1 -4  4 -2  1  2 -1 -1 -4  0 -1 -3  0 -1    6  14   2   0   0   9   2   0  12   2  18  14   1   2   0   9   3   0   3   3  0.33 0.24
   32 A    6 -6 -6 -6 -6 -6 -4 -4 -7 -7 -7 -6 -6 -7  5 -2 -5 -8 -7 -5   70   0   0   0   0   0   1   1   0   0   0   0   0   0  26   2   0   0   0   0  1.94 0.79
   33 G   -5 -8 -6 -7 -8 -7 -8  8 -7 -9 -9 -7 -8 -9 -8 -6 -7 -8 -9 -9    0   0   0   0   0   0   0 100   0   0   0   0   0   0   0   0   0   0   0   0  2.99 0.98
   34 Q   -7 -5 -6 -3 -9  9 -4 -8 -2 -9 -8 -4 -6 -9 -7 -6 -7 -8 -7 -8    0   0   0   1   0  98   0   0   1   0   0   0   0   0   0   0   0   0   0   0  3.41 1.20
   35 Y   -8 -8 -8 -9 -8 -7 -8 -9 -1 -7 -7 -8 -7  1 -9 -8 -7 -3 10 -7    0   0   0   0   0   0   0   0   1   0   0   0   0   5   0   0   0   0  94   0  3.68 1.17
   36 L    1 -6 -7 -7 -3 -6 -6 -7 -7  4  5 -6  2 -3 -6 -5 -4 -6 -5  3   10   0   0   0   0   0   0   0   0  22  45   0   4   1   0   0   0   0   0  18  1.11 0.48
   37 M   -3 -1  2  4 -2  3  3 -4 -2 -3 -1 -1  4 -3 -5 -1 -1 -6 -4 -4    1   3  11  24   1  11  17   1   1   1   8   2  12   1   0   4   3   0   0   0  0.63 0.37
   38 V   -3 -6 -7 -7 -4 -6 -7 -7 -7  4  3 -6  0  3 -7 -6 -4 -5 -4  5    1   0   0   0   0   0   0   0   0  21  30   0   2  12   0   0   0   0   0  34  1.17 0.49
   39 V   -2 -1 -2 -3 -1  2  0 -3  0  3  2 -2  0 -2 -4 -2 -1 -4 -2  3    2   3   2   1   1  10   6   2   3  16  20   2   2   1   0   3   3   0   1  21  0.29 0.21
   40 M   -4  0 -6 -7 -5 -5 -6 -2 -2  0  4 -5  6  3 -5 -5 -2 -2  0 -2    1   6   0   0   0   0   0   4   1   4  45   0  19  13   0   0   2   0   2   2  1.03 0.48
   41 D    0  1  0  2 -5 -2  1  1 -3 -5 -5  2 -4 -5  4  0  0 -5 -5 -5    6   8   4  13   0   1   8  12   0   0   0  14   0   0  20   7   6   0   0   0  0.50 0.29
   42 E   -3 -4  2  6 -5 -1  3  2 -4 -7 -7 -3 -6 -4  1 -2 -4 -7 -6 -5    1   0   8  41   0   2  20  15   0   0   0   1   0   1   7   2   1   0   0   1  1.06 0.49
   43 R   -1  0  0  0 -2 -1  0  6 -4 -6 -6  1 -5 -4 -5 -1 -3 -6 -6 -4    6   5   5   5   1   2   7  54   0   0   0   8   0   1   0   3   2   0   0   1  0.96 0.44
   44 D   -1  1 -2  4 -4  1  1 -1  2 -1 -2  1 -3 -4 -1  0 -1 -5 -4 -1    5   6   1  27   0   6  10   5   5   4   3   9   0   0   3   6   4   0   0   6  0.33 0.23
   45 K   -1  5 -4 -4 -6 -1 -3 -4  0 -1 -2  4 -2 -4  0  0  0  3 -3 -2    5  31   0   0   0   3   0   1   2   4   3  26   1   1   5   6   6   4   1   3  0.69 0.38
   46 R   -2  8 -4 -6 -1 -3 -5 -5 -5 -6 -5 -2 -6 -7 -6 -1 -5 -7 -5 -2    4  81   1   0   2   0   0   1   0   0   1   1   0   0   0   5   0   0   0   3  2.18 0.82
   47 P    2 -6 -2 -2 -3 -3 -5 -4 -3 -7 -7 -5 -6 -5  6  5 -4 -7 -1 -6   19   0   1   2   1   1   0   1   0   0   0   0   0   0  34  39   0   0   2   0  1.36 0.64
   48 F   -7 -8 -8 -9 -8 -8 -8 -8 -5 -6 -3 -8 -5  8 -9 -7 -7 -2  7 -5    0   0   0   0   0   0   0   0   0   0   2   0   0  59   0   0   0   0  39   0  2.81 0.93
   49 S   -4 -6 -5 -6 -4 -5 -6 -6 -6 -8 -5 -6 -7 -8 -6  8 -4 -8 -7 -7    0   0   0   0   0   0   0   0   0   0   1   0   0   0   0  98   0   0   0   0  2.68 1.04
   50 M   -6 -7 -7 -8 -6 -6 -7 -8 -2  6  2 -7  8 -2 -7 -5 -5 -7 -6 -2    0   0   0   0   0   0   0   0   1  47  17   0  32   1   0   1   0   0   0   1  1.91 0.71
   51 A    7 -4 -7 -7 -6 -6 -6 -3 -7 -5 -7 -6 -6 -8 -6 -3 -5 -8 -7 -5   96   1   0   0   0   0   0   1   0   1   0   0   0   0   0   1   0   0   0   0  2.45 0.93
   52 S   -3 -4  7 -4 -2 -3 -5  0 -3 -7 -7 -4 -6 -7 -6  5 -1 -8 -6 -4    1   1  42   0   1   1   0   6   0   0   0   0   0   0   0  42   3   0   0   1  1.55 0.69
   53 T    5  1 -4 -5  2 -2 -4 -3 -3 -1 -1 -2 -3 -5  2  2  1 -4 -5 -2   45   7   0   0   4   1   0   1   1   3   5   1   0   0   9  13   7   0   0   1  0.68 0.40
   54 P   -1 -5 -4 -3 -4 -3 -4 -6  0 -4 -6 -4 -6 -7  8 -3 -4 -4 -7 -5    5   1   1   2   0   1   1   0   2   1   1   1   0   0  80   1   1   0   0   1  2.47 0.86
   55 D   -1  2  0  1  0  1 -1  1  6 -4 -3 -2  0 -3 -4  2 -1 -5 -2 -3    5  11   4   8   2   5   4  12  21   1   2   1   2   1   0  15   4   0   1   1  0.46 0.28
   56 E    1  0  1  3 -2  2  3  0  1 -3 -3 -1 -2 -4 -1  0 -1 -4 -3 -3   12   6   6  16   1  10  21   6   4   1   2   3   1   1   3   5   2   0   1   1  0.36 0.23
   57 K   -1 -2  1  5 -3  1  1  2 -1 -5 -3  0 -4 -5 -1  1  0 -4 -4 -4    5   1   7  30   1   5   8  15   2   0   2   5   0   0   3  10   5   0   0   1  0.50 0.29
   58 G    0  2  1  2 -4 -1  1  4 -1 -5 -4  0 -4 -5  0  0 -2 -5 -4 -4    6  13   7  12   0   2  11  28   1   0   1   4   0   0   4   6   2   0   0   1  0.47 0.25
   59 F   -1  0 -2  0 -2  1  2 -1  1 -1  1 -1  0  2 -1 -1  1 -1  0  0    3   5   1   5   1   5  15   4   4   3  14   3   2  10   3   4   8   1   3   5  0.07 0.09
   60 I   -4 -6 -7 -7 -5 -6 -7 -7 -7  6  5 -6  0 -2 -7 -6 -5 -2 -4  2    1   0   0   0   0   0   0   0   0  37  46   0   1   1   0   0   0   1   0  13  1.41 0.55
   61 E   -6 -5 -3  0 -9  1  8 -7 -4 -7 -6 -4 -7 -8 -6 -4 -3 -8 -7 -5    0   0   1   4   0   5  86   0   0   0   1   0   0   0   0   0   1   0   0   1  2.35 0.91
   62 L   -6 -7 -8 -8 -6 -7 -8 -8 -7 -2  6 -7 -2  4 -8 -7 -6  0 -4 -4    0   0   0   0   0   0   0   0   0   1  80   0   0  17   0   0   0   1   0   0  1.97 0.74
   63 H   -8 -6 -4 -7 -9  1 -6 -8 11 -9 -8 -6 -3 -7 -8 -7 -8 -8 -3 -9    0   0   1   0   0   6   0   0  92   0   0   0   1   0   0   0   0   0   1   0  4.01 1.23
   64 I   -5 -8 -8 -8 -6 -7 -8 -8 -8  7 -1 -7 -2 -4 -7 -7 -5 -7 -6  4    0   0   0   0   0   0   0   0   0  67   3   0   1   0   0   0   0   0   0  28  2.10 0.75
   65 G   -4  7 -3 -3 -6  1 -4  3 -5 -8 -7 -1 -6 -8 -5 -4 -6 -7 -7 -7    1  62   1   1   0   6   1  24   0   0   0   2   0   0   1   1   0   0   0   0  1.77 0.71
   66 Y    0  1 -3 -4 -6 -2 -3 -3  7 -4 -3 -3  0  4 -6 -1 -5 -1  5 -1    8   8   1   1   0   1   1   2  26   0   2   1   3  19   0   4   0   1  17   5  0.99 0.46
   67 A    3 -4 -4 -4 -4 -3 -4 -4 -1 -3 -3 -4  3 -2 -2  3  4 -4 -4  1   21   1   0   0   0   1   0   0   1   1   2   0   8   2   2  26  25   0   0  10  0.71 0.44
   68 K   -1  0 -1  1 -4  1  2  0 -1 -3 -3 -2  4 -4  4  1  0 -3 -5 -3    4   4   3   8   0   6  14   7   1   1   1   1  11   1  21   9   6   0   0   1  0.44 0.29
   69 A    1  0 -2 -2 -5  2  0  3  5 -4 -3 -2 -2 -2 -5 -2 -2  3  3 -4   12   5   1   2   0  11   6  24  14   1   2   2   1   1   0   1   2   4  11   0  0.55 0.33
   70 V   -2 -3 -7 -6 -4 -5 -6 -2 -5  2  2 -6 -1  0 -6 -5 -3  4 -3  6    3   2   0   0   0   0   0   3   0  11  19   0   1   3   0   0   0   5   0  52  1.08 0.48
   71 M   -1 -1 -4 -5 -3 -4 -5 -5  2  2  2 -5  3  6 -5 -4 -2 -1  0  1    6   4   1   1   0   0   0   1   5  10  19   0   7  31   0   0   3   1   2   9  0.71 0.35
   72 D    0 -2  2  3 -4  1  4  1 -1 -5 -5 -1 -4 -1 -2  1 -1 -6 -4 -4    9   2   9  17   0   5  24  11   2   0   0   2   0   3   1  10   4   0   0   0  0.49 0.30
   73 R    1  2  0 -1 -4  3  1 -1  3 -4 -3  0 -2 -2 -3  0  1 -5 -2 -3   14  13   4   2   0  14  10   4   8   0   3   6   1   1   1   7  10   0   1   2  0.33 0.24
   74 I   -1 -5 -7 -7 -3 -6 -7 -7 -6  2  5 -6  7 -1 -7 -6 -5 -1 -3  0    6   0   0   0   0   0   0   0   0  10  52   0  23   2   0   0   0   1   1   4  1.36 0.57
   75 L   -1  3 -3 -4 -4  4  0 -4 -2 -2 -1  5 -4 -3 -3 -2 -2 -3 -4 -2    5  16   1   0   0  17   4   1   1   2   6  37   0   1   1   2   3   0   0   2  0.75 0.41
   76 K    1  0  0 -1 -3  1  3 -4 -1 -2 -2  1 -3 -2  2  0 -1 -5 -3  2   11   5   4   3   0   5  22   0   1   2   3   7   0   2  10   7   2   0   0  15  0.28 0.23
   77 D   -1  2  3  0 -6  1  0  5 -2 -6 -6  2 -5 -6 -5 -2 -3 -6 -6 -6    5  10  12   5   0   6   5  39   1   0   0  12   0   0   0   2   1   0   0   0  0.78 0.39
   78 H    0  0  0  5 -6  1  2  1  1 -6 -4 -1 -5 -6 -4  0 -1 -6 -5 -5    7   4   3  38   0   7  11  10   4   0   1   3   0   0   1   6   4   0   0   0  0.72 0.38
   79 Q    0  0 -2 -1 -2  1  1 -3  0  3  1  0  1 -2  0 -1  1 -4 -3  0    6   5   1   3   0   5  10   1   2  19  15   5   5   1   4   4  10   0   0   3  0.15 0.15
   80 I   -1 -6 -7 -7 -5 -5 -6 -7 -4  3  4 -6  2 -1 -6 -5 -4 -4 -4  4    6   0   0   0   0   0   0   0   1  17  44   0   4   2   0   0   0   0   0  27  1.10 0.47
   81 V   -2  6 -1  1 -5  0  1 -5 -2 -3 -3  0 -1 -6 -5 -2  2 -2 -5 -2    3  44   3   7   0   4   9   0   1   1   3   4   2   0   0   2  13   1   0   3  0.84 0.44
   82 V   -2 -6 -7 -7 -2 -6 -7 -7 -7  5  2 -6  1  2 -6 -6 -4 -6 -4  5    2   0   0   0   1   0   0   0   0  29  20   0   2   8   0   0   0   0   0  36  1.20 0.49
   83 D   -3  1 -2  2 -4  0  6 -6 -1 -6 -6 -1 -6 -7 -5  1 -1 -7 -5 -5    1   7   2  12   0   4  54   0   1   0   0   3   0   0   0  10   3   0   0   1  1.21 0.57
   84 I    1 -5 -5 -6 -4 -5 -4  6 -6  1  2 -5  2 -4 -6 -4 -4 -6 -5  0   12   0   0   0   0   0   1  51   0   7  17   0   5   1   0   0   0   0   0   6  1.05 0.48
   85 P   -3 -8 -6 -7 -5 -7 -7 -1 -8 -8 -8 -7 -8 -9  9 -6 -7 -9 -9 -8    3   0   0   0   0   0   0   5   0   0   0   0   0   0  92   0   0   0   0   0  3.18 1.09
   86 H   -3 -2 -2 -5 -3 -1 -5 -2  5 -2  4  0  0  4 -6 -3 -4 -1  2 -3    2   1   2   0   1   2   0   3  14   1  36   6   2  19   0   2   0   1   8   0  0.75 0.39
   87 G   -5 -8 -6 -7 -8 -7 -8  8 -7 -9 -9 -7 -8 -9 -5 -6 -6 -8 -9 -9    0   0   0   0   0   0   0  99   0   0   0   0   0   0   1   0   0   0   0   0  2.92 0.98
   88 E   -1 -2  1  4 -5  1  1 -2 -1 -3 -4 -1 -4 -6 -4  3  3 -6 -5 -2    3   2   6  21   0   6   9   2   2   1   2   3   0   0   0  20  21   0   0   3  0.55 0.35
   89 A    4 -5 -6 -7  4 -6 -6 -6 -6 -5 -4 -6 -4  7 -6  0 -1 -5 -1 -3   32   0   0   0   7   0   0   0   0   0   1   0   0  48   0   6   4   0   1   1  1.56 0.65
   90 W   -3 -2 -5 -6  3  0 -4 -2  3 -3 -4 -5 -2  5 -6 -2 -1  7  5  0    2   2   0   0   5   4   1   4   8   1   0   0   1  27   0   3   4  13  17   8  1.04 0.47
   91 L   -5 -6 -7 -8 -4 -6 -7 -8 -3  0  6 -7 -1  1 -4 -6 -5  2  1  1    1   0   0   0   0   0   0   0   1   4  71   0   1   4   1   0   0   3   5   9  1.43 0.59
   92 R   -1  8 -2  1 -7  1 -3 -5  2 -7 -6  0 -6 -7 -5 -3 -5 -7 -6 -6    7  67   2   7   0   6   1   1   4   0   0   3   0   0   0   2   0   0   0   0  1.72 0.69
   93 D    0  0 -1  2 -5  1  5 -3 -1 -5 -3  0 -5 -6  0 -1  0 -6 -3 -4    8   5   2  10   0   6  45   1   1   0   2   5   0   0   5   3   5   0   1   1  0.75 0.40
   94 D   -1 -1  1  5 -4  1  3 -2  0 -4 -1  0 -4 -5 -3  0 -1 -5 -4 -4    6   3   6  31   0   5  17   3   3   0   7   7   0   0   1   8   4   0   0   1  0.53 0.30
   95 E    0 -3  0  1 -2 -2 -1 -1  4 -6 -6 -3 -5 -5  2  5  0 -6 -4 -4    5   1   4   8   1   1   3   3   9   0   0   1   0   0   9  47   4   0   0   1  0.85 0.47
   96 E    0 -1  0  4 -2  1  3 -1 -1 -4 -4 -1 -3 -3  0  0  1 -1 -1 -3    7   3   4  26   1   7  18   4   1   1   1   3   0   1   5   5   7   1   3   1  0.42 0.26
   97 R   -1  5 -1 -2 -3  0 -2  2 -2 -6 -4  4 -1 -5 -3 -2 -2 -6 -5 -5    5  37   3   2   1   3   2  16   1   0   2  23   1   0   1   2   2   0   0   0  0.87 0.43
   98 P   -4 -2 -4 -2 -8 -5 -6 -6 -2 -8 -8 -5 -8 -9  9 -4 -3 -9 -8 -7    1   2   1   2   0   0   0   1   1   0   0   1   0   0  87   1   1   0   0   0  2.86 1.00
   99 M   -2 -2 -7 -7 -5 -5 -6 -7 -6  5  4 -4  5 -3 -6 -5 -3 -6 -4  2    4   2   0   0   0   0   0   0   0  33  32   1  14   0   0   0   1   0   0  11  1.11 0.47
  100 I   -5 -7 -7 -7 -5 -6 -7 -8 -7  5  4 -7 -1 -2 -7 -6 -4 -3 -5  4    0   0   0   0   0   0   0   0   0  32  36   0   1   1   0   0   1   0   0  29  1.39 0.55
  101 L   -3 -7 -7 -8  4 -6 -7 -6 -6 -3  5 -7  4  5 -7 -6 -5 -5 -4 -3    2   0   0   0   9   0   0   1   0   1  53   0  10  25   0   0   0   0   0   0  1.53 0.61
  102 I   -3 -6 -7 -7 -5 -6 -7 -6 -7  5  3 -6  3 -4 -7 -6 -4 -6 -5  4    2   0   0   0   0   0   0   0   0  35  30   0   6   0   0   0   0   0   0  26  1.31 0.53
  103 A    7 -7 -7 -7 -2 -6 -6 -1 -7 -6 -7 -6 -6 -7 -6 -3 -5 -8 -7 -4   93   0   0   0   1   0   0   4   0   0   0   0   0   0   0   0   0   0   0   1  2.33 0.90
  104 G    2 -6 -4 -5 -3 -5 -5  6 -6 -7 -7 -5 -6 -7 -6  2  3 -7 -7 -6   14   0   0   0   1   0   0  53   0   0   0   0   0   0   0  16  17   0   0   0  1.36 0.60
  105 G   -3 -8 -6 -7 -8 -7 -7  8 -7 -9 -9 -7 -8 -8 -7 -2 -7 -8 -8 -8    1   0   0   0   0   0   0  96   0   0   0   0   0   0   0   3   0   0   0   0  2.78 0.94
  106 T   -4 -7 -5 -6 -6 -6 -6 -7 -7 -5 -7 -6 -6 -8 -7  0  8 -8 -7 -5    1   0   0   0   0   0   0   0   0   0   0   0   0   0   0   7  92   0   0   0  2.70 1.02
  107 G   -5 -8 -6 -7 -8 -7 -8  8 -7 -9 -9 -7 -8 -9 -8 -6 -7 -8 -9 -9    0   0   0   0   0   0   0 100   0   0   0   0   0   0   0   0   0   0   0   0  2.99 0.99
  108 F   -6 -7 -8 -8 -7 -7 -8 -8 -6  2  2 -7  4  8 -8 -7 -6 -4  1 -4    0   0   0   0   0   0   0   0   0  10  19   0   8  60   0   0   0   0   3   0  2.00 0.71
  109 S    6 -6 -5 -6 -5 -5 -5 -2 -6 -6 -7 -5 -6 -7 -6  4 -3 -7 -7 -5   68   0   0   0   0   0   0   3   0   0   0   0   0   0   0  29   1   0   0   0  1.78 0.77
  110 Y   -6 -6 -7 -7 -8  3 -6 -7 -5 -8 -7 -6 -7 -5  7 -2 -6 -6  6 -7    0   0   0   0   0  14   0   0   0   0   0   0   0   0  60   3   0   0  23   0  2.31 0.89
  111 A   -1 -6 -6 -7 -5 -5 -6 -7 -7  6  0 -6  5 -4 -2 -5  0 -6 -5  4    5   0   0   0   0   0   0   0   0  38   8   0  12   0   2   0   5   0   0  29  1.17 0.50
  112 R   -3  3 -2 -5 -5  0 -3 -5  3 -6 -1  7 -3 -5 -6 -4 -5 -2 -1 -4    2  14   2   0   0   4   0   0   6   0   7  59   1   0   0   1   0   1   2   1  1.36 0.61
  113 S    4 -6 -5 -5 -2 -5 -5 -1 -6 -7 -7 -5 -6 -7 -6  6 -4 -7 -7 -6   35   0   0   0   1   0   0   5   0   0   0   0   0   0   0  59   0   0   0   0  1.70 0.76
  114 I   -5 -7 -8 -8 -6 -6 -7 -8 -7  7  2 -7  7 -3 -7 -7 -5 -7 -6  0    0   0   0   0   0   0   0   0   0  53  18   0  24   0   0   0   0   0   0   4  1.87 0.69
  115 L   -1 -6 -7 -7 -3 -6 -6 -7 -7  4  4 -6  1 -3 -6 -5 -4 -6 -5  4    6   0   0   0   1   0   0   0   0  22  40   0   2   1   0   0   0   0   0  27  1.14 0.48
  116 L   -4  2 -4  2 -7  1  6 -5 -2 -5  0 -1 -2 -6 -6 -4 -4 -7 -5 -5    1  10   0   9   0   6  56   0   1   0  10   3   1   0   0   1   1   0   0   0  1.23 0.58
  117 T    1 -2  0  2 -4  2  0  0  7 -6 -5 -3 -2 -4 -5  0  1 -4  2 -5   10   2   3  10   0   9   5   7  28   0   0   1   1   0   0   7  10   0   6   0  0.74 0.40
  118 A    4 -5 -5 -6  5 -2 -4 -4  1  0  3 -5  4 -2 -5 -2 -3 -5 -4 -1   31   0   0   0  11   2   0   1   4   4  30   0   9   1   0   2   0   0   0   3  0.80 0.42
  119 L    0  1 -5 -6 -4  0 -3 -5 -2  3  4 -3  1  1 -4 -3 -3 -4 -3  0    8   8   0   0   0   4   2   1   1  18  41   1   3   5   0   1   1   0   0   5  0.59 0.32
  120 A    4  0  0  1 -4  1  2 -2  3 -5 -4  0 -3 -1 -3  0 -2 -4 -2 -3   34   4   4   7   0   5  15   1   9   0   1   5   0   2   0   7   2   0   1   1  0.48 0.32
  121 R    1  2  0  0 -3  3  1 -3  1 -1 -1  2 -2 -3 -3  0  1 -2 -2 -2   11  12   5   4   0  13   8   1   4   3   7  11   0   1   0   8   7   0   1   2  0.22 0.18
  122 N   -2 -1  2  0 -5  2 -1  5 -2 -5 -5  0 -5 -7 -1 -2 -4 -6 -6 -5    3   3  10   6   0  10   4  49   1   1   1   6   0   0   4   2   1   0   0   0  0.91 0.44
  123 P   -2 -2 -1  1  1 -1 -2 -3 -1  1  0 -1  3  2  3  1 -1 -1 -1 -1    2   1   2  10   4   3   1   1   2  10   8   2   9   9  14  10   4   1   2   4  0.20 0.18
  124 N    0  1  1  1  1  3  1 -2  0 -3 -4  1 -3 -5 -1  0  3 -1 -3 -3    7   9   6   9   4  12   9   2   2   1   0  10   0   0   3   7  17   1   1   0  0.32 0.24
  125 R   -4  7  2 -4 -7  3 -3 -5  3 -5 -5  0 -5 -7  0 -3 -3 -4 -3 -5    1  54  10   0   0  13   1   1   6   1   1   3   0   0   5   1   1   0   1   1  1.38 0.61
  126 D   -2 -3 -3  0 -7  0  1 -4  0 -6 -7 -1 -4 -8  7 -1 -2 -8 -6 -5    3   2   1   5   0   4   9   1   2   0   0   3   0   0  62   4   2   0   0   1  1.67 0.68
  127 I   -1 -7 -7 -7 -5 -6 -7 -6 -3  6 -1 -6  4 -3 -7 -5 -1 -7 -5  4    4   0   0   0   0   0   0   0   1  47   5   0   9   0   0   0   3   0   0  30  1.42 0.57
  128 T   -1 -1 -4 -2 -5 -2 -3 -6  8 -2 -3 -2 -2  1 -6  0  3  0  4 -1    4   3   0   2   0   1   2   0  32   2   2   2   1   5   0   7  18   1  13   5  0.97 0.47
  129 I   -5 -7 -7 -8 -4 -6 -7 -8 -7  3  6 -7 -1  2 -7 -6 -5 -6 -4  2    0   0   0   0   0   0   0   0   0  12  65   0   1   8   0   0   0   0   0  13  1.45 0.58
  130 Y   -8 -8 -8 -9 -8 -7 -8 -9 -4 -6 -5 -8 -7  1 -9 -8 -7  3 10 -4    0   0   0   0   0   0   0   0   0   0   1   0   0   4   0   0   0   3  90   1  3.49 1.14
  131 W   -7 -5 -7 -10 -8 -3 -9 -9  0 -8 -5 -9 -7  2 -10 -7 -8 13 -1 -6    0   1   0   0   0   2   0   0   2   0   1   0   0   9   0   0   0  82   2   1  4.25 1.27
  132 G   -2 -8 -6 -7 -5 -7 -6  8 -7 -7 -9 -7 -8 -8 -7 -4 -7 -8 -8 -8    4   0   0   0   0   0   0  95   0   0   0   0   0   0   0   1   0   0   0   0  2.69 0.92
  133 G    3 -5 -3 -6  2 -4 -5  4 -6 -3 -2 -5  2 -5 -5 -2 -3 -6 -5  4   27   0   1   0   4   1   0  28   0   0   2   0   6   0   0   2   1   0   0  28  0.87 0.45
  134 R   -5  8 -2 -7 -9 -2 -5 -7 -4 -8 -7  2 -7 -6 -4 -5 -5 -8 -6 -7    1  85   1   0   0   1   0   0   0   0   0   9   0   0   1   1   0   0   0   0  2.55 0.91
  135 E   -1  3  2  1 -3  1  2 -2  2 -4 -4  0 -4 -4 -4  2  3 -3 -2 -2    4  17   8   7   0   5  13   2   5   0   1   3   0   0   0  13  16   0   1   2  0.41 0.28
  136 E    1  2 -3 -2 -4  1  3 -3  1 -2 -1  0 -1 -5  4 -1 -2 -2 -3 -2   12  10   0   1   0   7  20   1   3   3   8   5   1   0  20   3   1   1   1   2  0.44 0.29
  137 Q    3  2 -1  2 -1  2  2 -2  0 -4 -5  1 -4 -5 -3  1 -2 -5 -3 -3   23  13   3  10   2  10  14   3   2   0   0   6   0   0   1  10   1   0   1   1  0.43 0.29
  138 H    0 -5 -2  7 -6  0  1 -1  3 -7 -5 -5 -7 -4 -6 -4 -5 -5 -5 -7    7   0   1  66   0   4   7   5   7   0   2   0   0   1   0   0   0   0   0   0  1.69 0.68
  139 L   -4 -7 -8 -8 -4 -6 -7 -8 -5  1  6 -7  2  3 -7 -7 -5 -6 -4  0    1   0   0   0   0   0   0   0   0   6  72   0   4  12   0   0   0   0   0   4  1.60 0.62
  140 Y   -8 -8 -8 -9 -8 -7 -8 -9 -4 -7 -7 -8 -7 -1 -9 -8 -7 -4 10 -7    0   0   0   0   0   0   0   0   0   0   0   0   0   1   0   0   0   0  99   0  3.92 1.24
  141 D    1 -2 -1  1 -3  0 -1 -1 -1 -2  3 -3  5 -2 -4 -3 -3  2  0 -1   12   2   2  10   0   4   4   6   1   1  30   1  14   1   0   1   0   3   4   2  0.36 0.26
  142 L    0  1  0  1 -2  0  0 -3  4 -1  1 -1  0 -1  0 -1 -1 -2 -1  0    8   9   3  10   1   4   7   1  12   3  19   3   2   2   4   4   2   0   1   5  0.16 0.15
  143 C    1 -3 -1  4 -4  0  4 -1 -2 -6 -4 -1 -5 -6  1  1 -1 -3 -5 -5   12   1   3  27   0   4  27   4   1   0   1   3   0   0   6   8   3   0   0   0  0.68 0.37
  144 E   -2 -1 -3 -3 -4  1  4 -6  4 -1  3 -1 -1 -2 -5 -4 -3  6 -3 -2    3   3   1   1   0   5  26   0   9   3  29   3   1   1   0   0   2  11   1   2  0.70 0.39
  145 L    2 -5 -6 -5  2 -5 -5 -5 -5  1  3 -5  2  2  2 -4 -3  5 -3  0   17   0   0   0   4   0   0   0   0   7  31   0   5   8  11   0   1   7   0   6  0.64 0.35
  146 E    0  3 -1  1 -2  3  4 -3 -1 -2 -2  0 -3 -5 -2 -1 -1 -5 -3 -2    7  16   3   6   1  16  24   1   1   3   5   5   0   0   1   4   3   0   1   3  0.44 0.28
  147 A    3  1 -1  0 -5  4  3 -1  0 -5 -3  0 -3 -5 -4  1 -1 -5 -4 -4   23   6   3   4   0  21  17   5   2   0   2   4   0   0   0   8   3   0   0   1  0.52 0.34
  148 L   -4 -4 -8 -9 -7 -3 -7 -7 -6  0  4 -5 -1 -3 -8 -7 -5 11 -2 -4    2   1   0   0   0   1   0   0   0   5  34   1   2   1   0   0   1  51   1   1  2.53 0.86
  149 S    5 -1 -3 -3  1  3  1 -2  0 -2 -3 -3 -2 -5 -3  0  0 -5 -4 -1   44   3   0   1   2  12   7   2   3   2   3   1   1   0   1   7   5   0   0   5  0.58 0.36
  150 L    3  1 -1  1 -3  2  2 -1 -2 -3 -1  1 -3 -4 -3  0 -1 -5 -4 -2   25   9   3   6   0  10  13   4   1   1   6   9   0   0   1   7   3   0   0   3  0.28 0.22
  151 K    0  3 -1  1 -4  4  3 -4  0 -3 -3  1 -3 -5 -4  0  0 -4 -4 -3   10  17   2   6   0  17  19   1   2   1   2   8   0   0   0   6   6   0   0   2  0.49 0.31
  152 H   -4 -2  0 -4 -3 -2 -4 -5  8 -1  2 -4  2  0 -5 -3 -4  3  4 -3    1   2   5   1   0   1   0   1  38   3  18   1   4   4   0   2   1   4  13   2  1.19 0.51
  153 P    1 -3 -2  1 -3 -2  0 -2 -2 -6 -6 -1 -5 -5  7  0 -2 -6 -1 -5   11   2   2   8   1   1   7   3   1   0   0   4   0   0  48   8   2   0   2   0  1.14 0.52
  154 G   -3 -1  7  1 -6  1 -2  1  4 -6 -5 -3 -5 -5 -3 -2 -3  4 -3 -6    3   3  47   6   0   6   2  10   9   0   1   1   0   0   2   2   1   5   1   0  1.14 0.54
  155 L   -3 -6 -7 -7 -4 -6 -6 -6 -6  2  4 -6  0  6 -7 -6 -5 -3 -2  1    2   0   0   0   0   0   0   1   0  10  38   0   2  35   0   0   0   0   1  11  1.27 0.53
  156 Q   -2  4  0 -1 -3  1 -1 -4  5 -4 -5  1 -4 -1 -5  1  3 -6 -2 -3    2  23   3   4   0   5   2   0  16   1   0   9   0   3   0   9  19   0   1   2  0.68 0.40
  157 V   -5 -7 -7 -8 -3 -7 -7 -8 -4 -2  0 -7 -4  7 -8 -7 -5 -2  7  1    1   0   0   0   1   0   0   0   0   2   7   0   0  46   0   0   0   0  33  10  1.98 0.75
  158 V   -4 -3 -3 -5 -5 -2 -3 -7  6  4 -3 -5 -2 -3 -6 -4  2 -7 -4  5    1   2   1   0   0   2   2   0  18  21   1   0   0   1   0   1  12   0   0  39  1.15 0.55
  159 P   -1 -3 -5 -6 -8 -2 -4 -5 -7 -4 -6 -2 -7 -5  8 -5 -3 -8 -8 -1    5   1   0   0   0   2   1   1   0   1   1   3   0   1  77   1   1   0   0   5  2.29 0.89
  160 V   -2 -8 -8 -8  0 -7 -8 -8 -8  0 -4 -7 -4 -6 -7 -5 -4 -8 -6  8    4   0   0   0   2   0   0   0   0   3   0   0   0   0   0   1   1   0   0  90  2.38 0.90
  161 V   -4 -6 -7 -7 -2 -6 -7 -7 -7  2  5 -6 -2 -3 -7 -4 -1 -6 -4  5    1   0   0   0   1   0   0   0   0   8  46   0   0   1   0   1   4   0   0  38  1.27 0.56
  162 E   -1 -5 -2 -3 -6 -1  4 -2 -5 -7 -7 -4 -6 -7 -5  6 -2 -7 -5 -6    5   0   1   1   0   2  25   2   0   0   0   0   0   0   0  61   1   0   0   0  1.49 0.73
  163 Q   -1  2  1  4 -6  3  4 -2  0 -4 -4 -2 -4 -2 -4 -1 -1 -6 -4 -3    4  12   7  21   0  12  23   3   2   1   1   1   0   2   0   5   4   0   0   2  0.60 0.36
  164 P    3 -5 -2  0 -3 -3  0 -1 -3 -4 -4 -3 -5 -4  6 -1 -3 -4 -5 -2   24   0   2   4   1   1   5   6   0   1   1   1   0   1  44   4   1   0   0   2  1.11 0.50
  165 E    0 -3  0  4 -4  0  4  0 -1 -4 -2 -3 -3 -6  1  0 -1 -6 -5 -4    7   1   4  23   0   4  28   7   1   1   4   0   1   0   8   6   4   0   0   1  0.56 0.34
  166 A    2 -3 -1  5  2  0  2 -1 -2 -4 -5 -2 -5 -5  1  0 -1 -6 -4 -3   21   1   2  30   5   3  13   4   1   1   0   1   0   0   6   7   4   0   1   2  0.58 0.35
  167 G    1 -2  2  3 -4  1  0  3  2 -4 -5 -2 -4 -5  0  0 -1 -5 -3 -4   12   2   9  17   0   7   5  23   5   1   1   1   0   0   5   7   4   0   1   1  0.44 0.28
  168 W   -2 -5 -5 -4 -7 -2 -5 -4 -1 -6 -6 -6 -5 -2 -3 -5 -3 12 -2 -3    4   1   1   1   0   2   1   2   2   0   1   0   0   2   2   1   2  75   1   2  3.48 1.13
  169 R    0  0  0  0 -3  4  0  0  1 -3 -3  0 -3 -4  0  1  2 -5 -2 -3    8   6   4   5   1  22   6   6   3   1   1   4   0   1   4  12  16   0   1   1  0.35 0.27
  170 G   -2 -3 -5 -6 -3 -2 -5  7 -1 -6 -4 -6 -4 -3 -6 -4 -5 -1  0 -5    2   1   0   0   1   2   1  82   1   0   2   0   1   1   0   1   0   1   3   1  1.96 0.76
  171 R   -1  7 -5 -5 -7 -2 -2 -6  3 -6 -4  2 -4 -2 -6 -4 -5 -7 -6 -4    6  66   0   0   0   1   2   0   7   0   2  11   0   2   0   0   0   0   0   1  1.75 0.73
  172 T   -1  2 -2 -4  3  0 -3 -4  2 -1 -3  0 -2 -3 -4  1  5 -6 -3  0    4  13   1   0   6   4   1   1   4   4   1   5   1   1   0   9  38   0   0   6  0.64 0.40
  173 G   -3 -7 -5 -1 -5 -7 -6  8 -7 -9 -9 -6 -8 -8 -7 -5 -6 -8 -8 -8    2   0   0   4   0   0   0  93   0   0   0   0   0   0   0   0   0   0   0   0  2.61 0.93
  174 T   -4  0  1 -5 -5 -1 -5 -6  2 -3  3 -4  1  4 -5 -3  0  4  4 -3    0   4   7   0   0   3   0   0   4   0  28   0   4  18   0   1   7   5  16   1  0.73 0.39
  175 V   -3 -7 -8 -8 -6 -7 -7 -8 -8  1  1 -7 -3 -5 -5 -6 -5 -7 -6  7    1   0   0   0   0   0   0   0   0   5  14   0   0   0   1   0   0   0   0  79  1.99 0.78
  176 L   -5 -5 -4 -2 -6  3 -4 -3  9 -2  1 -5 -5 -5 -1 -4  2 -4 -1 -3    0   0   0   3   0  12   0   2  47   3  14   0   0   0   3   0  12   0   1   2  1.51 0.67
  177 T   -1  1 -1  4 -6  4  4 -5  2 -6 -5  0 -4 -7 -4 -1 -1 -6 -5 -5    4   6   3  21   0  20  27   0   4   0   1   5   0   0   1   4   3   0   0   0  0.85 0.46
  178 A    7 -6 -6 -6 -2 -1 -4 -5 -3 -1 -5 -4 -5 -5 -5 -2 -3 -7 -4  1   77   0   0   0   1   3   1   0   1   3   1   1   0   0   0   2   1   0   1   9  1.62 0.73
  179 V    0 -7 -7 -6 -5 -6 -6 -7 -7  3  0 -7  0 -3 -7 -6 -4 -7 -5  7    6   0   0   0   0   0   0   0   0  14   8   0   2   1   0   0   0   0   0  68  1.62 0.67
  180 L    1 -1 -3 -3  2 -3 -2 -4 -3  1  4 -1  5 -3 -5 -2 -3 -4 -4 -1   13   3   1   1   5   1   3   1   1   7  37   3  17   0   0   2   1   0   0   4  0.59 0.35
  181 Q    3  0  0  2 -4  4  4 -3  1 -6 -5  0 -4 -6 -4  0 -2 -6 -5 -5   24   4   4  10   0  16  27   1   3   0   1   5   0   0   0   5   2   0   0   0  0.71 0.42
  182 D   -4 -3 -2  8 -6 -2 -1 -5  0 -8 -7 -5 -3 -7 -6 -3 -4 -9 -3 -7    1   1   1  83   0   2   3   1   2   0   0   0   1   0   0   2   1   0   1   0  2.33 0.88
  183 H   -3 -5 -4 -5 -1 -2 -4 -3  5  1  1 -5 -2  7 -7 -5 -4  3  3 -3    3   0   1   1   1   2   1   3  11   9  13   0   1  40   0   0   0   3   9   1  1.10 0.49
  184 G    1 -3 -1  1 -4 -1  0  1 -1 -2 -4 -2 -2 -4  5  0 -1 -6 -5  0   12   1   2  10   0   3   6  11   1   3   1   2   1   1  30   7   4   0   0   6  0.55 0.32
  185 T   -3 -3  2  7 -3 -2 -1 -4 -1 -7 -7 -3 -6 -7 -6  3  0 -8 -5 -5    2   1   8  53   1   1   3   1   2   0   0   1   0   0   0  21   4   0   0   1  1.36 0.62
  186 L   -4 -7 -8 -8  0 -7 -7 -8 -5 -2  6 -7  2  1 -3 -7 -6  1 -5 -2    1   0   0   0   2   0   0   0   0   1  80   0   4   6   2   0   0   2   0   2  1.73 0.70
  187 A    2  0  0  1 -3 -1  1 -2 -1 -4 -5 -1 -4 -6 -4  5  0 -6 -5 -3   18   5   3   7   0   2   8   2   1   1   0   4   0   0   0  41   5   0   0   1  0.67 0.42
  188 E    1 -2  1  3 -5  0  2  5 -1 -6 -5 -3 -4 -6  0 -1 -2 -6 -5 -4    9   2   6  14   0   3  12  37   2   0   1   1   0   0   4   4   2   0   0   1  0.67 0.37
  189 H   -1 -5 -4 -6  0 -3 -5 -7  7 -3 -2 -5 -2  4 -7 -4 -2  6  6  0    5   0   0   0   2   1   0   0  24   1   4   1   1  13   0   1   2  11  26   7  1.34 0.58
  190 D   -1  1 -3  5 -4  4  3 -5  2 -6 -5  1 -5 -6 -5 -1 -2 -4 -4 -2    6   8   0  31   0  17  16   0   5   0   0   7   0   0   0   3   2   0   0   3  0.84 0.45
  191 I    2 -7 -7 -7 -4 -6 -6 -5 -7  5 -2 -6 -1 -2 -6 -5 -4 -7 -5  6   16   0   0   0   0   0   0   1   0  25   3   0   1   1   0   0   0   0   0  51  1.38 0.60
  192 Y   -8 -8 -8 -9 -8 -7 -8 -9  1 -6 -6 -8 -5 -1 -9 -8 -7 -2 10 -6    0   0   0   0   0   0   0   0   2   0   1   0   0   1   0   0   0   0  95   0  3.68 1.22
  193 I    4 -5 -6 -6  0 -5 -5 -5 -6  3  3 -5  3 -4 -4 -3 -3 -6 -5  1   40   0   0   0   2   0   0   0   0  16  23   0   7   0   1   1   1   0   0   9  0.88 0.46
  194 A    3 -7 -6 -7 10 -6 -7 -4 -7 -6 -6 -7 -6 -7 -7  3 -5 -7 -7 -5   26   0   0   0  54   0   0   1   0   0   0   0   0   0   0  18   0   0   0   1  2.41 0.87
  195 G   -5 -8 -6 -7 -8 -7 -7  8 -7 -9 -9 -7 -8 -8 -7 -5 -7 -8 -8 -8    0   0   0   0   0   0   0  99   0   0   0   0   0   0   0   1   0   0   0   0  2.92 1.00
  196 R    3  3 -1 -5 -5 -4 -4 -4 -3 -6 -6 -3 -5 -7  4  4 -3 -7 -6 -5   21  17   3   0   0   0   0   0   1   0   0   0   0   0  21  35   0   0   0   0  1.09 0.58
  197 F   -6 -7 -3 -4 -8 -5 -2 -6 -7 -5 -4 -6 -3  5  8 -5 -6 -1 -3 -4    0   0   1   1   0   0   3   0   0   1   1   0   1  21  67   0   0   1   1   1  2.23 0.86
  198 E    3 -2  0  1 -4 -2  2  0 -3  0 -2 -1 -2 -4  3 -1 -1 -5 -4  1   26   2   4   7   0   1  14   7   0   5   3   2   1   0  13   2   2   0   0  10  0.32 0.25
  199 M   -6 -7 -8 -9 -7 -6 -8 -8 -7 -3 -3 -7 11 -6 -8 -7 -6 -7 -7  0    0   0   0   0   0   0   0   0   0   1   1   0  91   0   0   0   0   0   0   6  3.69 1.23
  200 A    2 -6 -7 -7 -5 -6 -6 -7 -7  5 -3 -6 -3 -5 -6 -4 -2 -7 -5  6   15   0   0   0   0   0   0   0   0  26   0   0   0   0   0   1   3   0   0  55  1.50 0.63
  201 K   -1  0 -1  3 -5  0  3  1  2 -5 -5  1 -2 -3 -4 -2 -3 -2  4 -5    6   4   3  17   0   3  23  10   4   0   0  10   1   1   0   2   1   0  14   0  0.55 0.34
  202 I    5 -4 -4  0 -4 -2 -3 -1 -4  0 -4 -3 -3 -4 -4  2  0 -6 -5  0   50   0   0   5   0   1   1   4   0   6   1   1   0   1   0  16   6   0   0   6  0.79 0.45
  203 A    6 -6 -6 -6  2 -5 -5 -1 -6 -2 -2 -5 -3 -6 -5 -2  1 -7 -6  0   67   0   0   0   4   0   0   4   0   2   5   0   0   0   0   2  10   0   0   6  1.31 0.63
  204 R   -3  6 -4 -5 -2  1 -3 -5  1 -1  0  2  2 -2 -5 -3 -1 -5 -1  0    2  41   0   0   1   5   0   1   4   4   9  12   5   2   0   2   3   0   2   6  0.74 0.39
  205 D   -1  2  0  4 -5  1  3 -3  0 -4 -5  1 -4 -5 -1  0  0 -6 -3 -3    6  12   3  25   0   5  18   2   2   1   1   7   0   0   2   5   7   0   1   2  0.51 0.30
  206 L    3  1 -2  3 -4  1  0 -3 -1 -1  1 -2  0 -4 -4 -1  0 -1 -4  0   28   7   1  18   0   6   5   0   1   2  13   2   2   0   0   3   4   1   0   7  0.32 0.27
  207 F   -4 -6 -6 -7 -3 -5 -6 -6 -5 -3  4 -6 -2  7 -7 -6 -5 -4  1 -2    1   0   0   0   1   0   0   1   0   1  39   0   0  51   0   0   1   0   3   2  1.74 0.65
  208 C    0 -3 -3 -3  5 -3 -3 -3 -2  2  1 -2  2 -1 -3 -1  2 -3 -2  3    6   1   1   1  11   1   1   1   1  10  14   2   4   2   1   3  15   0   1  23  0.41 0.22
  209 S    3  2  0 -2 -3  2  1 -1 -1 -3 -1  0 -2 -2 -2  0  0 -4 -3 -2   30  12   4   2   0   8  10   3   1   1   5   6   0   1   1   7   6   0   1   1  0.31 0.22
  210 E    1  2  0  0 -4  3  4 -1  0 -4 -3  0 -3 -4 -2  0 -2 -4 -3 -3   15   9   3   5   0  16  26   4   2   1   3   5   0   1   1   5   2   0   1   1  0.44 0.28
  211 R    1  5 -2 -3  4 -1 -3 -2  2 -3  0  3 -1 -4 -3 -2 -2 -4 -2 -3   13  30   1   1  10   1   1   4   6   2   8  15   2   1   1   2   1   0   1   1  0.57 0.30
  212 N   -3 -2  1 -1 -7 -1 -5  7 -2 -7 -5 -2 -2 -6 -6 -3 -5 -7 -6 -7    2   2   6   4   0   3   1  75   1   0   1   3   1   0   0   2   0   0   0   0  1.72 0.68
  213 A    3 -6 -6 -7 -3 -5 -6 -6 -6  1  5 -6  4 -1 -6 -5 -4 -6 -5  1   23   0   0   0   1   0   0   0   0   6  51   0   9   2   0   0   0   0   0   9  1.08 0.52
  214 R   -1  0  0  2 -4  0  0 -3  1 -2 -2  0 -4 -4  6  1 -3 -6 -4 -3    5   6   4  12   0   3   6   1   3   2   4   5   0   1  34  10   1   0   0   2  0.66 0.37
  215 E    2  1 -2 -1 -3 -1  3 -3 -3 -1 -1  0 -2 -5  3  0 -1 -5 -5 -1   16   8   1   3   0   2  24   1   0   3   5   4   1   0  17   6   3   0   0   5  0.41 0.29
  216 D    0 -1  0  4 -6  0  5 -1  2 -5 -6 -1 -5 -6 -4  0 -2 -6 -5 -5    8   4   4  23   0   4  33   4   5   0   0   4   0   0   0   7   2   0   0   0  0.77 0.42
  217 R    0  4  2  1 -2  4  2 -4  6 -6 -5 -1 -4 -3 -5 -2 -4 -6 -1 -5    8  21   9   7   1  16  11   1  18   0   0   2   0   1   0   2   0   0   2   0  0.79 0.43
  218 L   -5 -6 -7 -7 -2 -6 -7 -7 -6  3  2 -7  6  6 -7 -6 -5 -4 -2  0    0   0   0   0   1   0   0   0   0  17  16   0  21  37   0   0   0   0   1   6  1.48 0.61
  219 F   -7  0 -6 -7 -7 -5 -7 -8  6 -3 -3 -6 -4  7 -8 -6 -6 -4  7 -5    0   5   0   0   0   0   0   0  17   1   2   0   0  40   0   0   0   0  35   0  2.11 0.79
  220 G    5 -4 -4 -5 -1 -5 -5  1 -5 -6 -6 -5 -5 -2 -5  4 -2 -6  0 -4   46   1   0   0   1   0   0  12   0   0   0   0   0   2   0  32   2   0   3   1  1.13 0.59
  221 D   -7 -7 -4  9 -9 -6 -1 -7 -7 -9 -9 -6 -9 -9 -7 -6 -6 -10 -9 -9    0   0   0  98   0   0   2   0   0   0   0   0   0   0   0   0   0   0   0   0  3.18 1.09
  222 A    6 -5 -5 -6 -4 -5 -4 -3 -6 -3 -4 -2 -4 -6 -3  2 -3 -7 -6  3   60   0   0   0   0   0   1   1   0   1   1   2   0   0   1  13   1   0   0  20  1.23 0.61
  223 F   -7 -8 -8 -9 -8 -8 -9 -9 -6 -5 -1 -8 -5  9 -9 -8 -7 -4  2 -5    0   0   0   0   0   0   0   0   0   0   5   0   0  90   0   0   0   0   5   0  3.16 1.02
  224 A    4 -4 -2  0 -4 -3  2 -4 -2 -4 -5 -4 -4 -4 -4  1  4 -6 -2 -3   40   0   1   5   0   0  12   0   1   0   0   0   0   0   0   9  29   0   1   1  0.86 0.46
  225 F   -6 -6 -7 -8 -7 -6 -7 -7 -4 -5 -4 -7 -4  8 -8 -6 -6 -1  8 -5    0   0   0   0   0   0   0   0   0   0   1   0   0  54   0   0   0   0  45   0  2.58 0.78
  226 I   -4 -5 -6 -6  1 -5 -6 -6 -6  7  1 -5  2 -2 -5 -5 -3 -5 -4  1    0   0   0   0   4   0   0   0   0  75  10   0   5   0   0   0   0   0   0   6  1.39 0.39
