    1 G   -2 -5 -3 -4 -5 -4 -5  7 -5 -7 -6 -4 -5 -6 -5 -3 -4 -5 -6 -6    0   0   0   0   0   0   0 100   0   0   0   0   0   0   0   0   0   0   0   0  2.21 0.51
    2 N   -2 -3  7 -2 -3 -1 -2 -3  3 -5 -3 -2 -4 -1 -4  1 -2 -4  4 -4    3   0  54   0   0   2   1   0   8   0   3   1   0   2   0   9   0   0  17   1  1.03 0.40
    3 E   -2 -2 -3 -1 -6  2  7 -3 -3 -6 -6 -1 -5 -6 -4  0 -1 -2 -5 -4    3   2   0   1   0  10  71   2   0   0   0   2   0   0   0   6   4   1   0   1  1.41 0.57
    4 A    1 -2  0  3 -4  3  4 -3 -2 -4 -4 -1 -4 -5 -3  2  1 -5 -4 -3   10   1   4  14   0  14  27   0   0   0   1   1   0   0   0  18   7   0   0   2  0.55 0.31
    5 S   -2 -4 -3 -4 -3 -2 -3 -2 -3  2  2 -1 -1 -1  3  4 -1 -3 -3  0    1   0   0   0   0   1   0   2   0  13  20   3   1   2  15  34   2   0   0   5  0.46 0.31
    6 Y    1  0 -1 -1 -3  1  2 -3  0 -1  1  0  0 -1 -3  0  0 -1  2 -1   11   6   2   2   0   5  19   0   2   3  15   4   2   2   0   6   7   0  10   3  0.14 0.14
    7 P    0 -1 -2  2 -4  1  3 -4 -2  0 -1 -1  1 -3  4 -1 -2 -5 -4  0    7   4   1  15   0   6  18   0   1   7   4   2   5   0  18   2   1   0   0   9  0.36 0.23
    8 L   -2 -4 -4 -5 -4 -3 -2 -5 -4  3  4 -2  4 -1 -4 -1 -3 -3  3 -1    3   0   1   0   0   0   3   0   0  15  44   2  12   1   1   5   0   0  11   1  0.67 0.35
    9 E    2  0 -3  0 -3  5  4 -4 -2 -5 -3  0  0 -6 -4 -1 -3 -5 -4 -2   17   4   0   4   0  31  25   0   0   0   2   5   3   0   0   4   1   0   0   3  0.75 0.43
   10 M   -1  0  0  3 -4  1  2 -3  3 -2 -2  1  4 -4 -3  0 -1 -5 -3 -3    6   5   4  17   0   6  12   1   9   2   3  10  14   0   0   7   3   0   0   1  0.35 0.26
   11 C    1 -4 -1 -3  8 -2  4 -2 -2  0 -1 -3 -3 -4 -4  0 -1 -5 -5 -3   10   0   2   1  34   1  25   4   1   5   5   1   0   0   1   5   4   0   0   1  0.96 0.46
   12 S   -2 -4  1  0 -1 -4 -2 -4 -2 -3 -5 -3 -4 -6 -4  3  6 -6 -5 -3    3   0   5   5   1   0   2   1   1   1   0   1   0   0   0  19  59   0   0   1  1.22 0.61
   13 H   -2 -1  3 -3 -2  1 -1  2  4 -4 -4 -2 -4  3  0 -1 -2 -3  2 -3    3   2  17   0   1   6   3  18  12   1   0   2   0  14   5   4   2   0   8   2  0.44 0.29
   14 F   -6 -7 -7 -8 -7 -7 -8 -6 -6 -3  1 -7 -4  9 -8 -7 -6 -4 -2 -3    0   0   0   0   0   0   0   0   0   1  14   0   0  83   0   0   0   0   0   2  2.61 0.88
   15 D   -3 -4  1  3 -5 -3 -3 -4 -5 -5 -5 -3 -5 -6 -5  4  6 -7 -6 -5    1   0   6  14   0   0   0   0   0   0   0   1   0   0   0  33  42   0   0   0  1.23 0.63
   16 A    1  4 -1 -2 -5  3  2 -4  2 -3 -4  1 -2 -5  1 -2 -3 -5 -4  1   10  20   2   1   0  15  14   0   6   0   1   9   1   0   6   2   0   0   0  12  0.46 0.32
   17 D    0 -1  3  3 -3  2  2 -2 -1 -4 -5  3 -4 -5 -2  1 -2 -5 -3 -4    9   2  12  15   1   9  12   2   1   1   0  23   0   0   1  11   1   0   1   1  0.50 0.32
   18 E   -5 -4 -3  1 -5  5  7 -4  0 -6 -6 -3 -6 -6 -5 -2 -4 -7 -6 -7    0   0   1   7   0  24  62   1   2   0   0   0   0   0   0   3   0   0   0   0  1.70 0.75
   19 I   -5 -7 -7 -7 -5 -7 -7 -8 -7  8  1 -7 -1 -4 -6 -6 -4 -6 -5  3    0   0   0   0   0   0   0   0   0  71  12   0   1   0   0   0   0   0   0  15  1.86 0.70
   20 K   -1  1 -2 -1 -2  0  3 -4 -1  0  2  2  0 -2 -4 -2  0 -4 -3  1    5   6   1   3   1   3  19   0   1   4  21  15   2   1   0   2   5   0   0  10  0.23 0.21
   21 R    1  7 -4 -4 -4 -2  0 -4  1 -5 -5  1 -5 -5 -5  0 -2 -6 -2 -5   12  58   0   0   0   0   7   1   3   0   1   7   0   0   0   7   2   0   1   0  1.26 0.59
   22 L   -3 -6 -7 -7 -3 -6 -7 -7 -6  0  6 -6 -1  2 -7 -6 -5 -5 -3  1    2   0   0   0   1   0   0   0   0   4  79   0   1   7   0   0   0   0   0   7  1.55 0.64
   23 G   -3  0 -4 -4 -4 -1 -4  0  5 -5 -4  1 -5  2 -6 -3 -5 -1  8 -5    2   5   0   1   0   3   0   7  15   0   1   9   0   8   0   2   0   0  45   0  1.31 0.60
   24 K   -2  2 -2 -1 -6  1  4 -2  1 -5 -5  5 -4 -6 -4  1 -3 -6 -2 -4    2  10   1   3   0   6  23   2   4   1   0  32   0   0   0  13   1   0   2   1  0.74 0.42
   25 R    0  7 -4 -5 -3 -2 -3 -5 -1 -6  1  0 -4 -6 -6 -2 -5 -6 -4 -5    7  68   0   0   1   1   1   0   1   0  13   5   0   0   0   3   0   0   0   0  1.59 0.69
   26 F   -6 -7 -7 -5 -7 -7 -7 -8 -5 -5 -4 -5 -5  9 -8 -7 -7 -4  3 -5    1   0   0   1   0   0   0   0   0   0   1   1   0  89   0   0   0   0   8   0  2.95 0.98
   27 K   -2  3 -1 -3  4  2 -1 -4  1 -3 -2  4  3 -4 -4  0  1 -5 -2 -2    3  14   2   0   8   9   2   1   3   1   4  26   8   0   0   7   9   0   1   2  0.47 0.32
   28 K    0  1 -1 -1 -2  2  1 -4 -1 -3 -1  4 -2 -2 -4  1 -1 -3 -3 -3    8   6   2   3   1   9   9   0   1   1   8  33   1   2   0  13   4   0   0   1  0.42 0.30
   29 L   -5 -6 -7 -7 -5 -6 -7 -7 -6  1  6 -6  1  2 -7 -5 -4 -5 -3 -2    0   0   0   0   0   0   0   0   0   7  80   0   2   7   0   0   1   0   0   2  1.62 0.66
   30 D   -2 -3 -1  7 -4 -4 -2 -3 -5 -6 -7 -4 -6 -7 -4  2 -4 -7 -5 -5    3   1   2  69   0   0   1   2   0   0   0   0   0   0   0  17   1   0   0   1  1.75 0.71
   31 L   -1  3 -2 -3 -1 -1 -2 -4 -2  0  0  4 -1 -3  2  0 -1 -5  0 -2    4  16   1   0   2   2   1   0   1   6   8  32   1   1   9   7   4   0   3   2  0.42 0.30
   32 D   -3 -3  4  5 -4 -1  0  1 -2  0 -5 -1 -3 -4 -3  1  1 -6 -5 -4    1   1  17  36   0   2   6   9   1   6   0   3   0   0   1   9   7   0   0   0  0.71 0.39
   33 N   -1  0  3  2 -4 -1  0  3  1 -5 -5  2 -4 -4 -2  1 -2 -4 -4 -4    4   4  13  14   0   2   6  25   3   0   0  14   0   1   2  11   2   0   0   1  0.46 0.28
   34 S   -2  0  3  4  1 -1 -1 -2 -3 -4 -5  2 -3 -5 -3  3  0 -6 -5 -3    1   5  13  23   3   2   1   2   0   1   1  12   0   0   1  28   5   0   0   2  0.60 0.37
   35 G   -2 -5 -3 -4 -4 -5 -4  7 -5 -2 -4 -3 -6 -5 -1 -3 -5 -6 -6 -2    2   1   1   1   0   0   1  79   0   2   2   1   0   0   3   1   0   0   0   4  1.71 0.67
   36 S    0  0 -2 -2  1 -1 -1 -3  0 -2  0  1 -1  3 -3  1  2 -3  2 -1    8   4   0   1   3   3   3   1   2   1  12   8   0  13   0  13  16   0   9   4  0.19 0.20
   37 L   -3 -5 -6 -7 -4 -6 -6 -7 -6  6  4 -6  0 -2 -5 -5 -4 -5 -4  2    1   0   0   0   0   0   0   0   0  41  44   0   1   1   0   0   1   0   0   9  1.30 0.54
   38 S   -2  0  1  2  0 -2 -1 -3  4 -5 -4 -3 -4 -5  3  4  2 -6 -4 -5    1   4   5  14   2   1   2   1   9   0   1   1   0   0  12  35  12   0   0   0  0.68 0.41
   39 V    0  4 -3 -4 -2 -1 -2 -3 -1 -1 -1  3  1 -2  0 -1  0 -3 -1  1    7  24   0   0   1   1   2   1   1   4   6  19   3   2   4   4   7   0   3  13  0.31 0.24
   40 E   -2 -3  0  4 -4  0  5 -4  1 -6 -5  1 -2 -6 -3 -1 -2 -6 -3 -4    4   1   4  23   0   4  45   1   3   0   1   7   1   0   1   4   1   0   1   1  0.95 0.47
   41 E   -3 -2 -2  4 -2 -1  6 -5 -4 -5 -2 -1 -5 -6 -4 -3 -2 -6 -4 -3    2   2   1  22   1   1  57   0   0   0   4   3   0   0   0   1   2   0   1   2  1.27 0.58
   42 F   -5 -6 -6 -7 -5 -6 -6 -6 -5  2  3 -6  0  8 -6 -6 -5 -2 -1 -1    1   0   0   0   0   0   0   1   0  12  23   0   2  56   0   0   0   0   1   3  1.59 0.60
   43 M   -2 -3 -2 -3 -2  1  1  0 -2 -1  4 -2  4  0 -3 -2 -2 -3 -2 -1    3   1   1   1   1   8   9   8   1   1  40   2  14   3   1   2   2   0   1   2  0.43 0.30
   44 S    0  2  0 -1 -2  2 -1 -2 -1 -3 -2  0 -2  2 -3  3  2 -3 -3 -3    8  10   4   3   1   9   3   2   1   0   4   5   1   9   0  26  11   0   0   1  0.28 0.24
   45 L   -2  1 -5 -5 -4 -3 -5 -5 -5  5  2 -2  5 -3 -5 -4 -2 -5 -3  2    2   7   0   0   0   1   0   0   0  36  20   2  15   0   0   1   1   0   1  11  0.82 0.39
   46 P   -2  1  1 -4 -6 -3 -4 -2 -5 -5 -3 -2 -5 -4  7 -1 -2 -6 -6 -3    3   8   7   0   0   1   1   3   0   0   3   2   0   1  61   5   3   0   0   1  1.52 0.60
   47 E   -1 -2 -2 -1 -5  2  6 -1 -3 -6 -5 -2 -3 -4 -4  2 -2 -6 -4 -5    5   2   1   2   0   8  56   5   0   0   1   2   1   1   0  15   1   0   1   0  1.06 0.52
   48 L   -4 -4 -1 -5 -3 -3 -5 -6 -4  2  5 -2 -1  2 -4 -3 -3 -4 -2  0    0   0   4   0   1   1   0   0   0   8  64   3   0   8   1   3   0   0   1   4  0.95 0.44
   49 Q    4  1 -2 -2 -3  3 -1  1 -2 -3 -4  3 -2 -3 -3  1 -1 -3 -4 -2   33   6   1   2   0  12   2   9   0   1   0  18   1   1   0   9   2   0   0   2  0.47 0.32
   50 Q   -2 -1 -1  0 -4  4  2 -3  0  1 -2 -1  2 -3 -3  1 -1 -4 -3  1    2   3   2   5   0  20  17   1   2  11   2   3   7   1   0   9   3   0   0  12  0.31 0.25
   51 N   -6 -5  9 -2 -7 -4 -5 -5 -4 -7 -7 -3 -6 -7 -6 -1 -4 -2 -6 -7    0   0  92   1   0   0   0   0   0   0   0   1   0   0   0   3   0   1   0   0  2.75 0.95
   52 P   -5 -5 -6 -6 -7 -5 -5 -6 -6 -4  1 -5 -5 -5  8 -5 -5 -7 -6 -5    0   0   0   0   0   0   0   0   0   1  12   0   0   1  84   0   0   0   0   0  2.64 0.90
   53 L   -5 -5 -6 -6 -5 -5 -6 -6 -5  0  5 -5 -1  5 -6 -4  0 -4 -2 -2    0   0   0   0   0   0   0   0   0   3  59   0   0  28   0   1   7   0   0   1  1.30 0.54
   54 V    2  1 -2 -4  1 -2 -3  2 -3 -2  1  0 -2 -3 -3  0 -2 -4 -4  2   21   9   1   0   3   0   1  18   0   1  12   6   0   0   0   8   1   0   0  17  0.27 0.23
   55 Q   -3  0 -1  5 -4  5  2 -1 -1 -5 -5  0 -4 -5  0  0 -2 -5 -5 -5    1   6   2  30   0  27  10   4   1   0   0   6   0   0   4   6   2   0   0   0  0.77 0.40
   56 R   -5  8 -4  0 -7 -2 -2 -5 -3 -7 -6 -2 -4 -7 -6 -4 -4 -7 -6 -6    0  87   0   5   0   1   2   1   1   0   0   1   0   0   0   1   0   0   0   0  2.35 0.84
   57 V   -4 -6 -6 -6 -4 -5 -6 -6 -6  6  2 -5  5 -3 -6 -5 -4 -5 -4  4    0   0   0   0   0   0   0   0   0  46  13   0  13   0   0   0   0   0   0  26  1.33 0.52
   58 I   -2 -5 -5 -6  4 -5 -5 -4 -2  5  1 -5  0  3 -5 -4 -1 -4 -3  2    3   0   0   0  10   0   0   1   1  38  13   0   2  13   0   0   4   0   0  14  0.83 0.38
   59 D    1  0  2  4 -5  2  2 -2  0 -5 -5  1 -3 -5 -4  0 -2 -5 -3 -3   12   5  10  29   0   8  14   2   2   0   0   8   0   0   0   5   2   0   1   1  0.54 0.30
   60 I    1 -4 -4 -4 -3 -3  0 -4 -4  4  1 -4  4 -3 -4 -1 -1 -5 -4  3   15   0   0   0   0   0   8   1   0  22  15   0  10   0   0   5   2   0   0  22  0.49 0.30
   61 F   -5 -6 -7 -7 -6 -7 -7 -7 -5 -2 -1 -7  0  9 -7 -6 -5 -3  0  2    1   0   0   0   0   0   0   0   0   1   6   0   2  76   0   0   0   0   1  12  2.19 0.74
   62 D   -5 -5 -2  7 -4 -4 -2 -4 -4 -6 -6 -5 -5  4 -5  2 -3 -6 -3 -6    0   0   1  57   0   0   1   1   0   0   0   0   0  19   0  17   1   0   0   0  1.53 0.65
   63 T    1  0 -1 -1 -2  0  3  1 -2 -1 -2  0 -1 -3  0  1  2 -3 -3  0   10   4   1   3   1   3  20   9   1   3   3   3   1   0   5  12  15   0   1   6  0.20 0.18
   64 D   -3 -3  2  6 -3 -1  2 -3 -2 -5 -5  2 -4 -5 -2 -1 -2 -5 -3 -4    1   1   9  49   1   2  12   1   1   0   1  11   0   0   2   5   2   0   1   1  1.00 0.43
   65 G   -1  1  0 -1 -3 -1 -1  5  1 -4 -4  0 -4 -4 -2  0 -3 -4 -4 -3    3   9   5   3   1   2   4  52   3   1   1   6   0   1   2   6   1   0   0   2  0.77 0.34
   66 N   -2  0  5  4 -2  1  1  1 -1 -4 -3 -1 -3 -4 -3  1 -1 -5 -4 -4    1   4  30  20   1   6   9   9   1   0   2   3   0   0   1   8   3   0   0   1  0.58 0.30
   67 G   -3 -2 -1  2 -5 -1  0  6 -2 -4 -4 -1 -4 -5 -4 -2 -3 -5 -4 -3    1   2   3  10   0   2   7  61   1   1   2   3   0   0   0   2   1   0   1   2  1.06 0.43
   68 E   -2  1  2  1 -2  2  2 -2  1 -2 -2  1 -1 -3 -3  0  2 -4 -3  1    1   7  11   6   1  10  14   3   3   1   2   7   1   1   0   4  17   0   0  10  0.24 0.19
   69 V   -3 -5 -6 -6 -1 -4 -5 -6 -6  5  3 -4  3 -3 -5 -5 -3 -5 -2  4    1   0   0   0   1   1   0   0   0  30  23   1   6   0   0   0   1   0   2  34  1.02 0.44
   70 D   -3 -3  5  6 -3 -2  1 -3 -2 -6 -6 -3 -5 -6 -4  1  2 -6 -3 -5    1   0  24  38   1   0   9   1   1   0   0   0   0   0   0  12  11   0   1   0  1.05 0.47
   71 F   -6 -7 -3 -7 -6 -7 -7 -7 -5 -4 -1 -7 -4  9 -7 -6 -6 -3 -1 -4    0   0   1   0   0   0   0   0   0   0   4   0   0  92   0   0   0   0   0   1  2.88 0.88
   72 K   -1  3  0  0 -5  2  3  0  0 -3 -4  3 -2 -4  1 -1 -1 -5 -4 -2    4  16   3   5   0   9  18   8   2   1   1  18   1   0   6   3   3   0   0   3  0.37 0.23
   73 E   -3 -3 -2  4 -6  2  6 -1 -2 -6 -6 -2 -4 -6 -4 -2 -3 -3 -5 -5    1   0   1  24   0   8  53   5   1   0   0   1   0   0   0   2   1   0   0   0  1.25 0.53
   74 F   -6 -6 -7 -7 -6 -7 -7 -7 -5 -3 -3 -7 -4  9 -7 -6 -6 -3  0 -3    0   0   0   0   0   0   0   0   0   1   1   0   0  93   0   0   0   0   1   1  2.97 0.89
   75 I   -1 -5 -4 -5 -2 -4 -5 -5 -5  4  3 -5  3 -3 -5 -4 -2 -5 -4  5    5   0   1   0   1   0   0   0   0  19  25   0   7   0   0   0   2   0   0  37  0.86 0.38
   76 E    0  4  1  3 -3  0  0  0  0 -3 -1  1 -1 -4 -3 -1  0 -3 -3 -1    8  25   5  16   0   4   3   6   2   1   6   7   1   0   0   4   6   0   0   4  0.28 0.20
   77 G    0 -4 -2 -4 -1 -3 -4  3 -4 -1  0 -3  5  2 -3  0  1 -4 -3  1    9   0   1   0   1   0   0  24   0   3   8   1  17   8   1   7   7   0   0  12  0.38 0.26
   78 V   -3 -5 -6 -6 -2 -5 -5 -6 -5  0  5 -5  5  2 -3 -5 -1 -4 -3  0    1   0   0   0   1   0   0   0   0   3  64   0  13   8   2   0   3   0   0   4  1.15 0.48
   79 S    3 -4 -1 -3 -4 -3 -2 -2 -4 -5 -5 -3 -4 -4 -2  6 -2  1 -5 -4   26   0   2   1   0   0   1   3   0   0   0   1   0   0   2  59   1   2   0   1  1.17 0.56
   80 Q    2  2 -3 -4 -2  2 -2 -3  4  1 -1  0 -1 -3 -3 -2 -1 -4 -1  3   16  11   0   0   1   9   1   1  11   7   3   5   1   1   1   1   3   0   2  28  0.36 0.26
   81 F   -5 -5 -6 -6 -6 -6 -6 -6 -5 -3  0  0  0  9 -6 -6 -5 -3 -1 -3    0   0   0   0   0   0   0   0   0   1   8   8   2  78   0   0   0   0   0   1  2.20 0.73
   82 S   -1  3 -2 -3  0 -1 -3 -3  5 -4 -3 -2  3 -5 -4  5 -1 -5 -4 -4    3  14   1   0   2   2   1   2  13   0   2   1   8   0   0  48   2   0   0   0  0.91 0.48
   83 V   -1 -2 -2 -1 -4 -1  2 -3 -2 -3 -4  1 -2 -5  6  1 -1 -5 -3  1    5   1   1   3   0   2  15   2   1   1   1   8   1   0  34  12   2   0   1  11  0.69 0.34
   84 K   -1  3  1  1 -2  1  0 -1  1  0 -1  2  1 -3 -3  0 -1 -1 -1 -1    3  16   8   7   1   6   5   4   3   6   4  18   4   0   0   4   4   1   2   4  0.17 0.14
   85 G    4 -3  2 -1 -1 -3 -2  3 -3 -4 -4 -2 -4 -5 -4  0  2 -5 -4 -3   36   0  12   4   1   0   2  21   0   0   1   2   0   0   0   4  12   0   0   1  0.59 0.34
   86 D   -2 -3  1  4 -5 -3 -1  0 -3 -5 -5 -1 -5 -5  5  3  1 -6 -5 -4    1   1   6  25   0   0   2   6   1   0   1   3   0   0  26  20   7   0   0   1  0.80 0.39
   87 K   -2  5 -1 -2 -3  0  1 -4 -1 -1 -1  3  0 -4 -2 -1 -2 -2 -3 -1    3  33   3   2   0   3  11   0   1   4   7  18   2   0   2   4   2   1   0   4  0.49 0.28
   88 E   -1 -1 -1  3 -5  2  5 -4 -1 -3 -3 -1 -2 -3 -3 -1 -1 -5 -3 -3    4   3   2  16   0   9  47   1   1   1   2   3   1   1   1   4   3   0   1   1  0.81 0.40
   89 Q   -1 -1  1  2 -4  3  4 -3 -1  0 -1 -1 -2 -4 -3  0 -2 -5 -4 -1    3   2   6  11   0  15  31   1   1   5   7   3   1   0   0   6   2   0   0   5  0.45 0.28
   90 K   -5 -1 -4 -4 -7 -1  1 -5 -5 -6 -5  8 -5 -7 -5 -3 -4 -7 -6 -6    0   2   0   1   0   1   7   0   0   0   1  85   0   0   0   1   1   0   0   0  2.04 0.76
   91 L    0 -5 -5 -5 -4 -4 -4 -5 -5  3  5 -4  0 -2 -5 -3 -1  0 -2  1    8   0   0   0   0   0   1   0   0  18  53   1   1   0   0   1   3   1   1  10  0.82 0.38
   92 R   -1  5 -1 -1 -4  0  2 -4  1 -2 -3  3 -3  0 -4  0 -2 -2  0 -3    4  31   2   4   0   3  13   0   3   2   2  20   0   4   0   5   1   1   4   1  0.53 0.30
   93 F   -4 -5 -4 -5 -4 -5  0 -6 -1 -3 -1 -5 -3  8 -6 -5 -4 -2  5 -1    1   0   1   0   0   0   7   0   1   1   5   0   0  61   0   0   1   0  16   3  1.67 0.59
   94 A    6 -5 -5 -5 -4 -4 -4 -3 -5  1 -2 -4 -1 -4 -4 -1 -1 -5 -5 -2   77   0   0   0   0   0   0   0   0   8   4   0   2   1   0   2   3   0   0   2  1.36 0.58
   95 F   -6 -6 -6 -7 -6 -6 -6 -6 -5 -4 -4 -6 -4  9 -7 -6 -6 -3  0 -5    0   0   0   0   0   0   0   0   0   0   0   0   0  94   0   0   0   0   2   0  2.99 0.88
   96 R   -3  5 -2  0 -5  2 -2 -3 -1 -4 -4  5 -1 -5 -4  1 -2 -5 -4 -5    1  33   1   5   0   8   1   1   1   1   1  34   1   0   0   9   2   0   0   0  0.92 0.43
   97 I   -3 -5 -5 -6 -2 -5 -5 -6 -5  5  2 -5  5 -3 -5 -5 -3 -5 -4  4    1   0   0   0   1   0   0   0   0  39  19   0  13   0   0   0   0   0   0  24  1.09 0.44
   98 Y   -6 -6 -6 -7 -6 -5 -6 -7 -3 -5 -5 -6 -5  3 -7 -6 -6 -2 10 -5    0   0   0   0   0   0   0   0   0   0   0   0   0  11   0   0   0   0  86   0  2.99 0.93
   99 D   -6 -5 -3  9 -7 -4 -3 -5 -5 -6 -7 -5 -7 -7 -5 -4 -5 -7 -7 -4    0   0   0  95   0   0   0   0   0   0   0   0   0   0   0   0   0   0   0   2  2.73 0.87
  100 M   -3 -3 -4 -5  2 -1 -3 -5 -4  2  2  0  4  3 -5 -1 -1 -3 -1  1    1   1   0   0   4   3   1   0   0  13  24   8  14  15   0   4   4   0   1   7  0.46 0.27
  101 D   -6  1  4  8 -7 -3 -2 -5 -2 -7 -7 -3 -7 -7 -6 -3 -4  0 -7 -7    0   7  16  71   0   0   0   0   1   0   0   1   0   0   0   1   0   1   0   0  1.95 0.71
  102 K   -3  3  3  0  1  2 -1  2 -1 -5 -4  3 -3 -5 -4 -1 -2 -5 -4 -4    1  18  14   4   3  11   2  18   1   0   1  20   1   0   0   3   1   0   0   1  0.56 0.32
  103 D   -5 -5  4  7 -6 -3 -3 -5 -2  0 -6 -3 -2 -6 -5 -2  1 -7 -6 -5    0   0  16  63   0   1   0   0   1   5   0   1   1   0   0   1   9   0   0   0  1.56 0.63
  104 G   -3 -5  1  1 -6  0 -3  7 -3 -7 -6 -4 -4 -7 -6 -3 -4 -3 -7 -7    1   0   6   8   0   5   1  76   0   0   0   1   0   0   0   1   0   0   0   0  1.73 0.64
  105 Y   -4 -2 -4 -6 -3 -3 -4 -1  0 -3 -2  3  1  5 -6 -3 -3 -1  7 -3    0   2   0   0   1   1   1   5   2   1   2  17   3  26   0   1   1   0  35   2  1.12 0.50
  106 I   -4 -7 -7 -7 -5 -7 -7 -8 -7  8  1 -7 -2 -4 -7 -6 -3 -6 -5  2    1   0   0   0   0   0   0   0   0  79  10   0   0   0   0   0   1   0   0   9  1.95 0.69
  107 S   -2  0 -2 -2  2 -3  1  1 -4 -6 -6 -3 -5 -6 -4  5  2 -6 -5 -5    1   4   1   1   4   0  10  11   0   0   0   0   0   0   0  54  13   0   0   0  0.97 0.52
  108 N    0  4  4 -3 -2  0 -2 -3  0 -4 -4  2 -3  1 -1  0 -2 -3  1 -3    9  25  26   0   1   2   1   0   2   0   0  10   0   7   3   6   2   0   5   1  0.56 0.34
  109 G    0 -2  1  3 -5  0  3  4  0 -5 -5 -1 -4 -4 -4  0 -2 -1 -2 -4    7   2   7  15   0   3  17  31   2   0   0   3   0   0   0   8   1   1   1   0  0.56 0.30
  110 E   -5 -4 -2  5 -8 -1  7 -6 -4 -7 -7 -3 -6 -7  0 -4 -5 -7 -6 -7    0   0   1  33   0   1  60   0   0   0   0   0   0   0   4   0   0   0   0   0  1.82 0.71
  111 L   -5 -1 -6 -7 -5 -5 -6 -7 -6  1  6 -5  3  1 -2 -5 -4 -5 -4  0    0   4   0   0   0   0   0   0   0   7  69   0   6   5   2   0   0   0   0   6  1.21 0.51
  112 F   -3  2 -3 -3 -1 -2  0 -5 -2 -1  2  2  0  5 -4 -3 -3  3  1 -2    1  10   0   1   1   1   7   0   1   2  19  15   2  27   0   1   1   4   3   2  0.49 0.30
  113 Q   -2 -1  0 -1 -4  5  2 -3  3 -1 -2  1 -3 -4 -4 -1  0 -5 -1  0    3   2   4   3   0  31  15   2   8   3   4   7   0   0   0   4   5   0   2   8  0.50 0.32
  114 V   -2 -4 -6 -6 -2 -5 -5 -5 -5  3 -1 -5  4 -4 -5 -3  1 -5  1  6    3   1   0   0   1   0   0   1   0  13   2   0  11   0   0   1  10   0   4  54  1.09 0.49
  115 L   -5 -5 -7 -7 -2 -5 -6 -7 -6  1  6 -5  4 -3 -6 -5 -3 -5 -4  2    0   0   0   0   1   0   0   0   0   6  68   0  10   0   0   1   1   0   0  13  1.35 0.55
  116 K   -2  3  1 -3 -3  2 -1 -3  1 -1 -2  4  0 -4 -4 -1  2 -5 -4 -2    1  19   7   1   1  11   2   1   3   3   5  28   2   0   0   2  12   0   0   2  0.50 0.31
  117 M    1  0  1  1  1 -2 -3 -4 -3 -1  0 -1  7 -4 -5 -1 -1  3 -3 -2   15   4   6   8   3   1   0   0   0   3   8   3  35   0   0   4   3   4   0   1  0.68 0.40
  118 M   -5 -1 -4 -7 -5 -4 -5 -7 -6  1  4 -5  8 -4 -6 -4 -3 -5 -5 -2    0   4   1   0   0   1   0   0   0   5  41   0  44   0   0   1   1   0   0   1  1.62 0.64
  119 V    0 -4 -4 -4  0 -4 -4 -4 -4  1  2 -4  0 -3 -4 -1  3 -4 -3  5    7   0   0   0   2   0   0   1   0   4  16   0   2   0   0   4  19   0   0  43  0.69 0.35
  120 G   -2  1 -2 -3 -2 -3 -2  6  1 -6 -2 -1 -1 -6 -4 -2 -4 -6 -5 -5    2   8   2   1   1   1   2  67   4   0   5   4   1   0   1   2   1   0   0   0  1.26 0.51
  121 N    0 -2  3  1 -4  0  3 -1 -1 -2 -2  0  0 -4 -1  1 -1 -5 -3 -1    8   1  17   8   0   3  23   4   1   1   5   4   2   0   2  12   3   0   1   6  0.30 0.23
  122 N   -2 -3  6 -1 -5  1  2  0 -1 -6 -5  1 -4  1 -4  2 -2 -5 -3 -5    2   0  40   3   0   7  11   6   1   0   0   8   0   7   0  13   1   0   1   0  0.79 0.42
  123 L   -1 -5 -6 -7 -3 -5 -6 -6 -6  3  5 -3  3 -2 -6 -5 -4 -5 -3  1    4   0   0   0   0   0   0   0   0  16  62   1   6   1   0   0   0   0   1   8  1.12 0.47
  124 K   -1 -2  0 -2 -4 -1 -2 -3 -2 -4 -4  3 -4 -6  0  4  4 -6 -5 -4    2   1   3   2   0   2   2   1   1   0   1  18   0   0   4  32  31   0   0   0  0.77 0.45
  125 D   -2 -4  1  6 -6  0  3 -4 -3 -6 -6 -2 -3 -6  1 -2 -1 -7 -5 -3    4   0   6  51   0   3  20   1   0   0   0   2   1   0   6   2   3   0   0   2  1.14 0.50
  126 T   -2 -3 -2  4 -6  1  5 -4 -2 -3 -4 -1 -3 -5 -4 -1  0  4 -3 -1    3   0   1  22   0   6  41   1   1   1   1   2   1   0   0   4   5   5   0   5  0.84 0.43
  127 Q   -3 -2 -3 -1 -5  7  4 -2 -2 -2 -2 -3 -2 -6 -5 -3 -3 -6 -5 -1    1   1   0   3   0  51  25   4   1   2   4   0   1   0   0   1   1   0   0   4  1.24 0.60
  128 L   -3  1 -5 -5 -4 -4 -4 -5 -2  2  4 -4  1 -3 -4 -3 -3  3 -3  3    1  10   0   0   0   0   0   0   1  10  49   0   3   0   1   1   0   4   0  18  0.77 0.37
  129 Q   -2 -1  0  0 -4  5  4 -1 -2 -4 -4  1 -3 -5 -4 -1  0 -5 -3 -3    3   3   4   4   0  32  29   4   0   1   1   7   0   0   0   4   5   0   0   2  0.74 0.39
  130 Q   -1 -1 -2 -2  0  6  1 -3 -1 -3 -1  0  0 -1 -4  2  0 -4 -4 -3    5   2   1   1   2  41   6   1   1   1   7   3   2   2   0  16   6   0   0   1  0.65 0.39
  131 I   -3 -5 -5 -5 -4 -5 -4 -6 -5  6  2 -5  0 -3 -5 -4 -3 -5 -4  3    1   0   0   0   0   0   1   1   0  53  18   0   1   0   0   1   0   0   0  20  1.22 0.47
  132 V    2 -5 -5 -6  3 -5 -5 -3 -6  2  0 -5 -2 -4 -4 -3 -1 -5 -4  6   17   0   0   0   7   0   0   1   0  10   8   0   0   0   1   1   3   0   0  51  0.94 0.45
  133 D   -2 -2  0  7 -4 -1  2 -3 -2 -4 -6 -2 -5 -6 -5 -2 -1 -7 -4 -5    3   2   3  63   0   2  14   1   1   1   0   2   0   0   0   2   4   0   1   0  1.44 0.59
  134 K   -3  4  1 -2 -6  2  1 -4  1 -6 -6  6 -4 -6 -5 -2 -3 -6 -3 -6    1  24   5   1   0   8   7   0   3   0   0  46   0   0   0   1   1   0   1   0  1.13 0.51
  135 T   -1 -5 -4 -5 -3 -5 -5 -6 -6  1 -3 -5  3 -5 -5 -2  6 -6 -5  3    4   0   0   0   0   0   0   0   0   7   2   0   7   0   0   1  59   0   0  20  1.32 0.61
  136 I   -5 -6 -6 -7 -5 -6 -6 -7 -6  6  2 -6  4  4 -6 -6 -4 -3 -2  0    0   0   0   0   0   0   0   0   0  51  19   0  10  15   0   0   0   0   1   3  1.34 0.53
  137 I    0  1 -1  0 -4  2  3 -3 -1  2  0  0  3 -3 -4 -1 -1 -4 -3 -1    6   9   2   4   0   9  22   1   1  13   7   4   9   0   0   5   3   0   0   3  0.25 0.22
  138 N   -3 -4 -2  1 -6  1  7 -5 -3 -3 -5 -3 -5 -2 -5 -3 -4 -6 -2 -2    2   0   2   8   0   4  73   1   0   2   1   1   0   2   0   1   0   0   1   3  1.54 0.67
  139 A    6 -5 -2 -5 -3 -4 -5 -1 -2 -4 -2 -3 -3 -3 -5  0 -2 -6 -5 -1   75   0   2   0   0   0   0   3   1   0   5   1   0   1   0   5   2   0   0   5  1.28 0.60
  140 D   -6 -6 -3  8 -8 -5 -2  1 -6 -8 -8 -3 -7 -8 -6 -5 -5 -9 -8 -8    0   0   0  86   0   0   1  12   0   0   0   2   0   0   0   0   0   0   0   0  2.43 0.85
  141 K   -1  0 -3 -3 -2  0 -1 -3 -2  1  2  2  1 -1 -2 -1  1 -3  3  1    3   5   0   0   0   4   3   1   0   7  19  18   3   1   1   5   8   0  11  10  0.18 0.18
  142 D   -5 -4  3  7 -4 -4 -2 -4 -5 -7 -7  0 -6 -7 -5 -1  0 -8 -7 -5    0   0  11  69   0   0   1   1   0   0   0   7   0   0   0   3   6   0   0   0  1.72 0.67
  143 G   -3  1  1  0 -2 -1 -1  6  1 -6 -5  2 -3 -4 -3 -2 -4 -6 -5 -5    1   9   8   5   1   3   3  52   4   0   1  11   1   1   1   1   0   0   0   0  0.92 0.42
  144 D   -6 -5 -1  8 -8 -4 -1 -3 -5 -7 -8 -2 -7 -8 -6 -4 -3 -9 -7 -5    0   0   2  88   0   0   2   2   0   0   0   2   0   0   0   1   1   0   0   1  2.44 0.85
  145 G   -3 -3  0 -1  0 -2 -3  7 -3 -7 -7 -3 -4 -7 -6  1 -4 -6 -6 -6    0   1   4   3   2   2   1  74   1   0   0   1   1   0   0  10   0   0   0   0  1.59 0.62
  146 R    0  3 -3 -4 -1  2 -2 -4 -1 -4 -2  5  1 -2 -4 -1 -2 -5  1 -3    9  14   1   0   1   9   0   0   1   0   5  43   4   2   0   4   1   0   5   1  0.71 0.40
  147 I   -5 -5 -7 -7 -5 -6 -7 -7 -7  7  4 -6 -1 -2 -6 -6 -4 -6 -5  1    0   0   0   0   0   0   0   0   0  54  37   0   0   1   0   0   0   0   0   8  1.53 0.59
  148 S   -2 -4  3  2 -2 -3 -3 -3 -4 -4 -4 -3 -3 -6 -5  6  1 -7 -5 -2    1   0  11  13   1   0   0   1   0   0   2   0   1   0   0  60   8   0   0   2  1.14 0.58
  149 F   -5 -3 -6 -6 -5 -2 -4 -7 -4 -2  1 -1 -2  8 -1 -5 -5 -3  5 -3    0   1   0   0   0   2   1   0   0   2  14   5   1  54   3   0   0   0  16   0  1.46 0.58
  150 E    0 -3 -2  3 -5  2  5 -4 -2 -3 -2 -2  1 -5 -1  0 -2 -6 -4 -3    9   0   1  17   0   7  42   0   1   1   4   1   3   0   2   5   2   0   0   2  0.72 0.40
  151 E   -5 -5 -3  4 -8 -2  7 -6 -4 -8 -7 -3 -6 -8 -5 -4 -5 -7 -7 -7    0   0   0  20   0   1  78   0   0   0   0   0   0   0   0   0   0   0   0   0  2.15 0.82
  152 F   -7 -7 -8 -8 -7 -8 -8 -8 -6 -4 -4 -8 -5  9 -8 -7 -7  7  0 -6    0   0   0   0   0   0   0   0   0   0   0   0   0  86   0   0   0  12   1   0  3.03 0.94
  153 C   -1  0 -1 -2  5  1  2 -4 -2  0 -2  3  0 -4 -4  0  0 -5 -4  1    3   5   2   1  14   5  17   0   1   4   1  17   2   0   0   6   7   0   0  14  0.39 0.27
  154 A    2  1  1  0 -4  1  1 -3  5 -4 -4  4 -3 -5 -4 -1  0 -5 -2 -3   15   5   6   5   0   4   8   0  15   0   0  29   0   0   0   4   5   0   1   2  0.55 0.33
  155 V    1 -4 -3 -5 -3 -4 -5 -5 -5  2  0 -4  5  2 -5  0 -1 -5 -2  4   13   0   1   0   0   0   0   0   0  12   7   0  19   8   0   7   2   0   1  31  0.67 0.37
  156 V   -2 -5 -6 -6 -3 -4 -6 -6 -6  4  3 -5  5  0 -6 -4 -3 -5 -4  5    2   0   0   0   0   0   0   0   0  19  24   0  15   3   0   0   0   0   0  35  1.01 0.44
  157 G    1  1 -1  0 -4 -1  3  2 -3 -3 -3  0 -2 -3 -3  2 -2 -3 -4 -3   14   6   1   5   0   2  22  17   0   1   2   5   1   1   0  20   1   0   0   1  0.40 0.27
  158 G   -3  3  4  0 -2 -2 -1 -1  4 -5 -5  4 -4 -5 -4  1 -2 -6 -4 -5    1  16  21   4   1   0   2   5   9   1   0  30   0   0   0   8   1   0   0   0  0.75 0.39
  159 L   -1 -4 -2 -2 -1 -2 -2 -3 -3  0  0 -3  2 -3  3  2  4 -5 -3  0    3   0   1   2   1   1   1   1   0   4  11   1   5   1  15  18  27   0   1   8  0.43 0.29
  160 D   -3 -1  2  6 -5 -1  2  0 -2 -5 -6 -2 -3 -5 -3  1 -1 -6 -5 -4    1   3  10  45   0   1  12   7   0   0   0   2   1   0   0  13   2   0   0   1  0.87 0.39
  161 I   -3 -5 -5 -6 -3 -5 -5 -6 -4  5  3 -3  0  1 -3 -2 -2 -4 -3  3    1   0   0   0   0   0   0   0   0  32  30   1   1   6   1   3   1   0   0  23  0.80 0.35
  162 H    0 -1 -1  0 -3 -1  3 -1  4  0  0 -1 -1 -2 -2 -1 -1 -3  0 -1    9   3   3   4   0   1  25   5  13   7  12   2   1   1   1   4   3   0   4   3  0.22 0.17
  163 K   -2  0  1  0 -4  4  2 -3  1 -4 -3  4  0 -4 -2  1 -1 -2 -3 -3    1   3   7   4   0  19  12   1   3   1   3  28   3   0   2   9   3   0   0   1  0.48 0.26
  164 K   -3  0  3 -3 -6  1  0 -4 -2 -4 -3  6 -2 -6 -4  0 -2 -6 -5 -4    0   4  16   0   0   4   3   0   1   1   3  58   1   0   0   5   2   0   0   1  1.09 0.49
  165 M   -4 -6 -7 -7 -5 -5 -6 -7 -6 -1  3 -6 10  0 -7 -6 -5 -5 -5 -1    1   0   0   0   0   0   0   0   0   2  25   0  67   4   0   0   0   0   0   3  2.23 0.75
  166 V   -2 -3 -1 -2 -3 -3  2 -4 -2 -3 -4 -2 -4 -5 -3  4  5 -6 -4  1    2   1   2   1   0   0  13   0   1   0   0   2   0   0   0  30  35   0   0  12  0.74 0.42
  167 V   -3 -5 -6 -6 -4 -5 -6 -6 -6  5  3 -5  1 -2 -5 -5 -2 -5 -4  4    0   0   0   0   0   0   0   0   0  33  32   0   2   1   0   0   1   0   0  30  1.08 0.42
  168 D   -3  4  1  2 -5 -1  3 -4  1 -2 -5 -1 -4 -4  4 -2 -2 -6 -4 -4    1  26   6  12   0   1  23   0   4   3   0   0   0   1  20   2   1   0   0   0  0.74 0.35
  169 V   -2 -4 -5 -5 -3 -4 -5 -5 -5  4  1 -4  3 -2 -4 -4 -2 -4 -3  5    0   0   0   0   0   0   0   0   0  28   9   0  10   0   0   0   0   0   0  54  0.97 0.31
