    1 M   -5 -5 -6 -7 -5 -4 -6 -7 -5 -3 -2 -5 11 -4 -6 -5 -5 -5 -5 -3    0   0   0   0   0   0   0   0   0   0   0   0 100   0   0   0   0   0   0   0  3.35 0.78
    2 N   -4  4  6 -2 -6  0 -2 -3  0 -4 -5  3 -4 -5 -4 -2 -3 -5 -1 -5    0  27  45   1   0   2   0   0   2   1   0  19   0   0   0   0   0   0   3   0  1.20 0.39
    3 L   -3 -5 -6 -6 -4 -5 -5 -6 -5  6  4 -5  1 -2 -5 -5 -2 -3 -3  1    1   0   0   0   0   0   0   0   0  47  43   0   2   1   0   0   2   0   0   5  1.13 0.35
    4 V   -3 -5 -6 -6 -4 -5 -5 -6 -6  6  1 -5  1 -2 -5 -5 -3 -5 -3  4    0   0   0   0   0   0   0   0   0  50  13   0   3   0   0   0   0   0   0  33  1.20 0.36
    5 L   -4 -5 -6 -6 -4 -5 -5 -6 -5  2  6 -5  4  2 -6 -5 -4 -4 -3 -1    0   0   0   0   0   0   0   0   0   9  74   0  10   6   0   0   0   0   0   0  1.30 0.39
    6 M   -4 -5 -6 -6 -4 -4 -5 -6 -5 -1  4 -5  7  1 -5 -5 -3 -4 -3  1    0   0   0   0   0   0   0   0   0   1  47   0  36   5   0   0   0   0   0  10  1.31 0.41
    7 G   -3 -6 -4 -5 -6 -5 -6  7 -5 -7 -7 -5 -6 -7 -6 -4 -5 -6 -7 -7    0   0   0   0   0   0   0 100   0   0   0   0   0   0   0   0   0   0   0   0  2.48 0.58
    8 L    3 -4 -5 -5 -4 -4 -4 -3 -5 -3  2 -4 -2 -4  7 -3 -3 -5 -5 -3   24   0   0   0   0   0   0   1   0   0  26   0   0   0  49   0   0   0   0   0  1.33 0.41
    9 P   -4 -6 -6 -5 -7 -5 -5 -6 -6 -7 -7 -5 -6 -8  9 -5 -5 -8 -7 -6    1   0   0   0   0   0   0   0   0   0   0   0   0   0  99   0   0   0   0   0  3.27 0.72
   10 G   -3 -6 -4 -5 -6 -5 -6  7 -5 -7 -7 -5 -6 -7 -6 -3 -5 -6 -7 -7    0   0   0   0   0   0   0 100   0   0   0   0   0   0   0   0   0   0   0   0  2.47 0.59
   11 A    7 -5 -5 -5 -3 -4 -4 -3 -5 -4 -5 -4 -4 -5 -4  0 -3 -6 -5 -2   93   0   0   0   0   0   0   0   0   0   0   0   0   0   0   4   0   0   0   2  1.75 0.53
   12 G   -3 -6 -4 -5 -6 -5 -6  7 -5 -7 -7 -5 -6 -7 -6 -4 -5 -6 -7 -7    0   0   0   0   0   0   0 100   0   0   0   0   0   0   0   0   0   0   0   0  2.49 0.59
   13 K   -4 -1 -4 -4 -7 -2 -3 -5 -4 -6 -6  8 -5 -7 -5 -4 -4 -7 -5 -6    0   0   0   0   0   0   0   0   0   0   0 100   0   0   0   0   0   0   0   0  2.40 0.64
   14 G   -3 -6 -4 -5 -6 -5 -6  7 -5 -7 -7 -5 -6 -7 -6 -4 -5 -6 -7 -7    0   0   0   0   0   0   0 100   0   0   0   0   0   0   0   0   0   0   0   0  2.49 0.59
   15 T   -4 -5 -4 -5 -4 -4 -4 -5 -5 -4 -5 -4 -4 -6 -5 -2  8 -6 -5 -4    0   0   0   0   0   0   0   0   0   0   0   0   0   0   0   1  99   0   0   0  2.38 0.68
   16 Q   -4 -3 -4 -4 -7  9 -2 -6 -1 -7 -6 -2 -3 -7 -5 -4 -4 -6 -4 -6    1   0   0   0   0  97   0   0   1   0   0   0   0   0   0   0   0   0   0   0  2.71 0.75
   17 A    7 -5 -5 -5 -3 -4 -4 -2 -5 -5 -5 -4 -4 -6 -4 -1 -3 -6 -5 -3   95   0   0   0   0   0   0   2   0   0   0   0   0   0   0   3   0   0   0   0  1.84 0.57
   18 E    2 -1 -2  0 -4  2  4 -3 -2 -3 -4  3 -3 -4 -3  0 -2 -3 -4 -1   18   0   1   4   0   7  33   1   1   0   0  25   0   0   0   4   2   0   0   4  0.60 0.28
   19 K   -2  3 -1 -3 -4  1 -1 -3 -2 -1 -1  4  2  1 -2 -1 -2 -2  0 -1    1  20   2   0   0   4   2   1   0   3   6  30   6   8   1   5   1   0   3   5  0.35 0.20
   20 I   -4 -6 -6 -6 -4 -5 -6 -7 -6  7  4 -5  0 -3 -6 -5 -4 -5 -4  0    0   0   0   0   0   0   0   0   0  62  35   0   1   0   0   0   0   0   0   2  1.46 0.44
   21 V    2 -3 -3 -3  2 -2 -2 -3 -4  2 -2 -2 -1 -3 -4  1  0 -5 -3  4   21   0   1   0   5   2   2   0   0  10   0   2   0   0   0  14   4   0   0  39  0.51 0.26
   22 A    0  0  1  2 -5  1  5 -3 -2 -5 -5  3 -3 -5 -3 -1 -2 -5 -4 -4    9   2   6  12   0   6  41   1   0   0   0  17   0   0   0   4   1   0   0   0  0.72 0.29
   23 A   -1  2  1  0 -5  0  3 -3  1 -4 -4  5 -3 -3 -3 -1  0 -3 -2 -4    5   8   6   5   0   2  17   0   4   0   1  41   0   1   0   2   6   0   1   0  0.60 0.26
   24 Y   -5 -4 -5 -6 -3 -5 -5 -6 -2 -3  2 -5 -2  5 -6 -5 -4 -1  8 -4    0   1   0   0   0   0   0   0   0   0  19   0   0  23   0   0   0   0  54   0  1.72 0.49
   25 G   -1 -1  3  0 -3  1  0  4  2 -5 -5  1 -4 -5 -1  2 -2 -5 -4 -4    4   1  16   5   0   7   4  30   6   0   0   8   0   0   3  15   0   0   0   0  0.51 0.22
   26 I   -4 -6 -6 -6 -4 -6 -6 -7 -6  7  0 -6 -1 -2 -6 -5 -2 -5 -3  3    0   0   0   0   0   0   0   0   0  76   7   0   0   1   0   0   1   0   0  14  1.63 0.47
   27 P   -1 -5 -5 -5 -6 -4 -4 -5 -6 -3 -4 -4 -4 -7  8 -3 -2 -7 -6 -1    6   0   0   0   0   0   0   0   0   1   1   0   0   0  84   1   2   0   0   4  2.42 0.61
   28 H   -3 -3 -3 -5 -5  3 -3 -6 10 -5 -6 -1 -5 -5 -6 -4 -2 -6 -2 -6    2   0   0   0   0  15   0   0  76   0   0   3   0   0   0   1   3   0   0   0  2.53 0.65
   29 I   -5 -6 -7 -7 -5 -6 -7 -7 -7  8 -1 -6 -2 -3 -6 -6 -4 -6 -5  1    0   0   0   0   0   0   0   0   0  94   1   0   0   0   0   0   0   0   0   4  2.22 0.59
   30 S   -1 -4 -3 -4 -4 -4 -4 -4 -4 -6 -6 -4 -5 -6 -4  7 -2 -6 -5 -5    3   0   0   0   0   0   0   0   0   0   0   0   0   0   0  97   0   0   0   0  2.08 0.65
   31 T   -4 -5 -4 -5 -5 -4 -5 -5 -5 -4 -5 -4 -4 -6 -5 -2  8 -6 -5 -4    0   0   0   0   0   0   0   0   0   0   0   0   0   0   0   1  99   0   0   0  2.41 0.70
   32 G   -3 -6 -4 -5 -6 -5 -6  8 -6 -7 -7 -5 -6 -7 -6 -4 -5 -6 -7 -7    0   0   0   0   0   0   0 100   0   0   0   0   0   0   0   0   0   0   0   0  2.52 0.62
   33 D   -5 -5  1  8 -7 -4 -1 -5 -4 -7 -7 -4 -7 -7 -5 -4 -4 -8 -7 -6    0   0   5  93   0   0   1   0   0   0   0   0   0   0   0   0   0   0   0   0  2.48 0.64
   34 M   -2 -5 -6 -6 -4 -5 -6 -6 -5  6  1 -5  8 -3 -6 -5 -4 -5 -4 -1    3   0   0   0   0   0   0   0   0  48  10   0  39   0   0   0   0   0   0   0  1.62 0.49
   35 F   -5 -6 -6 -7 -5 -6 -6 -7 -5 -1  3 -6 -2  8 -7 -6 -5 -3 -1 -3    0   0   0   0   0   0   0   0   0   2  24   0   0  74   0   0   0   0   0   0  2.05 0.54
   36 R   -5  8 -4 -5 -7 -3 -4 -6 -4 -7 -6 -1 -5 -7 -6 -4 -5 -6 -5 -6    0 100   0   0   0   0   0   0   0   0   0   0   0   0   0   0   0   0   0   0  2.73 0.70
   37 A    5 -2 -2 -2 -3  0  2 -2 -3 -4 -2  2 -3 -4 -3  0 -2 -5 -2 -3   53   1   1   1   0   3  17   1   0   0   4  12   0   0   0   4   1   0   1   0  0.68 0.32
   38 A    5 -4  6 -3 -4 -3 -3 -3  0 -5 -5 -3 -4 -6 -4 -2 -3 -6 -5 -4   61   0  36   0   0   0   1   0   2   0   0   0   0   0   0   0   0   0   0   0  1.41 0.49
   39 M   -3 -5 -6 -6 -4 -5 -5 -6 -6  6  0 -4  5 -3 -5 -5 -3 -5 -4  4    0   0   0   0   0   0   0   0   0  52   5   0  15   0   0   0   0   0   0  27  1.28 0.40
   40 K    2  1 -2 -3 -5  0 -2 -3 -3 -5 -5  6 -3 -5 -4  2 -2 -6 -4 -4   15   5   1   1   0   2   0   1   0   0   0  57   0   0   0  18   1   0   0   0  1.02 0.39
   41 E    0 -1  5  1 -5  3  4 -1 -2 -5 -5  0 -3 -5 -4 -1 -2 -5 -4 -5    7   1  32   7   0  12  29   4   0   0   0   4   0   0   0   3   1   0   0   0  0.78 0.31
   42 G   -2 -2  1 -2 -4  2  2  6 -3 -6 -5  1 -3 -6 -4 -2 -4 -5 -5 -5    1   2   6   1   0  11  12  58   0   0   0   7   0   0   0   1   0   0   0   0  1.07 0.36
   43 T   -4 -5 -4 -5 -4 -4 -4 -5 -5 -4 -5 -4 -4 -6 -5 -1  8 -6 -5 -4    0   0   0   0   0   0   0   0   0   0   0   0   0   0   0   2  98   0   0   0  2.35 0.68
   44 P   -1 -3 -3  1 -6  0  6 -4 -2 -6 -5 -1 -5 -6  5 -2 -3 -6 -5 -5    5   0   1   6   0   2  52   0   0   0   1   2   0   0  28   1   0   0   0   0  1.24 0.42
   45 L   -4 -5 -6 -6 -4 -4 -6 -6 -5  0  6 -5  5 -2 -6 -5 -2 -4 -2 -1    1   0   0   0   0   0   0   0   0   2  78   0  14   0   0   0   2   0   1   2  1.42 0.44
   46 G   -3 -6 -4 -5 -6 -5 -6  8 -6 -7 -7 -5 -6 -7 -6 -4 -5 -6 -7 -7    0   0   0   0   0   0   0 100   0   0   0   0   0   0   0   0   0   0   0   0  2.52 0.62
   47 L   -2  0 -2 -4 -4  1 -2 -4 -3  1  3  4  1 -3 -4 -3 -2 -4 -3  1    1   4   1   0   0   6   0   0   0   9  29  35   3   0   0   0   1   0   0   9  0.51 0.26
   48 Q   -2  0 -2 -2 -5  3  4 -4 -3 -4  0  6 -3 -5 -4 -2 -3 -5 -4 -4    1   2   0   0   0  11  25   0   0   1   9  49   0   0   0   1   0   0   0   0  0.98 0.38
   49 A    7 -5 -5 -5 -4 -4 -4 -3 -5 -4 -4 -4 -4 -6 -4 -2 -3 -6 -5 -2   97   0   0   0   0   0   0   0   0   0   1   0   0   0   0   0   0   0   0   2  1.93 0.59
   50 K   -3  0 -3 -4 -7  1 -2 -5 -4 -6 -6  8 -5 -7 -4 -3 -4 -6 -5 -6    1   2   0   0   0   5   1   0   0   0   0  91   0   0   0   0   0   0   0   0  2.07 0.60
   51 Q    1 -1 -2 -2 -4  0  3  0 -2 -4 -4  2 -3 -5 -3  4  0 -5 -3 -3   10   3   0   1   0   3  22   6   0   0   0  11   0   0   0  37   6   0   1   1  0.56 0.28
   52 Y   -3 -5 -6 -7 -1 -5 -6 -6 -1 -3 -4 -5 -4  5 -7 -5 -5 -1  9 -4    2   0   0   0   1   0   0   0   1   1   0   0   0  23   0   0   0   0  71   1  2.31 0.61
   53 M   -4 -5 -6 -7 -5 -4 -6 -7 -5  3  0 -5 10 -3 -6 -5 -3 -5 -5 -1    0   0   0   0   0   0   0   0   0  19   3   0  74   0   0   0   1   0   0   3  2.32 0.64
   54 D   -4 -4  0  8 -7 -2  0 -4 -4 -6 -6 -3 -6 -7 -5 -2 -4 -8 -6 -6    1   1   3  88   0   1   4   0   0   0   0   1   0   0   0   1   0   0   0   0  2.20 0.58
   55 R    3  1  0 -2 -4  3  0 -3 -2 -4 -4  4 -3 -4 -3  0 -2 -5 -4 -4   28   7   4   1   0  17   5   0   0   0   0  32   0   1   0   5   0   0   0   0  0.66 0.30
   56 G   -3 -6 -4 -5 -6 -5 -6  8 -6 -7 -7 -5 -6 -7 -6 -4 -5 -6 -7 -7    0   0   0   0   0   0   0 100   0   0   0   0   0   0   0   0   0   0   0   0  2.52 0.62
   57 D    0 -1  1  1 -4  3  3 -1  0 -3  1  2 -1 -4 -3 -1 -2 -4 -3 -3   10   2   7   8   0  15  25   4   2   0  14  11   1   0   0   1   0   0   0   0  0.35 0.20
   58 L   -5 -5 -7 -7 -5 -5 -6 -7 -6 -1  7 -6 -1 -3 -6 -6 -4 -5 -3 -2    0   0   0   0   0   0   0   0   0   0  99   0   0   0   0   0   0   0   1   0  1.93 0.55
   59 V   -4 -6 -6 -7 -4 -6 -6 -7 -7 -1 -2 -6 -1 -4 -6 -5 -3 -6 -5  8    0   0   0   0   0   0   0   0   0   0   0   0   1   0   0   0   0   0   0  99  2.19 0.62
   60 P   -4 -6 -6 -5 -7 -5 -5 -6 -6 -7 -7 -5 -6 -8  9 -2 -4 -8 -7 -6    0   0   0   0   0   0   0   0   0   0   0   0   0   0  97   2   1   0   0   0  3.14 0.73
   61 D   -5 -5 -2  8 -7 -4 -2 -5 -5 -7 -7 -4 -7 -7 -5 -4 -5 -8 -7 -7    0   0   0 100   0   0   0   0   0   0   0   0   0   0   0   0   0   0   0   0  2.77 0.69
   62 E   -2 -3 -2  3 -6 -1  7 -4 -2 -6 -6 -2 -5 -6 -4  0 -3 -6 -5 -5    2   0   1  18   0   1  69   0   0   0   0   1   0   0   0   7   0   0   0   0  1.47 0.47
   63 V   -3 -5 -6 -6 -4 -5 -5 -6 -6  2  3 -5 -1 -3 -5 -4 -2 -5 -3  6    0   0   0   0   0   0   0   0   0  10  23   0   0   0   0   0   1   0   1  64  1.24 0.41
   64 T   -3 -4 -4 -5 -4 -4 -4 -5 -5  1 -2 -4  0 -4 -4 -2  6 -5 -4  3    0   0   0   0   0   0   0   0   0   8   3   0   2   0   0   0  64   0   0  24  1.31 0.47
   65 I   -3 -5  3 -3  1 -5 -4 -5 -5  6 -1 -5 -2 -3 -5 -4 -3 -5 -4  3    1   0  14   1   4   0   1   0   0  59   3   0   0   0   0   0   1   0   0  17  1.13 0.39
   66 G    1 -2  0  2 -5 -3  0  6 -4 -6 -6 -2 -5 -6 -4 -1 -3 -5 -5 -5    9   3   3  13   0   0   6  61   0   0   0   2   0   0   0   2   0   0   0   0  1.11 0.35
   67 I   -4 -5 -6 -6 -4 -5 -6 -6 -6  6  2 -5  6 -3 -6 -5 -4 -5 -4  0    0   0   0   0   0   0   0   0   0  60  16   0  22   0   0   0   0   0   0   2  1.49 0.45
   68 V    0 -5 -6 -6 -3 -5 -5 -6 -6  3  0 -5  0 -3 -5 -4 -3 -6 -4  6    7   0   0   0   0   0   0   0   0  14   4   0   2   0   0   0   0   0   0  72  1.33 0.43
   69 R   -1  4 -1 -2 -5  0  2 -3 -2 -3 -2  5 -1 -4 -4 -2 -1 -1 -3 -2    4  24   2   1   0   2  13   0   0   1   3  39   2   0   0   1   2   1   0   3  0.69 0.29
   70 E   -4 -3  0  6 -7 -2  6 -4 -3 -6 -6 -2 -5 -6 -4 -2 -4 -6 -5 -5    1   0   3  40   0   0  53   1   0   0   0   1   0   0   0   1   0   0   0   0  1.56 0.48
   71 R   -5  8 -4 -5 -7 -3 -4 -5 -4 -6 -6 -1 -5 -6 -6 -4 -4 -6 -3 -4    0  97   0   0   0   0   0   0   0   0   0   0   0   0   0   0   1   0   1   1  2.52 0.67
   72 L   -4 -5 -6 -6 -4 -5 -6 -6 -6  2  6 -5  3 -1 -6 -5 -4 -4 -4  0    0   0   0   0   0   0   0   0   0  11  78   0   6   2   0   0   0   0   0   3  1.37 0.42
   73 S    3 -1 -1 -1 -3  2  0  0 -1 -3 -2  1 -1 -4 -2  3  0 -4 -3 -2   27   1   2   2   0  11   5   5   2   0   3  10   2   0   0  24   4   0   0   2  0.33 0.20
   74 K   -2  0 -1 -1 -4  6  3 -4 -1 -5 -4  4 -2 -5 -3 -2 -3 -2 -4 -5    3   3   2   1   0  39  22   0   1   0   1  23   1   0   0   1   1   0   0   0  0.97 0.37
   75 D    0 -3  0  5 -5 -1  2 -2 -3 -5 -5 -1 -4 -5  5  0 -3 -6 -5 -4    9   0   2  33   0   1  14   2   0   0   0   3   0   0  26   7   0   0   0   0  0.89 0.31
   76 D   -5 -5 -2  8 -7 -4 -1 -5 -5 -7 -7 -3 -7 -6 -5 -3 -4 -8 -7 -7    0   0   0  96   0   0   1   0   0   0   0   1   0   0   0   1   1   0   0   0  2.57 0.65
   77 C    2 -6 -5 -6 10 -5 -6 -5 -6 -1 -4 -5 -4 -3 -5 -3  1 -6 -4 -1   17   0   0   0  64   0   0   0   0   3   0   0   0   1   0   0  10   0   0   4  2.16 0.55
   78 Q    2  0 -1  0 -4  2  2 -2 -1 -4 -3  4 -3 -5 -3 -1 -2 -5 -4 -2   16   3   2   4   0  10  16   2   1   0   1  37   0   0   0   3   1   0   0   3  0.55 0.26
   79 N   -1  0  5  1 -5  0  1 -1 -1 -4 -5  4 -3 -5 -2 -1 -2 -5 -3 -3    4   2  37   8   0   3   6   4   1   0   0  27   0   0   1   3   1   0   0   1  0.73 0.29
   80 G   -3 -6 -4 -5 -6 -5 -6  8 -5 -7 -7 -5 -6 -7 -6 -4 -5 -6 -7 -7    0   0   0   0   0   0   0 100   0   0   0   0   0   0   0   0   0   0   0   0  2.50 0.61
   81 F   -4 -6 -6 -7 -6 -6 -6 -7 -4 -3 -3 -6 -2  8 -7 -6 -5  1  5 -3    1   0   0   0   0   0   0   0   0   0   0   0   0  76   0   0   0   1  20   1  2.35 0.59
   82 L   -4 -5 -6 -6 -4 -5 -5 -6 -5  5  5 -5  3 -2 -5 -5 -3 -4 -4  1    0   0   0   0   0   0   0   0   0  31  54   0   7   0   0   0   0   0   0   8  1.15 0.36
   83 L   -5 -5 -7 -7 -4 -5 -6 -7 -6 -1  7 -6 -1 -1 -6 -6 -4 -5 -4 -2    0   0   0   0   0   0   0   0   0   0  98   0   0   2   0   0   0   0   0   0  1.87 0.54
   84 D   -5 -5 -2  8 -7 -4 -2 -5 -5 -7 -7 -4 -7 -7 -5 -4 -5 -8 -7 -7    0   0   0 100   0   0   0   0   0   0   0   0   0   0   0   0   0   0   0   0  2.77 0.69
   85 G   -3 -6 -4 -5 -6 -5 -6  8 -6 -7 -7 -5 -6 -7 -6 -4 -5 -6 -7 -7    0   0   0   0   0   0   0 100   0   0   0   0   0   0   0   0   0   0   0   0  2.52 0.62
   86 F   -6 -6 -7 -7 -6 -7 -7 -7 -4 -4 -3 -7 -3  9 -7 -6 -6 -2  4 -3    0   0   0   0   0   0   0   0   0   0   0   0   0  87   0   0   0   0  11   2  2.60 0.64
   87 P   -5 -6 -6 -5 -7 -5 -5 -6 -6 -7 -7 -5 -6 -8  9 -5 -5 -8 -7 -6    0   0   0   0   0   0   0   0   0   0   0   0   0   0 100   0   0   0   0   0  3.32 0.76
   88 R   -5  8 -4 -5 -7 -3 -4 -6 -4 -7 -6 -1 -5 -7 -6 -4 -5 -6 -5 -6    0 100   0   0   0   0   0   0   0   0   0   0   0   0   0   0   0   0   0   0  2.73 0.70
   89 T   -4 -4  4 -4 -4 -4 -4 -5 -5 -4 -5 -4 -4 -6 -5 -2  7 -6 -5 -4    0   0  17   0   0   0   0   0   0   0   0   0   0   0   0   1  82   0   0   0  1.93 0.60
   90 V   -3 -5 -5 -5 -3 -4 -4 -6 -5  5  2 -4  0 -2 -2 -3  0 -5 -3  4    0   0   0   0   0   0   1   0   0  33  17   0   1   0   2   1   6   0   0  38  0.87 0.31
   91 A    3 -3  0  0 -3 -1  1 -2 -1 -3 -4 -1 -3 -2  5  0 -2 -5 -2 -1   30   1   4   4   0   2   8   2   1   0   0   3   0   2  29   6   1   0   1   4  0.61 0.25
   92 Q   -5 -3 -4 -4 -7  9 -2 -6 -3 -7 -6 -3 -4 -7 -5 -4 -5 -6 -5 -6    0   0   0   0   0 100   0   0   0   0   0   0   0   0   0   0   0   0   0   0  2.89 0.79
   93 A    7 -5 -5 -5 -4 -4 -4 -2 -5 -5 -5 -4 -4 -6 -4 -2 -3 -6 -5 -4   98   0   0   0   0   0   0   1   0   0   0   0   0   0   0   0   0   0   0   0  2.00 0.61
   94 E   -3 -1 -1  2 -6  2  6 -4  1 -5 -5  0 -4 -5 -4 -2 -3 -5 -3 -1    1   3   2  11   0   6  61   1   3   0   0   5   0   0   0   1   1   0   1   4  1.08 0.39
   95 A    6 -4 -4 -4 -2 -2 -1 -3 -4 -4 -4 -2 -3 -5 -4  1 -2 -5 -3 -1   81   0   0   0   1   1   3   0   0   0   1   1   0   0   0   7   1   0   1   3  1.33 0.47
   96 L   -5 -5 -7 -7 -4 -5 -6 -7 -6 -1  7 -6  0 -2 -6 -6 -4 -5 -4 -2    0   0   0   0   0   0   0   0   0   0  99   0   0   1   0   0   0   0   0   0  1.89 0.54
   97 E   -2 -3  0  7 -4  0  3 -2 -3 -5 -6  0 -5 -6 -4 -1 -1 -6 -5 -5    2   0   2  59   0   3  19   2   0   0   0   4   0   0   0   4   4   0   0   0  1.22 0.39
   98 T    1  0  0  1 -3  2  3  0 -2 -3 -3  3 -2 -4 -3  0  0 -4 -3 -1   14   3   4   7   0   8  23   5   0   1   1  19   0   0   0   6   5   0   0   4  0.33 0.17
   99 M    1 -4 -3 -4 -3 -3 -2 -3 -4  4  1 -3  5  2 -4 -3  0 -2  0  1   12   0   1   0   0   0   3   1   0  27  10   0  22   9   0   0   6   0   2   5  0.51 0.24
  100 L   -3 -4 -3 -5 -3 -4 -4 -3 -4 -1  6 -4  2 -1 -4 -3 -1 -4 -3 -1    1   0   1   0   0   0   1   2   0   1  79   0   4   1   0   1   5   0   0   1  1.12 0.37
  101 A    2  0  1  1 -2  1  1 -1  0 -3 -3  2 -2 -3 -2  1  0 -4 -2 -1   20   3   5   8   0   5  11   3   1   1   1  20   0   0   1  11   6   0   1   3  0.24 0.14
  102 D    0  0  0  3 -3  0  4 -1 -2 -4 -4  2 -3 -4 -3  0 -1 -4 -4 -4    7   3   4  19   1   2  35   4   0   0   1  13   0   0   0   6   2   0   0   1  0.57 0.23
  103 I   -2  0 -1 -2 -3 -1 -1 -4 -1  1  4  0  4 -1 -4 -2 -2 -2 -2 -1    2   7   4   2   0   3   3   1   1   7  44   5  14   1   0   2   1   1   1   2  0.40 0.20
  104 G   -2 -3  4  2 -5 -2 -1  6 -2 -6 -6 -1 -5 -5 -4 -1 -3 -5 -5 -5    1   0  18  11   0   1   4  57   1   0   0   4   0   0   0   3   0   0   0   0  1.10 0.35
  105 R   -1  3 -2 -1 -2  1  1 -3 -2  2  0  2  1 -2 -3 -1  0 -4 -2  0    2  17   1   3   1   6   8   1   0  16   7  17   5   1   0   3   6   0   0   7  0.20 0.14
  106 K    0  1  0 -1 -4  1  1 -1 -1 -4 -4  4 -3 -5  3  1  0 -5 -4 -3    6   5   3   2   0   6   8   3   1   0   0  34   0   0  13  12   6   0   0   1  0.49 0.22
  107 L   -4 -5 -6 -6 -4 -5 -6 -6 -5  5  5 -5  1 -1 -5 -5 -3 -4 -4  1    0   0   0   0   0   0   0   0   0  32  58   0   2   1   0   0   0   0   0   6  1.18 0.37
  108 D   -4 -4  1  8 -6 -2  0 -4 -2 -6 -6 -3 -6 -7 -4 -2 -1 -7 -5 -5    1   0   5  81   0   1   4   0   1   0   0   0   0   0   0   2   4   0   0   0  1.90 0.53
  109 Y    2  0 -2 -3  0 -2 -2  1  4 -2 -1  0 -2  1 -3 -1 -1 -3  3  0   26   4   1   0   2   0   0  11  12   1   4   8   0   5   0   2   3   0  14   7  0.27 0.18
  110 V    2 -5 -6 -6 -1 -5 -5 -5 -6  0 -2 -5 -2 -4 -5 -3 -2 -6 -4  7   19   0   0   0   1   0   0   0   0   2   0   0   0   0   0   1   1   0   0  77  1.45 0.48
  111 I   -4 -5 -6 -6 -4 -5 -6 -6 -6  6  3 -5  0 -2 -4 -5 -3 -5 -4  2    0   0   0   0   0   0   0   0   0  50  34   0   1   1   1   0   0   0   0  14  1.18 0.37
  112 H   -3 -3  6  3 -3 -2  0 -3  1 -4 -1 -3 -4 -4 -4  1 -2 -5  2 -4    1   0  46  17   0   1   5   0   3   0   8   0   0   0   0  10   0   0   8   1  0.87 0.34
  113 I   -4 -5 -6 -6 -4 -5 -6 -6 -6  6  3 -5  0 -1 -5 -5 -3 -5 -4  2    0   0   0   0   0   0   0   0   0  59  24   0   1   2   0   0   0   0   0  14  1.28 0.39
  114 D   -2 -2  0  5 -5  1  4 -4  2 -3 -5  0 -4 -4 -4 -1 -2 -5 -3 -1    2   1   3  31   0   4  36   0   5   1   0   5   0   1   0   3   2   0   0   5  0.78 0.30
  115 V   -2 -6 -6 -7 -3 -6 -6 -6 -6  1 -2 -6 -2 -4 -6 -5 -3 -6 -4  7    2   0   0   0   0   0   0   0   0   3   0   0   0   0   0   0   0   0   0  94  1.95 0.57
  116 R   -1 -3  0  5 -5 -2  0 -3 -3 -5 -5 -2 -5 -6  6 -1 -3 -6 -5 -5    5   1   3  31   0   0   6   1   0   0   0   1   0   0  45   4   1   0   0   0  1.31 0.40
  117 Q   -2  1  0  4 -5  1  3 -3 -1 -4 -4  2 -3 -1  2 -1 -1 -5 -3 -4    2   8   3  29   0   4  18   0   1   0   1  12   0   4  11   3   3   0   1   0  0.53 0.22
  118 D   -1 -3  0  5 -6  0  5 -2 -2 -6 -6 -1 -5 -6 -4  0 -3 -6 -5 -4    5   0   3  28   0   2  49   2   0   0   0   3   0   0   0   7   0   0   0   0  1.07 0.38
  119 V   -1 -1  1  0 -2 -1  3 -3 -2  1  0  1 -1  0 -3  0  0 -4 -2  1    5   1   7   5   1   1  27   0   0   9   7  10   1   4   0   5   4   0   1  13  0.20 0.15
  120 L   -4 -5 -6 -6 -4 -5 -6 -6 -6  4  5 -5 -1 -2 -5 -5 -3 -5 -4  2    0   0   0   0   0   0   0   0   0  28  60   0   0   0   0   0   0   0   0  12  1.21 0.38
  121 M   -3 -4 -5 -5 -3 -4 -3 -5 -5  4  2 -2  4 -2 -5 -4 -2 -5 -3  5    0   0   0   0   0   0   1   0   0  27  14   2  13   1   0   0   1   0   0  40  0.89 0.32
  122 E    0  1  1  2 -5  1  4 -1 -2 -4 -4  3 -3 -5 -2 -1 -1 -5 -4 -3    8   8   6   9   0   4  32   4   0   0   0  21   0   0   1   3   2   0   0   1  0.53 0.23
  123 R   -5  8 -4 -5 -7 -3 -4 -6 -4 -7 -6 -1 -5 -7 -6 -4 -5 -6 -5 -6    0 100   0   0   0   0   0   0   0   0   0   0   0   0   0   0   0   0   0   0  2.73 0.70
  124 L   -1 -5 -5 -6 -4 -4 -5 -6 -5  3  5 -5  6 -2 -5 -4 -3 -4 -4  0    5   0   0   0   0   0   0   0   0  15  55   0  20   1   0   0   1   0   0   3  1.08 0.36
  125 T    1 -4 -3 -3 -1 -3 -3 -1 -4 -3 -4 -3 -3 -5 -4  4  5 -5 -4  0   11   0   0   0   1   0   0   3   0   1   0   0   0   0   0  35  43   0   0   6  0.93 0.39
  126 G   -2 -6 -2 -5 -6 -5 -5  7 -3 -7 -7 -5 -6 -6 -5 -2 -4 -6 -4 -6    2   0   1   0   0   0   0  94   0   0   0   0   0   0   0   2   0   0   1   0  2.23 0.57
  127 R   -5  8 -4 -5 -7 -3 -4 -6 -4 -7 -6 -1 -5 -7 -6 -4 -5 -6 -5 -6    0 100   0   0   0   0   0   0   0   0   0   0   0   0   0   0   0   0   0   0  2.73 0.70
  128 R   -5  8 -4 -5 -6 -2 -4 -6 -3 -1 -3 -1 -3  1 -5 -4 -3  2  1 -4    0  79   0   0   0   0   0   0   0   4   2   0   0   5   0   0   1   3   4   0  1.76 0.53
  129 I    0 -4 -4 -5 -2 -4 -4 -5 -5  5 -1 -4  2 -3 -4 -1  2 -5 -4  4    7   0   0   0   0   0   0   0   0  37   2   0   4   0   0   3  12   0   0  33  0.80 0.31
  130 C   -4 -7 -3 -7 12 -7 -8 -7 -2 -5 -5 -7 -5 -6 -7 -3 -5 -6 -6 -5    0   0   1   0  96   0   0   0   1   0   0   0   0   0   0   2   0   0   0   0  3.83 0.81
  131 R   -2  4 -2 -3 -5 -1  0 -2 -2 -3 -2  4 -3 -5  3 -1 -2 -5 -4 -2    3  28   1   0   0   1   6   2   0   0   5  29   0   0  15   5   1   0   0   4  0.64 0.27
  132 N    0 -1  4  1 -3  0  0  0 -1 -3 -4  2 -3 -4 -3  2  1 -4 -3 -2    6   1  21   7   0   4   6   7   1   1   0  14   0   0   0  20  10   0   0   3  0.38 0.19
  133 C   -4 -7 -4 -3 11 -6 -5 -6 -7 -5 -5 -7 -5 -6 -7 -1 -1 -6 -6 -5    0   0   1   2  89   0   1   0   0   0   0   0   0   0   0   4   3   0   0   0  3.38 0.75
  134 G   -2 -5 -3 -4 -6 -3 -5  7 -4 -7 -7 -3 -6 -6 -5  0 -4 -6 -6 -6    1   0   0   0   0   1   0  90   0   0   0   1   0   0   0   6   0   0   0   0  2.07 0.54
  135 A    5 -1 -3 -3 -3 -2  0 -2  2 -4 -4  0 -2 -4 -3  0  0 -5 -3 -3   66   3   1   0   0   1   6   1   5   0   0   6   1   0   0   4   6   0   0   0  0.89 0.36
  136 T   -1 -4 -2 -4 -3 -3 -3 -1 -4  0 -3 -3  0 -4 -2  3  5 -5 -4  1    2   0   0   0   0   0   0   4   0   6   0   0   2   0   1  23  49   0   0  12  0.82 0.35
  137 Y   -5 -5 -6 -7 -6 -4 -6 -6 -2 -4 -4 -5 -4  5 -6 -5 -5  2  9 -5    0   0   0   0   0   0   0   0   0   0   0   0   0  20   0   0   0   2  77   0  2.54 0.64
  138 H   -5 -3  2 -5 -7 -3 -4 -6 11 -7 -7 -4 -5 -5 -6 -4 -5 -6 -2 -7    0   1   8   0   0   0   0   0  90   0   0   0   0   0   0   0   0   0   0   0  3.24 0.75
  139 L   -2 -2 -3 -3 -3 -3 -2 -5 -4  4  1  2  1 -3 -4 -3 -1 -4 -3  4    1   1   0   1   0   0   1   0   0  22  14  14   2   0   0   1   4   0   0  38  0.59 0.25
  140 I   -1 -1 -2 -1 -3  0  2 -4 -1  2  0  2  0 -2 -3 -1  0 -4 -1  3    3   3   1   3   0   2  14   0   2  12  10  15   2   0   0   2   6   0   2  24  0.19 0.14
  141 F   -3 -5  0 -5 -5 -5 -5 -5  0 -3 -3 -5 -3  7 -6 -2 -1 -2  6 -4    2   0   6   0   0   0   0   0   2   1   1   0   0  54   0   2   3   0  28   0  1.56 0.46
  142 H   -1 -1  7  1 -5  0 -2 -3  1 -1 -3  1 -3 -4 -4  0 -2 -6 -4 -3    4   2  56   7   0   3   1   0   3   4   2  10   1   1   0   5   1   0   0   1  0.98 0.36
  143 P   -1 -2 -4 -5 -6 -2 -4 -3 -4 -5 -4  0 -2 -7  8 -3 -4 -7 -6 -5    6   2   1   0   0   1   0   2   0   0   1   6   1   0  78   0   0   0   0   0  2.15 0.56
  144 P   -3 -5 -5 -4 -6 -4 -3 -5 -5 -4 -6 -4 -5 -7  8  1  2 -7 -6 -5    1   0   0   0   0   0   1   0   0   1   0   0   0   0  76   9  11   0   0   0  2.21 0.58
  145 A    1  1 -2 -3 -5  1  0 -3 -3 -4 -4  6 -3 -5 -2 -1 -1 -5 -4 -2   11   3   0   0   0   5   4   0   0   0   1  63   0   0   1   3   3   0   0   2  0.99 0.37
  146 K   -1 -1 -1 -2 -3  2  1 -3 -1  0 -2  3 -2 -4 -3 -1  1 -4 -3  4    5   2   3   1   0  10  10   1   1   3   1  19   0   0   0   2   7   0   0  35  0.37 0.22
  147 P    0 -3 -1  3 -5  0  6 -2 -3 -5 -5 -1 -3 -5  0 -2 -3 -5 -5 -4    8   0   1  16   0   2  61   2   0   0   1   1   0   0   4   1   1   0   0   1  1.12 0.39
  148 G   -2 -4  1  0 -5 -4 -3  7 -3 -6 -5 -3 -5 -6 -5 -2 -4 -5 -5 -5    1   0   6   5   0   0   1  81   0   0   1   1   0   0   0   1   0   0   0   0  1.68 0.45
  149 V   -2 -1 -4 -4 -3 -2 -3 -5 -4  3 -1  2 -1 -3 -4 -2  1 -5 -3  5    0   2   0   0   0   1   1   0   0  21   2  16   0   0   0   1  11   0   0  42  0.65 0.28
  150 C   -4 -7 -6 -6 12 -7 -7 -5 -7 -5 -5 -7 -5 -6 -6 -5 -5 -6 -6 -5    0   0   0   0  97   0   0   1   0   0   0   0   0   0   0   0   0   0   0   0  3.90 0.81
  151 D   -5 -5  0  8 -7 -3 -1 -4 -4 -7 -7 -4 -6 -7 -2 -3 -4 -8 -7 -7    0   0   3  91   0   0   1   1   0   0   0   0   0   0   2   1   0   0   0   0  2.35 0.61
  152 K    0  2  0 -2 -3  0  0 -3 -1  0 -1  3 -2 -2 -3  0 -1 -4  1  1    7  14   5   1   0   2   5   0   1   5   6  26   0   1   0   4   2   0   5  15  0.23 0.16
  153 C   -4 -7 -3  2 11 -6 -5 -6 -7 -5 -5 -4 -5 -6 -7 -5 -4 -6 -6 -5    0   0   1  11  86   0   0   0   0   0   0   1   0   0   0   0   0   0   0   0  3.32 0.74
  154 G   -3 -4 -1 -2 -5 -2 -1  7 -2 -7 -6 -2 -5 -6 -5 -1 -4 -6 -6 -6    0   0   3   1   0   2   4  83   1   0   0   2   0   0   0   3   1   0   0   0  1.71 0.47
  155 G    0 -4 -1 -2 -5 -3  0  6  0 -6 -6 -2 -5 -5 -4  2 -1 -5 -5 -5    5   0   2   2   0   1   5  63   3   0   0   1   0   0   0  14   4   0   0   0  1.14 0.36
  156 E   -1 -2 -1  3 -6  0  6 -3 -1 -5 -5  1 -4 -5 -1 -2 -1 -6 -4 -3    4   1   1  16   0   3  55   1   1   0   0   9   0   0   3   1   3   0   0   1  0.96 0.35
  157 L   -4 -5 -6 -6 -4 -5 -6 -6 -5  0  6 -5  0  3 -6 -5 -3 -4 -1  0    0   0   0   0   0   0   0   0   0   2  77   0   1  11   0   0   1   0   2   5  1.29 0.41
  158 Y   -4 -4 -5 -6 -5 -3 -5 -6 -2  4 -2 -3 -2  2 -6 -4 -3 -2  8  2    0   0   0   0   0   1   0   0   0  21   0   1   1   7   0   1   1   0  52  14  1.38 0.44
  159 Q   -4 -2 -4 -4 -5  8 -2 -6 -1 -2 -1 -2 -3 -6 -5 -4 -3 -6 -5 -4    0   1   0   0   0  85   0   0   1   3   7   0   0   0   0   0   1   0   0   1  2.09 0.64
  160 R   -5  8 -4 -5 -7 -3 -4 -6 -4 -7 -6 -1 -5 -7 -6 -4 -5 -6 -5 -6    0 100   0   0   0   0   0   0   0   0   0   0   0   0   0   0   0   0   0   0  2.73 0.70
  161 A    1 -2 -1  5 -5 -1  3 -3 -3 -5 -5  2 -4 -5 -1  1 -2 -6 -4 -4   14   0   1  35   0   1  21   1   0   0   0  12   0   0   3  11   1   0   0   0  0.74 0.29
  162 D   -5 -5 -2  8 -7 -4 -2 -5 -5 -7 -7 -4 -7 -7 -5 -4 -5 -8 -7 -7    0   0   0 100   0   0   0   0   0   0   0   0   0   0   0   0   0   0   0   0  2.77 0.69
  163 D   -5 -5 -2  8 -7 -4 -1 -5 -5 -7 -7 -4 -7 -7 -5 -4 -5 -8 -7 -7    0   0   0  99   0   0   1   0   0   0   0   0   0   0   0   0   0   0   0   0  2.72 0.68
  164 N   -2  1  4 -2 -4  1 -1 -3  0 -4 -4  5 -3 -5 -3  1  2 -5 -4 -3    2   6  20   1   0   5   1   0   2   0   0  38   0   0   0   8  15   0   0   1  0.70 0.30
  165 E    0 -3 -4 -2 -6 -2  5 -4 -4 -3 -4 -2 -3 -5  6 -3 -3 -6 -5 -2    7   1   0   0   0   0  49   0   0   1   1   1   1   0  35   0   0   0   0   3  1.31 0.44
  166 A    0 -3 -3  2 -6 -1  7 -5 -3 -6 -6 -1 -4 -6 -4 -2 -2 -6 -5 -4    8   0   0   8   0   1  76   0   0   0   0   1   0   0   0   2   1   0   0   1  1.55 0.50
  167 T    0 -4 -3 -4 -4 -4 -4 -5 -5 -3 -4 -1 -4 -5 -4 -1  7 -6 -5  0    6   0   0   0   0   0   0   0   0   0   0   3   0   0   0   3  81   0   0   7  1.64 0.54
  168 V   -2 -6 -6 -6 -4 -5 -6 -6 -6  3 -2 -5  0 -2 -5 -5 -3 -6 -4  7    2   0   0   0   0   0   0   0   0  13   1   0   2   1   0   0   0   0   0  82  1.66 0.50
  169 A    0  4 -1 -3 -3  1  0  0 -2 -2 -2  4 -2 -4 -3 -1 -1 -5 -3 -2    8  21   1   0   0   5   5   6   1   2   4  36   0   0   0   4   3   0   0   2  0.51 0.24
  170 N   -2  1  5  0 -5  1  1 -3  0 -4 -5  3 -4 -5 -4  0  1 -5 -3 -2    2   6  35   3   0   4   9   0   2   1   0  23   0   0   0   4   9   0   0   2  0.68 0.28
  171 R   -5  8 -4 -5 -7 -3 -4 -6 -4 -7 -6 -1 -5 -7 -6 -4 -5 -6 -5 -6    0 100   0   0   0   0   0   0   0   0   0   0   0   0   0   0   0   0   0   0  2.73 0.70
  172 L   -4 -5 -6 -7 -4 -5 -6 -7 -6  2  6 -5  1 -2 -6 -5 -4 -5 -3 -2    0   0   0   0   0   0   0   0   0  11  86   0   2   0   0   0   0   0   0   0  1.56 0.47
  173 E    0  0  1  4 -4  1  4 -2 -1 -4 -4  2 -3 -5 -3  0 -2 -5 -4 -4    6   3   6  24   0   6  30   1   1   0   0  14   0   0   0   6   2   0   0   0  0.65 0.26
  174 V   -1 -5 -4 -5 -4 -3 -1 -6 -6  1 -2 -5 -2 -4 -5 -4  0 -6 -4  7    4   0   0   0   0   1   4   0   0   4   1   0   0   0   0   0   4   0   0  81  1.42 0.47
  175 N   -5 -5  5 -5 -6 -3 -5 -6 -2 -5 -5 -5 -5  0 -6 -4 -5 -2  9 -5    0   0  25   0   0   1   0   0   0   0   0   0   0   1   0   0   0   0  73   0  2.36 0.64
  176 M   -2  0  0  0 -4  0  2 -3  6  2  0  0  1 -2 -4 -2 -2 -3 -1 -1    3   4   4   4   0   3  13   1  29  14   7   6   4   1   0   1   1   0   1   4  0.44 0.22
  177 K    1  1  1  1 -4  1  4 -3 -2 -4 -4  3 -2 -4 -3  0  0 -5 -4 -4   10   6   5   7   0   4  30   0   0   0   0  23   0   0   0   7   6   0   0   0  0.53 0.24
  178 Q   -3 -2 -2 -2 -6  8  1 -5 -1 -5 -4  1  2 -6 -4  0 -3 -5 -5 -5    1   1   1   1   0  67   9   0   1   0   1   6   6   0   0   6   0   0   0   0  1.51 0.51
  179 M   -2 -4  1 -4 -4 -1 -4 -2 -5 -3 -5 -4 -2 -5 -4  0  7 -6 -5 -3    2   0   6   0   0   2   0   3   0   0   0   0   1   0   0   3  81   0   0   0  1.63 0.54
  180 K    2  0 -2 -2 -4  4  3 -3 -2 -4 -4  2 -1 -4 -3  0  0 -5 -3 -3   20   2   1   0   0  25  23   0   0   0   0  13   1   0   0   4   7   0   1   0  0.60 0.28
  181 P   -4 -6 -6 -5 -7 -4 -5 -6 -4 -4 -6 -4 -6 -7  9 -5 -4 -8 -7 -5    1   0   0   0   0   1   0   0   0   1   0   0   0   0  96   0   0   0   0   0  3.05 0.72
  182 L   -4 -5 -6 -7 -4 -5 -6 -7 -6  3  6 -5  0 -2 -6 -5 -4 -5 -4 -1    0   0   0   0   0   0   0   0   0  13  85   0   1   0   0   0   0   0   0   1  1.58 0.47
  183 V   -3 -4 -5 -5 -4 -4 -4 -6 -5  6  3  0 -1 -2 -5 -4 -3 -5 -3  2    1   0   0   0   0   0   1   0   0  55  22   7   0   1   0   0   0   0   0  12  1.03 0.35
  184 D   -1 -3  1  6 -5 -1  3 -2 -2 -6 -5 -2 -5 -6 -3  0 -2 -6 -5 -5    6   0   5  57   0   2  18   3   1   0   0   2   0   0   1   5   1   0   0   0  1.16 0.38
  185 F   -5 -5 -6 -7 -6 -5 -6 -7  2 -4 -4 -6 -4  6 -7 -5 -5 -1  9 -5    0   0   0   0   0   0   0   0   5   0   0   0   0  30   0   0   0   0  65   0  2.35 0.60
  186 Y   -6 -6 -6 -7 -6 -5 -6 -7 -2 -5 -5 -6 -5  0 -7 -6 -6 -2 10 -5    0   0   0   0   0   0   0   0   0   0   0   0   0   0   0   0   0   0 100   0  3.34 0.80
  187 E    0  2  0  1 -4  2  3 -1 -1 -4 -4  3 -2 -5 -3  0  1 -4 -3 -3    5  13   4   6   0   9  19   5   1   0   0  22   0   0   0   6   9   0   0   0  0.42 0.20
  188 Q    1  0  2  1 -3  2  3 -1 -2 -4 -4  4 -2 -5 -3  0 -1 -5 -4 -3   14   3   9   7   0   9  18   5   0   0   0  27   1   0   0   5   2   0   0   0  0.46 0.22
  189 K    0  3 -2 -2 -2  4  0 -3 -2 -4 -2  5 -2 -5 -4 -1 -1 -5 -4 -4    8  13   1   1   1  24   5   1   0   0   3  38   1   0   0   2   2   0   0   1  0.76 0.31
  190 G   -3 -4  2  0 -5 -3 -3  7 -2 -7 -7 -2 -5 -6 -5 -2 -4 -6 -6 -6    0   0  10   5   0   1   1  77   1   0   0   2   0   0   0   2   0   0   0   0  1.61 0.45
  191 Y   -2 -2 -2 -4 -2 -2 -3 -5 -3  3  4  1  0 -2 -4 -2 -2 -3  2  2    1   1   2   0   0   1   0   0   0  17  41  12   1   0   0   1   2   0   7  13  0.48 0.23
  192 L   -4 -5 -6 -6 -4 -5 -5 -6 -5  1  6 -5  0 -1 -5 -5 -3 -4  0  2    0   0   0   0   0   0   0   0   0   5  75   0   1   1   0   0   0   0   4  13  1.23 0.39
  193 R   -1  3 -2 -3 -1 -1 -2 -3  3  0 -1  2 -1  0 -3 -1 -1 -3  1  2    5  17   1   0   1   1   1   0   9   6   4  19   0   4   0   4   4   0   4  18  0.24 0.16
  194 N   -1  0  3  1 -4  0  2 -2  0 -2 -3  0 -2 -4 -1  1  3 -5 -3 -1    2   6  17   6   0   4  16   2   2   2   1   4   0   0   2   8  25   0   0   4  0.37 0.20
  195 I   -3 -6 -6 -6 -4 -5 -6 -6 -6  6 -1 -5 -1 -2 -5 -5 -3 -6 -4  5    1   0   0   0   0   0   0   0   0  51   3   0   0   1   0   0   0   0   0  44  1.47 0.44
  196 N   -3 -3  4  6 -6 -1  1 -4 -2 -5 -6 -2 -5 -6 -1  0 -3 -7 -5 -5    1   0  23  55   0   2   7   0   0   1   0   2   0   0   3   5   0   0   0   0  1.28 0.41
  197 G    1 -5 -2 -3 -4 -5 -5  7 -5 -7 -6 -4 -6 -6 -5 -2 -4 -6 -6 -6   12   0   1   1   0   0   0  85   0   0   0   0   0   0   0   1   0   0   0   0  1.93 0.51
  198 E   -1 -1  2  2 -3  2  2 -2 -2 -2  0 -1  1 -4 -3  0  3 -4 -3 -1    3   2   9  15   0  11  11   1   0   1   9   2   4   0   0   6  23   0   0   3  0.30 0.19
  199 Q   -2  1 -2 -2 -5  6  0  3 -3 -4 -3  2 -3 -5 -3 -2 -2 -5 -4 -3    3   8   0   2   0  40   4  22   0   1   2  15   0   0   1   1   1   0   0   2  0.78 0.33
  200 D    0 -3  0  5 -4 -2  3 -1 -1 -5 -5  0 -4 -5  3  1 -1 -5 -4 -4    8   0   2  33   0   0  17   5   1   0   0   5   0   0  13  11   3   0   0   0  0.64 0.26
  201 M   -3 -4 -6 -6 -4 -5 -5 -5 -5  6  0 -4  4 -2 -1 -4 -3 -5 -4  3    1   1   0   0   0   0   0   0   0  61   3   0  10   0   3   1   0   0   0  18  1.24 0.41
  202 E   -1 -3  3  5 -5 -1  3 -2 -1 -5 -5  0 -5 -6 -3  0 -2 -6 -5 -4    5   0  12  42   0   2  23   2   1   0   0   5   0   0   0   5   1   0   0   0  0.90 0.32
  203 K    0 -1  0  4 -4  2  4 -2 -1 -3 -3  2 -3 -4 -3 -1 -1 -5 -4 -1    8   1   3  22   0   8  28   2   1   1   2  16   0   0   0   2   3   0   0   5  0.49 0.23
  204 V   -3 -6 -6 -6 -2 -5 -5 -6 -6  3 -2 -5 -2 -4 -5 -4  0 -6 -4  7    0   0   0   0   0   0   0   0   0  11   1   0   0   0   0   0   7   0   0  80  1.59 0.50
  205 F   -3 -3 -3 -5 -5 -2 -4 -5 -3 -3 -1 -4 -2  7 -5 -1  3  0  3 -3    1   1   1   0   0   2   0   0   0   0   3   1   1  52   0   3  23   1   8   0  1.20 0.41
  206 A    2  0  1  0 -4  2  3 -1 -1 -3 -3  2 -3 -4 -3  0 -1 -4 -3 -2   22   5   5   5   0  10  21   3   1   0   1  15   0   0   0   7   2   0   0   2  0.35 0.19
  207 D    0  2  0  5 -3  1  2 -3 -2 -4 -3  0 -3 -5 -4  0 -2 -5 -4 -4    8  14   3  41   0   5  13   1   0   0   3   5   0   0   0   5   1   0   0   0  0.69 0.28
  208 I    0 -5 -6 -6 -4 -5 -6 -6 -6  7  0 -5 -1 -3 -5 -4 -2 -5 -4  3    9   0   0   0   0   0   0   0   0  67   5   0   1   0   0   0   1   0   0  17  1.33 0.43
  209 R   -1  0 -1  1  3  1  0 -2 -2  0  1  2  2 -1 -3 -1 -1 -3 -2  1    3   3   2   8   7   6   7   1   0   6  11  16   7   2   0   3   3   0   1  16  0.11 0.11
  210 E    1  0  1  1 -3  1  2 -1 -1 -3 -4  3 -3 -4 -3  1 -1 -5 -3 -2   16   4   7   8   0   5  16   3   1   1   0  23   0   0   0  11   3   0   0   2  0.36 0.19
  211 L    3 -3 -4 -4 -2 -3 -3 -2 -3  4  1 -2 -1 -2 -4 -1 -1 -4 -2  2   29   1   0   0   0   1   1   1   1  29  11   2   1   0   0   5   1   0   1  16  0.47 0.24
  212 L   -4 -5 -6 -7 -4 -5 -6 -7 -6  2  6 -6  0 -2 -6 -5 -4 -5 -4  0    0   0   0   0   0   0   0   0   0  10  86   0   1   0   0   0   0   0   0   3  1.57 0.48
  213 G   -1  2 -1  1 -5  0  2  4 -3 -5 -5  2 -4 -5 -3  0 -2 -5 -4 -4    3  12   1   8   0   4  16  34   0   0   0  13   0   0   0   6   2   0   0   0  0.57 0.24
  214 G    2 -1  1 -1 -3 -1 -1  3 -2 -4 -4  3 -3 -4 -2  2 -1 -4 -4 -3   21   1   6   2   0   2   2  26   1   0   0  20   0   0   1  17   2   0   0   0  0.47 0.21
  215 L   -1 -2 -3 -2 -1 -1 -3 -4 -3  2  3 -1  1  1 -3 -2 -2 -1  0  2    3   1   0   2   1   3   0   0   0  16  44   4   2   6   0   1   1   0   2  12  0.36 0.15
  216 A    3 -1  3 -1 -1 -1 -1 -1 -2 -2 -3  0 -2 -4 -2  3  0 -4 -3 -2   37   2  18   2   1   1   1   1   0   2   0   7   0   0   0  25   2   0   0   1  0.43 0.17
  217 R   -2  4 -1 -2 -4  2  0 -3  2 -4 -4  5 -3 -4 -3 -2 -2 -4 -3 -4    0  25   0   0   0  10   0   0   7   0   0  59   0   0   0   0   0   0   0   0  0.89 0.19
