    1 E   -5 -4 -4  4 -8  6  5 -6 -1 -8 -7 -4 -6 -8 -6 -4 -5 -7 -6 -7    0   0   0  25   0  36  38   0   1   0   0   0   0   0   0   0   0   0   0   0  1.78 0.85
    2 L   -5 -7 -7 -7 -3 -6 -7 -8 -7  5  5 -7 -1  1 -7 -6 -4 -6 -5  2    0   0   0   0   0   0   0   0   0  34  46   0   0   4   0   0   0   0   0  15  1.40 0.65
    3 I    1 -2  0 -4  3 -2 -3 -2  2  1  2 -1 -1 -3 -3  0  2 -4 -2  1   12   2   5   0   6   1   1   2   6  10  20   3   1   0   0   5  16   0   1   9  0.25 0.24
    4 T    0 -1  1  0 -2  5  2  0  0 -5 -4  0 -2 -4 -1  0  2 -5 -2 -3    9   2   6   5   1  28  11   7   2   0   1   4   1   1   4   5  12   0   1   2  0.46 0.38
    5 I   -2 -6 -6 -7  3 -6 -6 -7 -4  3  4 -6  0 -1 -6 -4 -2 -5 -1  3    3   0   0   0   6   0   0   0   0  18  46   0   2   2   0   0   3   0   2  17  0.98 0.52
    6 L   -6 -7 -9 -9 -6 -7 -8 -9 -8  0  7 -8 -2 -1 -7 -8 -6 -7 -6 -3    0   0   0   0   0   0   0   0   0   3  94   0   0   2   0   0   0   0   0   1  2.27 0.99
    7 E    0  1 -1 -2 -5  2  3 -3  1 -1  0  3 -2 -3 -4 -1 -1 -5 -2 -1   10   8   2   1   0   8  23   1   3   4  12  17   1   1   0   3   3   0   1   3  0.36 0.32
    8 K    1 -1  4  3 -2  3  1 -1  1 -6 -5  2 -3 -5 -5  0 -3 -6 -5 -5   12   2  20  14   1  15   8   4   3   0   1  11   1   0   0   7   1   0   0   0  0.59 0.42
    9 T    2 -5 -4 -5  0 -1 -5 -4 -1 -3 -2 -4 -5 -1 -5  4  4 -6 -2 -3   16   0   0   0   2   3   0   1   2   2   3   0   0   3   0  36  29   0   2   1  0.93 0.63
   10 V   -2 -3 -1 -4 -3  5 -3 -3 -2  1  3 -3  1 -1 -5 -2  1 -5 -3  0    2   1   2   1   0  25   0   3   1   7  32   1   3   3   0   3   9   0   1   7  0.58 0.44
   11 S   -1 -5  2  0 -2 -3 -4 -4 -1 -5 -5 -5  1 -4 -6  6 -2 -7 -5 -2    4   0   8   6   1   1   0   1   2   0   1   0   3   1   0  68   1   0   0   3  1.40 0.82
   12 P    0 -5  0 -4 -6 -1 -3  0  1 -4 -5 -4 -3 -6  7 -1  1 -7 -6 -3    7   0   5   1   0   3   1   7   3   1   1   0   1   0  54   5   8   0   0   2  1.36 0.72
   13 D   -5 -3  4  7 -7 -3 -1 -4 -3 -7 -8 -4 -7 -8 -6  0 -2 -8 -7 -5    1   1  18  65   0   1   4   1   1   0   0   1   0   0   0   6   2   0   0   1  1.88 0.88
   14 R    1  0  2 -2 -2  2 -1 -1  0 -2 -3  1 -3 -5  1  1  3 -5 -3 -2   14   5  10   2   1   8   2   4   3   2   2   8   0   0   7   8  21   0   1   3  0.31 0.29
   15 L    2 -1  4  1 -5  1  1 -3 -1 -4 -4 -1 -3 -4 -3  1  1 -6 -5 -1   19   3  22   9   0   7   9   1   1   0   1   3   0   0   1   9   9   0   0   5  0.45 0.36
   16 E    1 -3 -4  0 -4  2  2 -5 -3  2  0 -1 -3 -3 -4 -2  2 -5 -3  3   10   1   0   5   0   8  12   0   0  13   9   3   0   0   0   1  15   0   1  20  0.37 0.33
   17 L   -2  6 -5 -5 -4  5 -4 -6 -1 -4  0 -2 -5 -3 -5 -2 -4 -7 -6 -4    4  47   0   1   0  27   0   0   2   1  11   1   0   2   0   3   1   0   0   1  1.39 0.77
   18 E   -1  4  0 -1 -5  2  1 -2  0 -2 -2  4 -3 -5 -4  0  0 -5 -4 -2    4  20   5   2   0  11   9   3   2   2   5  23   0   0   0   5   6   0   0   4  0.45 0.34
   19 A    3 -1  2  0 -4  4  1 -3  1  0 -2 -1 -3 -4 -1 -1  0 -5 -4 -2   23   2  10   5   0  19   9   1   3   6   3   3   0   1   2   4   5   0   0   3  0.36 0.33
   20 A    6 -5 -5 -6 -4 -5 -6 -4 -6  0 -4 -5 -4 -6 -6  0 -4  1 -4  2   69   0   0   0   0   0   0   1   0   5   1   0   0   0   0   5   0   2   1  15  1.49 0.80
   21 Q   -3 -3 -3 -3 -7  5  5 -6  0 -6 -3 -2  0 -2 -6 -3  2 -1 -3 -5    2   1   1   1   0  22  43   0   2   0   3   2   2   2   0   1  14   1   1   1  1.11 0.69
   22 K    0 -1  0  1 -3  5  2 -3  1 -1 -2  1 -1 -3 -4 -1  0 -6 -4 -3    9   3   4   7   0  29  14   1   3   5   4   7   1   1   0   4   5   0   0   1  0.49 0.39
   23 F   -1  1 -1 -3 -2  5 -1 -5 -1 -3 -3  2  3  1 -5 -2 -1  2  1 -2    6   6   3   1   1  29   3   0   1   1   2  15   9   6   0   3   3   3   4   3  0.58 0.44
   24 L   -6 -7 -7 -8 -6 -3 -7 -8 -6  1  7 -6 -1 -4 -7 -7 -6 -6 -4 -2    0   0   0   0   0   1   0   0   0   7  86   0   1   0   0   0   0   0   0   2  2.00 0.91
   25 E   -1  0  3  0 -5  3  4 -4 -2 -3 -2  2 -3 -5 -4 -1  0 -6 -5 -2    4   5  14   5   0  12  26   1   1   2   3  14   0   0   0   3   6   0   0   3  0.52 0.39
   26 R   -1  1  1 -1 -6  6  2 -3  3 -3 -2  0 -2 -5 -5  0 -1 -6 -4 -5    4   8   7   2   0  36  10   1   7   1   4   5   1   0   0   7   4   0   0   0  0.77 0.51
   27 A    4 -3 -2 -3  0 -1  0 -3 -3 -1  1 -3 -1  3 -4 -2 -3 -2  0 -2   41   1   2   1   2   3   5   1   1   4  16   1   1  12   1   2   1   0   2   2  0.52 0.36
   28 A    2  1 -1 -2  1  2  0 -2  0 -2 -2  2 -2 -1 -2  1 -1 -3  1 -2   22   9   3   1   3   8   7   2   2   1   4  11   1   3   2  13   3   0   5   1  0.22 0.21
   29 V   -1  1  1  0 -2  2  3 -2 -1 -2  0  0 -2 -1 -4  0 -1 -4  2 -2    5   8   6   4   1  12  19   2   1   2  12   6   1   2   0   6   3   0   8   3  0.22 0.23
   30 E   -1 -1  3  1 -4  3  1 -3  0 -4 -4  1 -2 -4 -4  2  2 -5 -4 -2    5   3  16   7   0  15   9   1   3   1   1   9   1   1   0  15  11   0   0   3  0.44 0.34
   31 N   -3 -2  6  3 -1  3 -2 -2  1 -4 -4 -1 -2 -4 -4  0 -2 -4 -2 -3    1   2  40  16   1  12   2   2   3   1   2   3   1   1   1   7   2   0   2   2  0.91 0.47
   32 L   -3 -2 -3 -4 -3 -3 -3 -4 -2  0  2 -2  0  5  0 -1 -2  0  4 -1    2   2   1   1   0   1   2   1   1   5  21   2   2  27   5   4   2   1  14   4  0.57 0.30
   33 P    0 -4 -3 -2  0 -1 -3 -1 -2 -4 -3 -3 -3 -6  7  0 -3 -7 -4 -2    8   1   1   3   2   3   1   5   1   1   2   1   1   0  57   8   1   0   1   3  1.39 0.71
   34 T    0 -2  0  5 -5  2  3  1 -1 -5 -2  0 -1 -6 -3 -1  0 -6 -5 -3    9   1   4  28   0  10  16   9   1   0   5   4   1   0   1   4   5   0   0   1  0.52 0.38
   35 F   -6 -5 -7 -8  3 -7 -7 -8 -1  0 -1 -7 -3  8 -8 -6 -6 -4  6 -1    0   1   0   0   5   0   0   0   1   5   5   0   0  51   0   0   0   0  27   4  1.96 0.86
   36 L   -1 -5  4 -4  0 -4 -4 -5 -3  2  3 -5  2 -1 -3 -3 -3 -5 -3  2    5   0  20   0   2   0   1   0   1  13  31   0   6   3   1   2   1   0   1  14  0.64 0.42
   37 V    0 -1  4 -2  1 -1 -2 -1  0 -1  0  0  0 -1  1  0  0 -4 -2  0    7   3  25   1   3   3   1   3   2   3  11   7   3   2   6   7   6   0   1   6  0.22 0.23
   38 E    2 -3 -2 -3 -3 -1 -2 -3 -1 -2 -1 -2  1 -2 -5  1  1 -3  7 -3   16   1   2   1   1   3   3   2   1   2   5   3   4   0   0  10   8   0  38   1  0.83 0.54
   39 L   -6 -5 -8 -8 -1 -7 -7 -8 -7  0  7 -7  0 -4 -7 -6 -5 -6 -5 -3    0   1   0   0   1   0   0   0   0   3  89   0   2   0   0   1   0   0   0   1  2.07 0.93
   40 S    3 -4 -4 -5  2 -3 -4 -3 -5  2 -1 -4 -1 -2 -5  4  1 -6 -5  2   24   0   0   0   4   1   0   1   0  12   5   0   1   2   0  27   7   0   0  14  0.62 0.46
   41 R   -1 -2  0  1 -2  3  0 -2  3 -3 -3 -1 -3  4 -3  0 -1 -3  4 -2    4   2   5   8   1  12   6   3   6   1   2   3   0  17   1   8   3   0  15   3  0.39 0.32
   42 V   -1 -5 -5 -5 -4 -2  3 -6  1  5  0 -5 -2 -5 -5 -5 -3 -6 -5  3    5   0   0   0   0   1  23   0   3  34   8   0   1   0   0   0   1   0   0  23  0.95 0.56
   43 L   -6 -7 -8 -8 -6 -7 -7 -8 -7  1  6 -7  1  4 -7 -6 -5 -6 -4 -3    0   0   0   0   0   0   0   0   0   7  73   0   3  15   0   0   0   0   0   1  1.76 0.82
   44 A    4  0 -3 -5  3 -3 -3 -2 -4  0 -3 -2 -3 -4 -5  2  2 -2 -3  1   34   6   1   0   5   1   1   2   0   4   2   2   0   1   0  15  13   1   1  11  0.56 0.43
   45 N   -2  1  5  2 -3 -1  0 -3  2 -5 -4  1 -3 -5 -4  2  1 -6 -4 -5    2   8  27  12   0   3   5   1   5   0   1  10   1   0   0  17   7   0   0   0  0.67 0.44
   46 P    0 -2  0  0 -5 -1  4 -1 -2 -4 -4  1  0 -5  2  1  2 -6 -5 -2    6   2   4   5   0   2  30   5   1   1   1   7   2   0  11   9  11   0   0   3  0.46 0.38
   47 G    0 -3  1  1 -5  3  2  1 -2 -5 -5  0 -2 -4  0  3  1 -6 -5 -4    8   0   8   6   0  13  11  12   1   0   0   4   1   1   5  19   9   0   0   1  0.42 0.36
   48 N    1 -1  2 -1  0 -1  3 -3 -1 -1 -2  3 -3 -3  0  0 -1 -5 -2 -2   12   2  12   3   2   2  20   1   1   4   4  18   0   1   4   7   2   0   2   3  0.31 0.29
   49 S   -1 -2 -1  3 -4  1  1 -2 -3 -4 -5 -1 -4 -5  4  2  0 -6 -2 -4    5   2   3  19   0   6  11   3   0   1   1   3   0   0  22  17   5   0   2   1  0.60 0.43
   50 Q    0 -3 -1  1 -2  2  3 -2 -1 -1 -1 -3 -2 -3  4  1  0 -5 -4  0    7   1   2   6   1   8  19   3   1   3   6   0   1   1  19   9   5   0   0   8  0.35 0.31
   51 V    0  0  0  0 -4  0  2 -2  3 -1 -1 -2 -1  0  2  0  0 -4  0  1    6   4   5   4   0   4  16   3   7   4   5   1   1   4  11   7   4   0   3  12  0.16 0.19
   52 A    2 -5 -4 -5  0 -4 -5 -3 -3  4 -1 -4 -3 -2 -4  0  2 -6 -5  4   14   0   0   0   2   1   0   2   1  21   5   1   0   1   1   8  14   0   0  30  0.68 0.46
   53 R   -6  9 -6 -4 -8 -2 -5 -8 -6 -7 -5 -1 -7 -8 -7 -4 -5 -8 -7 -6    0  91   0   1   0   1   0   0   0   0   1   2   0   0   0   1   1   0   0   0  2.86 1.22
   54 V    0  0  1 -3 -2  5 -3 -5  0  0 -3 -1  4 -3 -4  3  0 -6 -2 -1    9   5   6   1   1  27   0   0   2   5   1   4   9   1   0  19   5   0   1   3  0.59 0.47
   55 A    4 -4 -5 -6 -3 -1 -4 -5 -5  0  4 -5  2 -2 -5 -1 -2 -5 -5  0   35   1   0   0   0   3   0   0   0   5  36   0   5   1   0   4   2   0   0   6  0.80 0.52
   56 A    7 -5 -6 -5  0 -5 -5 -4 -5 -6 -5 -5 -6 -7 -6  2 -3 -7 -6 -4   80   0   0   1   2   0   0   1   0   0   1   0   0   0   0  13   1   0   0   1  1.92 0.96
   57 G    2 -7 -5 -5 -2 -6 -5  7 -6 -7 -6 -6 -7 -7 -6 -2 -4 -7 -7 -7   18   0   0   1   1   0   1  75   0   0   1   0   0   0   0   2   1   0   0   0  1.99 0.91
   58 L   -5 -6 -7 -7 -2 -6 -6 -6 -4  4  5 -5  1 -3 -6 -5 -1 -6 -1  2    0   0   0   0   1   0   0   1   1  19  53   1   3   1   0   1   4   0   2  14  1.16 0.60
   59 Q    1 -4 -1 -4 -4  3  0 -3 -2  3  2 -3  2 -2 -5 -3 -1 -5 -2  0   13   0   3   0   0  13   8   2   1  21  23   0   4   1   0   1   3   0   1   5  0.42 0.34
   60 I   -5 -4 -8 -5 -6 -7 -7 -8 -7  1  6 -7  1  0 -7 -7 -5 -6 -5 -2    1   1   0   1   0   0   0   0   0   6  82   0   3   4   0   0   1   0   0   2  1.82 0.85
   61 K   -5  2 -4 -6 -8 -3 -5 -7 -6 -8 -8  8 -7 -8 -6 -6 -6 -1 -3 -7    1  10   1   0   0   1   0   0   0   0   0  85   0   0   0   0   0   1   1   0  2.52 1.13
   62 N   -6 -1  9 -4 -7 -2 -5 -4 -3 -8 -8  1 -7 -8 -7 -3 -3 -8 -7 -3    0   3  79   0   0   2   0   1   0   0   0   9   0   0   0   1   2   0   0   2  2.43 1.09
   63 S    2  0  5 -2  1  0 -1 -3  1 -3 -2  0 -4 -3 -4  2  0 -5 -2 -2   17   5  26   1   3   3   3   1   3   1   3   6   0   1   0  16   5   0   1   3  0.48 0.38
   64 L   -4 -6 -6 -6 -5 -5 -6 -6 -6  4  4 -6  0  2 -6 -5 -4 -5 -4  3    1   0   0   0   0   0   0   0   0  23  43   0   1   9   0   0   0   0   0  20  1.13 0.56
   65 T   -1  3 -1  1 -1 -1 -1 -3  0 -1 -1  1 -2 -3 -3  1  3 -3 -1  0    5  15   2   8   1   1   2   2   2   4   5  11   1   1   1  12  20   0   2   5  0.25 0.23
   66 S    3 -2 -1 -2 -1  0 -2  0 -2 -3 -2 -1 -2  0 -1  3  0 -1 -1 -2   30   1   3   2   1   5   2   6   1   1   4   4   1   4   3  23   5   1   2   3  0.35 0.29
   67 K   -1  4  1 -2 -4  0 -1 -2  3 -3 -3  4 -2 -2 -3  0  0 -4 -1 -3    6  19   7   2   0   2   3   2   7   1   2  31   1   2   1   5   5   0   2   2  0.52 0.31
   68 D   -1 -3  0  5 -4 -2  2 -2  0 -3 -3 -3 -3  3 -3  1 -2 -3  2 -3    4   1   4  31   0   1  14   4   3   2   2   1   0  11   1   9   2   0   8   1  0.59 0.34
   69 P    0 -1  0  0 -2  1  1  1  1 -1 -1  0 -1 -1  2  1  0 -3 -1 -1   10   2   4   5   0   7   8   9   3   4   5   6   1   3  12   9   4   0   2   5  0.11 0.09
   70 D    1  0  1  1 -1  0  1 -1  0 -1 -1  0 -1 -1  0  1  1 -2 -1 -1   15   4   8   8   1   3   9   3   2   3   5   6   1   2   3   8  12   0   1   5  0.09 0.09
   71 I   -1  3 -1 -1 -1  0 -1 -2 -1  1  1  1  2 -1 -2 -1  0 -2 -2  0    6  19   2   2   1   3   4   3   1   9  15   7   5   2   2   4   7   0   1   6  0.13 0.11
   72 K   -1  2  0  0 -2  2  0 -1  0 -2  0  4 -2 -2 -1  0 -1 -2 -2 -2    5  11   5   4   1  11   4   3   2   2   9  25   1   1   3   5   3   0   2   3  0.26 0.17
   73 A    1  0  0  0 -2  2  1 -1  0 -1 -1  0  0 -1  1  0  0 -2 -1  0   11   6   5   5   1  10   9   4   2   2   7   6   2   2   7   6   6   1   2   6  0.08 0.06
   74 Q    0 -1  0  0 -3  3  4 -1  2 -1 -1  0 -2 -2 -1 -1 -1 -2 -2 -1    9   2   4   6   1  13  27   4   5   3   5   4   1   1   2   5   3   0   1   4  0.31 0.20
   75 Y   -1 -1  0 -2  1  0 -2 -2  2  0  1  0  0  1 -2 -1 -2 -1  5  0    5   3   4   2   3   4   2   3   4   6  17   6   2   5   2   3   2   0  20   7  0.23 0.15
   76 Q    1  0 -1 -1 -2  4  0 -2  1  0 -1  0  0 -2 -2  0 -1 -2 -1  0   14   3   3   2   1  25   6   3   3   5   6   6   2   1   2   5   4   1   2   7  0.25 0.19
   77 Q    0  1  2  0 -1  4  1 -2  0 -2 -2  1  0 -2 -2 -1 -1 -3 -1 -2    7   6   9   6   1  23   9   3   2   3   4   9   2   1   2   4   4   0   2   2  0.28 0.19
   78 R   -1  5 -1 -1 -2  1 -1 -2  3 -2 -1  2 -1  0 -2 -1 -1 -1  0 -2    4  31   3   3   1   5   3   3   7   2   5  12   1   4   2   4   3   1   3   4  0.39 0.23
   79 W   -2 -3 -4 -4 -4 -3 -4 -2 -3 -1 -2 -4 -3  0 -2 -3 -3 12  1 -3    3   2   1   1   1   1   2   3   1   3   4   2   1   4   2   2   2  61   3   2  2.52 0.81
   80 L   -1 -1  0 -2 -2  0 -1 -2 -1  1  3  0  1  0 -2 -1  1 -2 -1  0    4   3   4   2   0   5   3   2   1   9  29   5   4   3   2   5  10   0   2   6  0.14 0.13
   81 A    2 -1  1 -2 -2  3 -1 -2 -1 -3 -1  1 -1 -3 -2  3  0 -4 -3 -3   18   3   6   2   1  16   3   3   2   1   6   9   1   1   1  20   7   0   1   1  0.33 0.28
   82 I   -2 -4 -3 -2 -2 -2 -4 -4 -3  3  4 -3  1  4 -4 -3  0 -3 -1  1    3   1   1   2   1   2   1   1   0  15  35   1   3  15   1   2   5   0   2   9  0.55 0.32
   83 D   -1 -3 -1  4 -5 -2 -1 -2 -3 -5 -4 -3 -3 -5  6  1 -1 -5 -5 -4    4   1   3  26   0   2   3   2   1   1   2   2   1   0  36  10   4   0   0   1  1.04 0.56
   84 A    1 -2  0  0 -4  3  2 -3 -1 -2 -2 -1 -2 -3  4  0 -1 -5 -4 -1   11   2   5   5   0  12  14   2   2   2   3   3   1   1  23   6   3   0   0   4  0.43 0.32
   85 N    0 -2  2  3 -2  1  3 -1 -2 -3 -4 -2 -4 -3  1  1 -1 -5 -4 -3    8   2  11  17   1   7  20   5   1   1   2   2   0   1   6  11   2   0   0   1  0.41 0.31
   86 A    0 -2 -3 -1 -2 -1 -1 -3 -2  2  0 -2 -1 -1 -3  1  2 -4 -2  3    7   1   1   3   1   2   4   1   1  13   8   2   1   3   1  11  13   0   1  26  0.27 0.24
   87 R   -1  6 -4 -3 -5 -1 -3 -5 -2 -2  0  4 -1 -4 -2 -3 -1 -4 -3 -2    5  37   0   1   0   3   1   1   1   2  10  26   1   1   2   1   4   0   1   3  0.85 0.51
   88 R    1 -1  2  2 -4  2  3 -2  0 -4 -2 -1 -1 -2 -3  1  1 -5 -3 -3   11   3  11  12   0  11  17   2   2   1   4   3   2   1   1  10   8   0   0   2  0.31 0.27
   89 E   -2 -1  0 -2 -4  4  1 -2  1 -2 -1  0 -1  3 -4 -2 -2 -3  5 -2    4   3   4   2   0  17   8   3   3   2   6   5   2  13   0   2   2   0  23   2  0.53 0.40
   90 V   -5 -7 -8 -5 -6 -7 -8 -8 -8  7 -1 -7  1 -4 -7 -6 -4 -7 -6  5    1   0   0   1   0   0   0   0   0  59   5   0   2   0   0   0   0   0   0  31  1.91 0.87
   91 K   -5  2 -6 -4 -8 -3 -4 -7 -4 -4 -5  8 -2 -8 -4 -6 -5 -8 -7 -7    0   8   0   1   0   1   1   0   0   1   1  84   1   0   1   0   0   0   0   0  2.37 1.11
   92 N    1 -1  2  0 -4  4  1 -2  0 -4 -3  1  0 -5 -3  2  0 -5 -4 -2   11   2   9   5   0  19  10   2   2   1   3   7   2   0   1  18   6   0   0   3  0.39 0.35
   93 Y    1 -1  3 -1  1  1  3 -2 -1 -2  0  1 -2 -2 -4  1  0 -4 -2 -2   11   2  15   2   3   6  18   3   1   2  11   8   1   2   0   8   6   0   1   2  0.23 0.25
   94 V    1 -5 -3 -5  5 -5 -5 -5 -6  2  3 -5  0 -2 -5 -1  0 -4 -5  3   10   0   1   1  13   0   0   0   0  12  28   0   2   1   0   5   5   0   0  21  0.71 0.44
   95 L   -4 -6 -6 -5 -3 -4 -4 -7 -6  2  6 -6  0  0  1 -4 -3 -2 -5  0    1   0   0   1   1   1   1   0   0  11  64   0   2   3   8   1   1   0   0   5  1.19 0.65
   96 Q    0  0  2 -2 -5  3  2 -1  1 -2 -2  1  2 -5  1  1 -1 -5 -2 -2    6   4  11   1   0  15  13   4   3   2   4   8   6   0   7  11   2   0   1   2  0.28 0.28
   97 T    3 -4  1 -4  4 -3 -3  0 -3 -1  0 -3 -2 -5 -5  1  4 -6 -5  0   21   1   7   0   8   0   1   8   0   3   8   1   1   0   0  10  26   0   0   5  0.53 0.42
   98 L   -5 -6 -7 -8 -4 -6 -7 -7 -7  4  6 -5  2  0 -7 -6 -3 -6 -4  0    1   0   0   0   0   0   0   0   0  21  62   1   4   3   0   0   1   0   0   5  1.46 0.72
   99 G    1 -1 -1 -2 -3  1 -2  5 -1 -3 -1 -1 -2 -4 -4  1 -1 -4 -4 -3   11   4   3   1   0   6   2  39   1   1   8   3   1   1   1  12   4   0   0   2  0.52 0.38
  100 T    0 -5  0  5 -1 -2 -2 -4 -1 -5 -5 -4 -1 -3 -4  4  3 -7 -6 -2    8   0   4  27   1   1   2   1   2   0   1   0   2   1   0  27  18   0   0   3  0.80 0.56
  101 E    0 -3  0  0 -1  0  4 -3 -3 -6 -5  0 -5 -5  4  1  0 -3 -6 -4    8   1   4   5   2   4  27   2   0   0   1   4   0   0  24  12   5   0   0   1  0.70 0.50
  102 T   -1 -3  4  3 -2  0  0 -2  1 -2 -3 -1 -2 -5  0  3  1 -4 -4  0    4   0  17  14   1   4   5   2   4   2   2   4   1   0   5  21   8   0   0   7  0.38 0.34
  103 Y    0  1  0 -1 -3  1 -1 -2  1 -1 -1  0 -1 -1  3  2  1 -4 -1 -1    6   8   3   2   0   7   3   3   3   4   5   6   1   3  16  15   7   0   2   5  0.20 0.20
  104 R   -1  3 -1  0 -4  2  0 -2  2  0  1  1  1 -3  0 -1 -2 -4 -3  0    4  16   2   5   0  10   4   3   5   4  16   8   4   0   5   3   2   0   0   8  0.18 0.20
  105 P    2  1 -5 -4 -5 -1 -5 -4 -2  5 -1 -3 -2 -5  3 -4 -2 -6 -5  2   19   9   0   1   0   2   0   1   1  30   4   1   1   0  14   0   1   0   0  15  0.70 0.48
  106 S   -2  6  1 -4 -2 -2 -4  1  3 -6 -5 -1 -4 -6 -4  2 -2 -6 -5 -3    3  46   5   1   1   1   0  11   7   0   1   3   0   0   1  15   2   0   0   2  1.05 0.62
  107 S    3 -2  3 -3  0  0 -3 -2 -1 -1 -4 -3 -4 -3 -3  4  2 -6 -5 -1   23   2  13   1   2   4   1   2   2   4   1   1   0   1   1  28  12   0   0   4  0.56 0.45
  108 A    5 -5 -5 -4 -1 -3 -5 -2 -4  0 -3 -3 -3 -2 -5  1  4 -6 -1  0   42   0   0   0   1   1   0   2   0   6   2   1   0   2   0   9  23   0   2   7  0.81 0.56
  109 S    6 -4 -5 -6  2 -4 -5 -2 -6  0 -4 -3 -5 -6 -2  1 -1 -6 -6  2   58   1   0   0   3   0   0   3   0   5   1   1   0   0   2   9   3   0   0  13  1.10 0.66
  110 Q   -1  0  1 -4 -6  6 -2  4 -3 -4 -4 -3 -4 -7 -6 -1 -3 -2 -5 -5    6   6   6   0   0  37   1  32   0   1   1   1   0   0   0   4   1   1   0   1  1.13 0.69
  111 C   -1 -5  0 -5  6  1 -3 -5 -5  3 -1 -5 -2 -2 -5 -2  2 -6 -5  4    4   0   5   0  14   6   2   0   0  18   6   0   1   2   0   3  10   0   0  28  0.74 0.47
  112 V   -3 -4 -7 -4 -3 -7 -7 -8 -7  6  2 -7 -1 -3 -7 -6 -4 -7 -4  5    2   1   0   1   0   0   0   0   0  36  18   0   1   1   0   0   1   0   0  38  1.39 0.70
  113 A    5 -6 -6 -4 -5 -5 -5 -1 -6  4 -3 -5 -3 -3 -6  1 -3 -7 -6  1   45   0   0   1   0   0   0   5   0  24   1   0   0   1   0  11   1   0   0  10  1.02 0.64
  114 G    3 -1 -1 -4 -1 -2 -2 -1 -3 -1 -4  2 -2 -4 -4  2  4 -3  1 -1   24   3   2   1   1   1   1   5   0   3   0  11   1   0   0  12  24   0   4   4  0.47 0.41
  115 I   -1 -6 -3 -6 -4 -5  0 -4 -6  6 -1 -6 -1 -1 -4 -3  3 -6 -5  3    5   0   1   0   0   0   6   1   0  42   5   0   1   2   1   1  16   0   0  16  0.94 0.57
  116 A    5 -6 -6 -6 -2 -5 -4  0 -6  4  0 -5  0  0 -5 -2 -3 -6 -4  0   46   0   0   0   1   0   1   6   0  21  10   0   2   4   0   2   1   0   0   6  0.90 0.57
  117 C    2  1 -2 -1  4 -2 -2 -1 -1  1 -1 -1 -1 -1 -4  1 -1 -4 -1  2   20   7   2   3   8   2   2   4   2   7   5   4   1   3   0  10   3   0   2  16  0.20 0.22
  118 A    2 -1 -3 -3 -3  0 -3 -2 -3  5 -1 -2 -1 -4 -5  1  0 -5  0  0   16   4   1   2   0   5   1   3   0  34   3   2   1   0   0  13   5   0   3   6  0.50 0.40
  119 E   -1  0 -2  0 -2  1  6 -6 -1 -2 -3  1 -6 -3 -6 -4 -2 -7 -3 -4    4   6   2   4   1   5  56   0   1   3   3   9   0   1   0   1   3   0   1   1  1.10 0.68
  120 I   -2 -5 -4 -4 -3 -5 -1  2 -5  3  4 -5  0  0 -6 -3 -3 -3  0  1    2   0   1   1   0   0   4  18   0  14  39   0   2   3   0   2   1   0   3   9  0.61 0.41
  121 P   -3 -1 -3 -1 -7 -2  1  2 -4 -4 -4 -3 -6 -5  7 -2 -2 -7 -3 -5    1   4   1   4   0   2   8  16   0   1   2   1   0   1  50   3   2   0   1   1  1.27 0.72
  122 V    0  3 -1 -2 -2  1 -2 -3  2  1  2 -1  1 -1 -1 -1 -1 -4 -1  1    6  16   3   1   1   6   2   1   5   7  23   2   3   3   3   5   3   0   2   8  0.20 0.21
  123 N   -1 -1  3  0 -1  3 -1  3  0 -4 -1  1 -1 -3 -4 -1 -1 -5 -3 -4    4   3  17   5   1  12   3  25   2   1   7   8   2   1   0   4   3   0   1   1  0.42 0.34
  124 Q   -1  0  1 -2 -1  4  2  1  2 -3 -2 -1  0 -4 -3  0  1 -5 -2 -4    4   4   7   1   1  22  15  10   4   2   5   3   2   1   1   7   9   0   1   1  0.38 0.34
  125 W   -6 -4 -8 -5 -1 -3 -4 -6 -4 -5 -7 -8 -1 -2 -8 -5 -5 13 -1 -6    1   1   0   1   2   1   2   1   0   1   0   0   2   2   0   1   1  82   2   1  4.12 1.59
  126 P   -4 -6  0  0 -7  0 -2 -3 -5 -3 -3 -4 -4 -3  8 -1 -2 -7 -7 -4    1   0   5   5   0   5   2   2   0   2   3   1   0   1  63   5   2   0   0   2  1.68 0.88
  127 E   -2 -5  0  5 -4  2  5 -3 -2 -3 -5 -3 -4 -7 -4 -2 -1 -7 -4 -5    3   0   4  29   0   7  41   2   1   2   1   1   0   0   1   3   3   0   1   1  1.15 0.67
  128 L   -2 -6 -6 -4  0 -4 -4 -4 -6  0  6 -3 -1  1 -5 -4 -3 -6 -5  1    4   0   0   1   2   1   1   2   0   4  67   2   1   5   1   1   1   0   0   7  1.19 0.64
  129 I   -5 -6 -5 -7 -5 -6 -7 -6 -6  5  4 -6  5  2 -7 -5 -4  0 -2  0    0   0   1   0   0   0   0   1   0  30  42   0  11   7   0   1   1   1   1   5  1.27 0.65
  130 P   -2 -3  0  0 -6  2  0  0  1 -4 -5  0 -2 -5  6  0 -1 -6 -5 -2    3   1   4   5   0   9   5   7   3   1   1   5   1   0  39   8   4   0   0   3  0.83 0.53
  131 Q    1 -1  0  0 -2  2 -1 -2  0  1 -1  0 -1  2 -3  0  1  0  0 -1   10   3   4   4   0  12   4   2   2   8   4   6   1  11   0   8  11   2   3   4  0.12 0.17
  132 L   -6 -7 -7 -8 -4 -7 -7 -8 -7  0  7 -7  2 -2 -7 -7 -6 -6 -3 -2    0   0   0   0   0   0   0   0   0   5  84   0   4   1   0   0   0   0   1   3  1.97 0.92
  133 V   -2 -4 -3 -5  5 -1 -2 -4  0  2  3 -3  2  1 -5 -2 -1 -4 -2  3    2   1   1   0  11   3   2   1   3   9  27   2   4   5   0   3   3   0   1  22  0.52 0.34
  134 A    0 -1  2  1 -3  4  2  0  1 -5 -3  0 -2 -3 -4  2  0 -5 -4 -3    8   3  10   7   1  20  11   7   4   0   2   5   1   1   0  14   5   0   0   2  0.41 0.34
  135 N   -1 -2  5 -3  2 -2 -3 -2 -2 -2  2 -2  4  0 -4  0  0 -5 -3 -2    5   2  31   1   4   2   1   2   1   2  17   3  11   4   1   6   5   0   1   3  0.60 0.42
  136 V    0 -4 -4 -5  3 -4 -4 -4 -5  2  3 -4  3 -1 -4 -2 -2  0 -4  4    7   1   0   1   7   0   1   1   0  10  26   1   8   2   1   3   3   1   0  26  0.64 0.37
  137 T   -1 -2  1  3  1  0  0  0 -1 -1 -1 -2 -1 -3 -4  1  3 -5 -4 -1    6   2   6  16   3   5   5   6   1   4   6   2   1   1   0   8  23   0   0   4  0.30 0.27
  138 N   -2 -2  4  1 -3  2 -1 -2 -1 -5 -4 -1 -4 -3 -3  5  0 -6 -5 -4    3   2  17   7   1   8   4   2   1   0   1   4   0   1   1  40   5   0   0   1  0.75 0.53
  139 P    0 -2  1 -1 -1  4  2  1 -2 -3 -3 -2 -2 -5  4  1  0 -5 -5 -3    8   1   6   3   1  17  12   9   1   1   3   1   1   0  19   9   6   0   0   2  0.44 0.37
  140 N   -2 -2  4  4 -5  1  1 -1  1 -5 -4 -1 -4 -5 -2  1  0 -1 -2 -4    3   1  18  24   0   7   9   5   4   1   2   3   0   0   2  12   6   1   2   1  0.55 0.39
  141 S    1 -1  1 -1 -3 -1 -2  1 -1 -1 -2 -1 -2 -1  0  2  0 -2  3  1   13   3   7   4   0   3   2  11   1   3   4   3   1   2   4  17   4   1  10   9  0.16 0.19
  142 T    0 -2  1  1 -1  1  0 -1 -2 -2 -2 -1 -2 -1  2  2  2 -3 -2 -1    8   2   7   7   1   7   4   4   1   2   4   3   1   2  11  17  13   0   2   4  0.21 0.18
  143 E    0 -1  0  2 -3  1  3 -2  3 -2 -2  0 -2 -3  2 -1 -1 -2  0 -1    7   2   4   9   0   7  24   3   6   2   3   5   1   1  10   5   3   0   3   5  0.30 0.22
  144 H   -1 -1  4  0 -3  1  1 -1  4 -1 -1 -1  1 -2 -1  0 -1 -4 -1 -1    6   3  21   5   1   6   9   5   9   3   6   2   4   2   2   6   4   0   2   4  0.25 0.21
  145 M    0 -2 -3 -3  0 -1 -3 -3  3  1  2 -1  3 -1 -2 -2  1 -3 -1  2    9   2   1   1   2   3   1   2   9   7  21   3   7   2   2   2  10   0   2  14  0.25 0.20
  146 K   -2  4 -4 -4  5  3 -3 -4 -1 -1 -2  4  1 -4 -4 -3 -2 -1 -3 -2    3  22   0   1  10  13   1   2   1   4   3  28   3   1   1   1   2   1   1   3  0.82 0.49
  147 E   -2  1 -3 -2 -4  3  6 -4  0 -1 -2 -1  0 -5 -5 -3 -4 -6 -4 -2    3   8   1   2   1  14  48   1   2   3   4   3   2   0   0   2   1   0   0   3  0.99 0.62
  148 S    4 -3  0 -2 -2 -1 -2  3 -1 -3 -3 -4 -3 -6 -3  2 -1 -6 -4  1   31   1   4   2   1   2   3  23   1   1   2   0   1   0   1  13   3   0   0  10  0.58 0.43
  149 T    4 -4 -5 -5 -1 -5 -5  0 -1 -2 -5 -5 -2 -5 -4  3  3 -6 -4  1   38   1   0   0   1   0   0   6   1   2   0   0   1   1   1  22  15   0   0  10  0.85 0.59
  150 L   -3 -6 -6 -6  0 -4 -4 -2 -6  0  5 -3  5  3 -6 -4 -2 -5  0 -1    2   0   0   0   2   1   1   3   0   5  50   2  11  11   0   1   2   0   3   4  0.98 0.54
  151 E   -1 -2  0  1 -3  1  3  0 -1  0 -2 -1 -1 -1 -4  1  1 -4  1 -1    5   1   3   6   1   7  23   9   1   6   4   3   2   2   0  10   8   0   6   3  0.24 0.25
  152 A    5 -5 -3 -5  2 -5 -5 -2 -5 -1 -1 -3 -2  0 -5 -1  4 -6 -2  0   43   0   1   0   5   0   0   3   0   4   6   1   1   3   0   3  21   0   1   7  0.81 0.54
  153 I   -6 -4 -7 -7  0 -4 -7 -8 -7  5  5 -7  2  1 -7 -7 -6 -1 -2  0    0   1   0   0   2   1   0   0   0  31  47   0   4   6   0   0   0   1   1   5  1.35 0.68
  154 G    0 -2 -3 -3 -1  2 -1  5 -2 -6 -3 -3 -1  1 -6  2 -3 -6 -1 -2    6   2   1   1   2  11   4  40   1   0   3   1   1   6   0  13   1   0   2   3  0.70 0.48
  155 Y   -4 -1 -2 -6 -4 -2 -4 -7  0 -2 -4  5 -2  3 -7 -1  0  1  7 -6    1   2   2   0   1   1   1   0   2   2   1  29   1  10   0   4   5   2  34   0  1.27 0.73
  156 I   -2 -7 -4 -4 -2 -3 -7 -7 -7  6  2 -6 -1 -1 -7 -5 -1 -6  0  3    4   0   1   1   1   1   0   0   0  47  16   0   1   2   0   1   4   0   3  16  1.19 0.62
  157 C   -3 -8 -8 -8 11 -8 -8 -8 -8 -3  0 -8 -2  1 -3 -4  0 -7 -3 -2    2   0   0   0  68   0   0   0   0   2   8   0   1   5   2   2   5   0   1   3  2.81 1.19
  158 Q   -3 -3 -4 -2 -8  3  7 -5 -4 -2 -3 -4 -3 -8 -3 -4 -5 -8 -7 -6    2   2   1   2   0  11  70   1   0   2   3   1   1   0   2   1   1   0   0   1  1.82 0.99
  159 D   -3 -4  0  6 -7 -2  3 -2 -3 -3 -6 -2 -6 -5 -3  0  1 -7 -2 -3    2   1   4  46   0   2  15   3   0   1   1   2   0   1   1   8   8   0   2   2  1.08 0.64
  160 I   -1 -3  1 -3 -1 -1 -2 -3 -1  5  1 -2  1 -1 -3  1 -2 -2  0  1    4   1   6   1   1   2   3   2   2  30  14   2   3   2   1  10   2   1   3   8  0.37 0.29
  161 D    1  0  0  4 -1 -1  0  0  0 -2 -4  1 -1 -3  2  1 -1 -5 -3 -1   10   5   4  21   1   2   6   7   2   3   1   8   1   1  10  10   4   0   1   4  0.27 0.26
  162 P   -1  0  0  1 -1  0  2 -3  1 -3 -3  0 -1 -3  4  1 -2 -5  0 -1    6   5   5   8   1   5  13   2   3   2   2   5   2   1  21  10   2   0   3   5  0.35 0.32
  163 E   -1  0  0  2 -2  1  4 -1  1  0 -2 -1 -1 -2 -3 -1  0 -1 -2 -1    4   5   4  12   1   7  25   6   3   5   4   4   2   2   1   3   6   1   1   5  0.26 0.27
  164 Q    0 -2  0 -1 -1  0 -2 -2 -1  1  3 -2  1  2 -3 -2 -1 -4  0  1    7   2   4   4   1   4   2   3   1   8  27   2   4   8   1   2   3   0   3  12  0.21 0.20
  165 L   -3 -1 -1  3 -2 -1  1 -2 -1  0  3 -3  0  1 -2 -2 -2 -5 -2 -1    2   4   3  15   1   2   8   3   2   5  35   1   2   5   2   3   3   0   1   3  0.33 0.32
  166 Q    0  0  1  0 -1  3  2 -2 -1 -1 -2  1  0 -1  0  1  0 -4 -2  0    6   5   6   5   1  17  12   3   1   3   4   7   2   3   5   9   4   0   1   6  0.18 0.22
  167 D   -1  1  0  3 -1  1  3 -2  3 -3 -3 -1 -1 -2 -1  1 -2 -5 -1 -3    5   9   5  19   1   5  16   3   6   1   2   3   2   2   3   9   2   0   3   2  0.33 0.32
  168 K   -3  0 -1 -2 -2  4  0 -3  4 -2 -2 -1 -2  2  3  0 -1  0  2 -3    2   5   3   2   1  18   7   1  10   3   3   3   1   8  14   6   5   1   7   2  0.41 0.39
  169 S    0 -4  0 -3  0 -1 -3 -2  1  2  1 -3  0 -1 -3  3  0 -1 -2  1    8   0   4   1   2   3   1   2   3  11  16   1   2   3   1  26   5   1   1   9  0.28 0.31
  170 N   -3 -2  7  2 -2  0 -1  1 -2 -4 -4 -2 -1 -3 -3 -1 -1 -7 -3 -3    2   2  46  10   1   3   3  11   1   1   2   2   2   1   2   4   3   0   1   2  1.00 0.67
  171 E    0  1  0  0 -1  2  1  0  1  0 -2  0  1 -1 -1  0  0 -3 -1  0    9   8   4   4   1  11   9   7   4   5   3   5   4   3   3   8   4   0   2   5  0.08 0.11
  172 I   -3 -2 -5 -6 -5 -5 -5 -6 -5  5  1 -4  3  1  2 -3 -2 -5 -2  2    2   3   0   0   0   0   0   0   0  36  11   1   7   6  12   2   2   0   1  13  0.85 0.47
  173 L   -5 -6 -7 -7 -6 -4 -7 -7 -3  3  6 -3  2  2 -2 -6 -5 -2 -2 -1    1   0   0   0   0   1   0   0   1  12  61   2   4   8   2   0   0   1   1   4  1.28 0.66
  174 T   -2 -1  2  1 -5  1 -1 -3 -4 -2 -2 -2  1 -2  4  0  4 -5 -2 -4    3   3   8   6   0   6   4   2   0   2   4   2   4   2  20   5  26   0   2   0  0.51 0.41
  175 A    3  1 -1 -2 -1  0 -1 -1 -2  0 -1  2  0  0  0  0 -2 -4 -1 -1   28   7   2   1   2   4   2   3   1   5   7  13   2   4   4   7   1   0   2   5  0.20 0.23
  176 I   -3 -5 -6 -4  0 -5 -6 -6 -6  4  3 -3  2  4 -6 -5 -4 -5 -3  3    1   0   0   1   2   0   0   0   0  21  28   2   5  16   0   0   0   0   0  21  0.94 0.50
  177 I   -3 -5 -4 -6  1 -5 -3 -4 -5  5  2 -5  1  2 -5 -3 -2 -5 -2  4    2   0   1   0   3   0   2   1   0  31  18   0   3   9   0   2   2   0   1  23  0.83 0.45
  178 Q   -1  0  0 -1 -2  5  0 -3  3 -1 -1  1 -1 -3  3 -1 -3 -5 -2 -3    4   5   5   3   1  24   6   2   8   4   8   7   1   1  14   4   1   0   1   2  0.41 0.34
  179 G    1 -2 -1 -4  1 -2 -3  4 -1 -3 -2  2 -2  3 -1 -1 -1 -4 -1 -3   10   2   2   0   3   2   1  33   2   2   4  12   1  12   3   4   3   0   2   2  0.47 0.36
  180 M    1 -3 -2 -5  1 -1 -3 -5 -5  1  2 -2  6  4 -5 -3  0 -4 -1 -1   10   2   2   0   3   3   2   0   0   6  16   2  23  18   0   2   5   0   2   4  0.67 0.46
  181 R   -1  2  3 -2  0  1 -1 -2 -1  0  1  2  1 -1 -4 -1 -1 -4  0 -2    5  13  13   2   2   7   2   3   1   5  14  13   3   2   0   5   2   0   3   2  0.22 0.23
  182 K    0  0  1  0  0  2  0 -2  4 -2 -2  0  0 -2 -1  2 -1  1  0 -2    8   4   7   5   2  10   5   3  11   2   4   6   2   2   3  14   4   2   3   3  0.20 0.22
  183 E   -1 -2  0  2  0  2  2 -1  1 -4 -2 -1 -1  0  1  1  0 -5 -1 -1    5   2   5  13   2   8  16   4   3   0   3   2   2   5   6  12   4   0   3   4  0.22 0.24
  184 E   -2 -1  0  0  1  0  4 -2  4 -2 -2  0 -1  0  0  1 -1 -5 -1 -2    2   3   5   5   3   3  26   2  10   3   4   5   2   4   4  10   4   0   2   3  0.36 0.32
  185 P    0 -2 -2 -1 -5  0 -1 -2  0 -3 -3 -1 -2 -3  6  0  2 -5 -3 -2    8   2   2   3   0   5   4   3   2   1   3   3   1   1  39   7  12   0   1   2  0.79 0.50
  186 S   -1 -1  3  0 -2 -2 -2 -3  0 -1 -3  1 -4 -3 -3  5 -1 -5 -2 -3    4   3  16   6   1   1   2   2   2   3   2  10   0   1   1  39   3   0   1   2  0.63 0.48
  187 N    1  0  2  0 -2  0  0 -1  0  0 -1 -1  0 -2  2  1  0 -1 -2  0   10   6  13   5   1   3   6   3   2   6   4   3   2   2  11   9   5   1   1   6  0.13 0.14
  188 N    0  2  1  1 -4  2  2 -2  1 -2 -2  2 -1 -2 -1  0 -1 -4 -1 -2    6  11   6   9   0   8  14   2   3   3   3  13   2   1   3   7   3   0   2   3  0.21 0.18
  189 V   -1 -5 -1 -5  1 -4 -3 -5 -1  3  1 -5  1  1 -1 -1 -1 -5 -4  5    4   0   4   0   2   0   2   0   2  15  11   0   3   6   3   5   3   0   0  40  0.65 0.42
  190 K   -2  6 -2 -5  1  0 -4 -4  0 -2 -3  2 -1 -5 -2 -1  0 -6 -1 -3    4  49   2   0   3   4   0   2   2   2   2  11   1   0   2   5   6   0   2   2  0.99 0.60
  191 L    0  0 -1 -2  0 -1 -1 -2 -1  1  2  0  0 -1 -1  0  0  0  0  1    7   6   2   1   2   2   3   2   2   9  24   7   2   2   3   9   5   1   3  10  0.08 0.12
  192 A    3  0 -1 -2 -1  0 -1 -1  3 -1  0 -1  0 -2 -3  0  0 -4  0  0   29   6   3   2   1   3   4   4   8   2  10   3   2   2   0   5   6   0   3   6  0.20 0.22
  193 A    6 -1 -3 -6 -1 -3 -4 -3 -6 -4 -5 -5 -3 -5 -5  2  0 -6 -6 -2   66   4   1   0   1   1   1   1   0   1   1   0   1   1   0  12   5   0   0   3  1.34 0.76
  194 T   -2 -5 -5 -6  0 -3 -5 -4 -3  3  3 -5  1  0 -5 -2  3 -5 -3  3    4   0   0   0   2   1   0   1   1  18  28   0   4   3   0   2  16   0   1  20  0.70 0.43
  195 N   -1  2  4 -1 -1  1 -1  0  1 -2 -3  2 -1 -2 -3  0  1 -4 -3 -1    5  11  20   2   2   6   3   7   3   2   2  14   1   2   1   7   9   0   1   4  0.30 0.25
  196 A    6 -5 -3 -6  6  1 -5 -4 -6 -2 -5 -3 -5 -6 -3  0 -1 -6 -6 -3   59   0   1   0  14   6   0   1   0   2   0   1   0   0   1   7   3   0   0   2  1.37 0.75
  197 L   -3 -5 -5 -5  4 -5 -5 -5 -5  1  5 -5  2  2 -5 -4 -2 -4  0  0    2   1   0   1   8   0   1   1   0   7  54   1   4   8   1   1   2   0   3   6  0.98 0.50
  198 L   -2 -2  2 -2  0 -1 -3  1 -2  2  0 -2  1 -1 -4  0 -2 -4  2  2    3   2  12   1   2   2   1  13   1  13   9   2   3   2   0   7   2   0   9  14  0.22 0.23
  199 N   -4 -2  6  1 -1  1 -2 -4  2 -3 -3 -1  2 -3 -4  0 -1 -6 -2  0    1   2  41   8   1   6   2   1   4   2   2   3   6   1   1   7   4   0   1   6  0.84 0.57
  200 S    1 -3 -3 -4  1  2 -3 -3 -1  1  0 -3  0  3 -3  3 -2 -1  0  1   14   1   1   0   3   9   1   1   2   8  11   1   2  12   1  21   1   1   3   8  0.32 0.32
  201 L    0 -4 -2 -4 -5 -3 -5 -6 -1  4  4 -4  3  4 -6 -4 -2 -5 -1  0    8   1   2   1   0   1   0   0   2  19  33   1   7  15   0   1   2   0   1   4  0.73 0.46
  202 E   -3 -2 -3  1 -3  1  4 -2 -2  3 -1 -2  0 -2  2  0 -1 -1 -1  0    1   1   1   6   1   7  25   3   1  16   5   1   2   1   9   6   4   1   2   6  0.34 0.33
  203 F   -1 -4 -3 -4 -1 -2 -4 -6 -1  2  0 -4  1  7  0 -3 -2  0  2  0    6   1   2   1   1   2   1   0   1   9   9   1   3  39   5   2   3   1   7   7  0.83 0.49
  204 T    1 -1 -1 -2 -1 -1 -3 -2 -1  3  0 -2  2  0 -2 -1  1 -4 -2  2   12   4   3   2   1   2   1   3   2  21   9   3   7   3   2   5   8   0   1  12  0.22 0.21
  205 K   -2  3  1  1 -5  1  0 -1  2 -3 -2  2  1 -2  1  0 -1 -1 -1 -3    1  17   5   8   0   7   5   4   6   1   4  14   4   1   6   7   3   1   2   1  0.28 0.26
  206 A    1 -1  1  1 -1  1  0 -1  0 -2 -3 -1 -1 -2  2  2  2 -4 -2 -1   12   4   7   8   1   5   5   4   3   1   2   3   1   2   9  14  12   0   1   5  0.17 0.20
  207 N   -1 -1  5  1  0  3 -1 -1  0 -2 -2 -1 -4 -2 -1  0 -2  0 -2 -2    4   4  32   6   2  13   3   5   2   2   4   4   0   2   3   6   2   1   2   4  0.49 0.39
  208 F    1 -3 -2 -1 -5 -2 -2 -2 -5 -1  0 -3  3  6 -1 -1 -2 -4 -2 -1   13   1   2   5   0   2   2   3   0   3  10   2   6  35   4   5   3   0   0   4  0.62 0.45
  209 D   -1 -2  0  2 -4  0  3 -1 -3 -1  2  1  0 -2 -4 -1 -2  0 -2 -2    5   2   4  11   0   4  19   5   0   4  20   9   3   2   0   5   2   2   1   2  0.22 0.24
  210 K   -1  0  2 -1 -1  0 -1 -2  0  0  1  0  3  0 -1 -1  0 -3 -1  1    4   6  12   3   2   4   2   2   3   6  13   5   9   5   2   4   4   0   2  11  0.10 0.14
  211 E   -1 -1  1  2 -2  1  2 -2  2 -1 -1  1  1  0 -1 -1 -1 -3  1  0    5   1   6  10   1   5  16   2   5   3   7   8   3   4   3   3   3   0   5   7  0.13 0.15
  212 S    0 -1  2 -1 -2  0  0 -1  4  0 -1 -1  2 -2 -1  2 -1 -2 -2  0    9   2  11   3   1   4   6   5  10   6   4   3   7   1   3  15   2   1   1   6  0.16 0.19
  213 E   -2 -2 -1  0 -4  1  4 -3  0  2  0 -1  2  2 -4  0 -2  1 -2  0    3   2   2   5   0   6  25   2   3  13   7   2   6   8   1   6   2   2   1   6  0.29 0.26
  214 R   -3  5 -1  4  1  1 -1 -2  0 -1 -1 -1  2 -2 -3 -2 -3 -5 -4 -2    2  32   2  21   3   5   3   3   2   3   6   3   5   2   1   2   1   0   0   3  0.59 0.40
  215 H   -1 -2  3  4 -2  0  1 -2  2 -3 -2  0 -3 -2  0  0  0  0 -1 -3    5   2  13  24   1   4   7   2   6   1   5   5   0   2   5   7   6   2   2   2  0.33 0.26
  216 F   -1 -1  0 -2 -1  1 -1 -4  0 -1  0 -2 -1  5 -3  0 -1 -3  4  0    5   3   5   3   1   6   3   1   2   2  11   2   2  25   1   6   3   0  14   5  0.41 0.30
  217 I   -3 -5 -6 -6 -1 -5 -6 -4 -5  5  3 -5  2  3 -6 -3 -3 -4  1  2    2   0   0   0   2   0   0   2   0  34  25   0   4  10   0   2   2   0   5  12  0.89 0.49
  218 M   -1 -2 -1 -3  1  1  1 -2 -1  1  1 -2  6  0  1 -2 -1 -4 -4  0    4   2   3   1   3   7   8   4   1   6  11   1  23   4   8   3   3   0   0   7  0.37 0.33
  219 Q    1  1  1 -1  0  4  1  0  2 -3 -3  0 -2 -4 -2  0  0  0 -2 -3   12   6   8   3   2  22   8   7   5   1   3   4   1   0   1   8   5   1   1   2  0.30 0.29
  220 V    0 -2 -2 -4  2 -1 -2 -1 -1  1  2 -2  2 -1 -4 -1 -1 -3  1  2    7   2   2   0   4   2   2   6   2   7  24   2   6   2   0   4   4   0   6  19  0.22 0.22
  221 V   -2 -5 -5 -5  1 -4 -5 -3 -4  3  3 -5  3  4 -5 -2 -2 -4  0  2    2   0   0   0   3   0   0   2   0  16  24   0   6  17   0   2   2   0   3  14  0.56 0.39
  222 C   -1 -2  0 -1  6 -1 -2 -2  0  0  0 -1  0  4 -2 -1 -1 -3  0 -1    5   2   5   3  18   3   2   3   2   5  11   3   2  18   2   5   2   0   2   3  0.29 0.27
  223 E   -1  0  0  0 -3  1  2 -2  1 -1  1 -1  1 -1 -3 -1 -1 -3 -1  1    5   5   3   5   0   8  15   2   3   3  19   3   3   2   0   4   2   0   2  12  0.09 0.18
  224 A    4  0 -1 -4  0 -2 -4 -2 -2  0  1 -3  1 -4 -4  1  0 -5 -3 -1   41   5   2   0   2   2   0   2   1   4  13   1   4   0   0   9   5   0   1   3  0.44 0.44
  225 T    3 -1 -1 -4  2 -1 -3  0 -2 -1 -2 -2 -1 -3 -2  1  4 -4 -2 -1   22   3   3   0   4   2   0   6   1   3   3   1   1   1   1   9  29   0   1   4  0.39 0.40
  226 Q   -1 -1  1  1 -2  5  0 -2  0 -2 -2  1 -1 -1 -3  1  0 -4 -2 -1    3   3   8   7   1  29   3   3   2   2   4   7   1   2   1   9   5   0   1   4  0.33 0.35
  227 C   -1 -5  0  5  5 -2 -2 -2  0 -3 -4 -4 -5 -5 -5  3  0 -6 -3 -2    5   0   3  32  11   2   2   2   2   2   1   0   0   0   0  22   5   0   1   4  0.72 0.57
  228 P   -1 -1  1  1  0  2  2 -1 -2 -2 -2  0 -2 -4  3  1 -1 -1 -3 -2    5   2   7   6   2   9  12   5   1   2   3   6   1   0  17  10   4   1   1   3  0.23 0.25
  229 D   -2 -3  2  5 -1 -2  3 -1  0 -3 -5 -3 -5 -4 -1  1 -2 -6 -3 -3    3   1  10  33   1   1  16   4   2   2   0   1   0   1   3  12   2   0   1   2  0.62 0.49
  230 T    1 -2 -1  0 -2  0  2 -3 -1 -1 -2 -1 -1 -3  3  0  2 -2 -3  1   14   1   2   4   1   3  13   1   1   2   3   2   1   1  14   7  12   1   1  11  0.20 0.27
  231 R   -2  2  1  3 -5  1  4 -1 -2 -4 -4  0 -4 -5 -1 -1 -2 -5 -5 -3    3  11   6  16   0   7  30   5   1   1   1   4   0   0   3   5   2   0   0   1  0.49 0.43
  232 V   -3 -6 -1 -3 -5 -3 -4 -4 -6  4  0 -5 -1 -4 -6 -4 -1 -1 -5  6    2   0   4   2   0   1   1   1   0  20   7   0   1   0   0   1   4   1   0  51  1.01 0.66
  233 R    0  6 -3 -4 -1  3  0 -4 -2 -2 -4  2 -4 -6 -4 -2 -3 -2 -5 -3    9  41   1   0   1  14   5   1   1   2   2  11   0   0   1   2   1   1   0   2  0.84 0.60
  234 V   -1  2 -3 -3 -1  2  0 -4 -1  0  0  3 -1 -2 -3 -2  0 -4 -2  2    5  10   1   1   1   8   6   0   2   4   9  18   1   1   1   1   5   0   1  19  0.22 0.29
  235 A    3 -2  2 -1 -2  1  0  1  1 -1 -1 -1 -2 -3 -2  0 -1  1 -1 -1   26   1   9   2   1   6   6   9   3   4   7   3   1   1   1   4   3   2   1   3  0.13 0.23
  236 A    5  0 -3 -5 -2 -5 -5 -1 -5 -1 -1 -4 -4 -5 -5  0 -3 -2 -5  4   48   5   1   0   1   0   0   4   0   2   5   0   0   0   0   6   1   1   0  25  0.89 0.62
  237 L   -3 -1 -3 -6  8 -5 -4 -3 -5 -2  1 -5  2  5  0 -4 -4 -1  1 -3    1   5   2   0  30   0   1   2   0   2  16   0   6  22   5   1   1   1   5   1  1.16 0.64
  238 Q   -1  2 -2 -1 -4  4  5 -1  0 -3 -5 -1 -3 -6  0 -2 -1 -6 -5 -4    4  12   2   3   0  21  33   5   2   2   1   3   0   0   5   2   3   0   0   1  0.72 0.53
  239 N    3 -3  0 -3  8 -4 -1 -3 -5  0 -4 -5 -4  1 -5  0 -1 -5 -4 -1   23   2   5   1  34   0   4   2   0   6   1   0   0   6   0   7   3   0   0   3  1.09 0.57
  240 L   -4 -5 -5 -2 -4 -5 -5 -5 -5  0  5 -5 -1  4 -5 -4 -3  4 -1 -2    1   1   0   2   0   0   1   1   0   4  61   1   1  14   1   2   1   6   2   2  1.21 0.60
  241 V   -1 -4  0 -2  1 -3 -2 -4 -3  0  0 -4 -3 -1 -4 -1  0 -3 -2  6    4   1   5   3   3   1   3   1   1   3   7   1   0   3   1   5   5   0   1  51  0.72 0.44
  242 K    0  2 -1  0 -2  2  0 -2  2 -2 -1  3  2 -2 -2  0  0 -4 -1 -2    8  10   3   5   1  10   4   3   5   2   6  17   6   1   2   8   5   0   2   2  0.20 0.20
  243 I   -3 -5 -5 -6 -4 -5 -5 -5 -5  5  4 -5  1  0 -2 -3 -1 -1 -1  1    2   0   0   0   0   0   0   1   0  36  32   0   2   4   2   1   5   1   2   9  0.92 0.49
  244 M    3 -4 -4 -5 -2 -2 -3 -2 -4  1  2 -4  5 -1 -2 -1 -2 -2 -3  2   22   0   0   0   1   1   1   3   0   7  21   0  14   2   2   6   2   0   1  15  0.50 0.36
  245 S    0  0  0  2 -3 -1  4 -1 -1 -3 -4  0 -3 -2 -2  3 -1 -5 -4 -4    7   4   4  10   1   2  29   4   1   1   1   6   0   2   2  21   3   0   0   1  0.50 0.39
  246 L   -1 -2 -1 -1 -2  0 -1 -3  0  0  2 -2  1  2 -3 -1  2 -3 -1  2    5   1   4   3   1   4   3   1   2   5  22   2   4  10   1   5  12   0   1  15  0.19 0.20
  247 Y   -2  3 -2 -4  3 -2 -2 -5  1 -2  0 -3 -3  0 -4 -3 -3 -2  7 -4    3  16   2   1   6   2   3   1   3   2  10   1   0   3   1   1   1   0  42   1  1.11 0.62
  248 Y   -1 -4 -5 -4 -6 -3 -4 -4  2 -2 -2 -1  1  2  3 -4 -3  1  7 -2    6   1   0   1   0   1   1   1   4   3   4   4   4   7  15   1   2   1  41   2  1.13 0.63
  249 Q   -2 -3 -1  5 -4  1  3 -2 -1 -1 -5  0 -2 -3 -1  0 -1 -6 -5 -3    3   1   2  35   0   7  18   2   1   4   1   6   1   1   3   8   3   0   0   2  0.68 0.45
  250 Y   -2  1 -1 -3 -2 -1 -2 -1  2 -1  0  3 -2  1 -2 -1 -1 -2  3  1    2   6   3   1   1   2   2   5   6   4   9  22   1   7   2   3   3   0  12  10  0.25 0.25
  251 M   -2 -5 -6 -6  0 -5 -2 -6 -6  1  5 -6  6  1 -6 -4 -4 -5 -4 -2    4   0   0   0   2   0   3   0   0   8  52   0  20   6   0   1   1   0   0   2  1.22 0.64
  252 E    0  0 -2  0 -2  1  3 -1 -1  1  0 -1  1 -3  0  0 -1 -4 -4  0    8   6   1   4   1   6  24   5   1  11  10   3   3   0   4   5   2   0   0   5  0.20 0.22
  253 T   -2 -2  0 -1 -1  1  0 -4 -1 -4 -3  0 -3  1  6 -2 -1 -5 -2 -3    4   2   4   4   1   7   7   1   1   1   2   5   1   6  44   3   3   0   1   2  0.94 0.54
  254 Y   -1 -1  0 -1  1  0  0 -4  4  1  0 -1  1  0 -1  0 -1  2  4 -2    3   3   4   3   3   3   7   1  11   9   9   3   4   3   3   7   3   3  16   0  0.24 0.23
  255 M   -3 -3 -1 -4  2 -3 -4 -1  1  2  2 -1  4  2  0 -1 -1 -3  0  0    0   0   4   0   4   0   0   6   4  11  22   4  14   7   5   4   4   0   4   5  0.30 0.26
  256 G    0 -1  0  1 -1  1  2  0  1 -1 -2  0  0 -1  2  0  0 -4 -1 -2    7   3   4   6   1   7  17   7   3   4   3   3   2   3  12   8   5   0   2   3  0.17 0.17
  257 P   -1  0  3  1 -4  2  0  0  0 -1 -2  1 -3 -1  2  1 -1 -4 -1 -2    3   6  14   7   0   9   6   6   2   5   5   9   0   3  10  10   2   0   2   2  0.19 0.19
  258 A    1 -2 -1 -2  0 -1 -1 -2  2  2  0 -1  1  0 -2 -1  1 -3 -1  2   16   1   3   2   2   2   4   3   5  11  10   3   3   4   1   3   9   0   2  17  0.12 0.13
  259 L   -2 -5 -6 -6 -4 -1 -5 -6 -6  5  4 -5  1  1 -6 -5 -1 -5 -4  2    4   0   0   0   0   3   0   0   0  33  34   0   3   5   0   0   4   0   0  13  0.95 0.48
  260 F   -1 -3 -1  0  0 -1  2 -1  1  0 -1 -2  1  4  1 -2 -2  0  1 -1    3   0   3   6   3   3  13   5   3   7   5   2   5  22   7   3   2   1   4   5  0.24 0.21
  261 A   -1 -1  1  0  0  0  1 -1  0 -1 -1 -1 -2  1  1  0  0 -2  4 -1    5   2   8   4   2   5   8   5   2   4   7   4   0   5   8   6   4   0  16   5  0.14 0.15
  262 I   -2 -4 -3 -3  0 -2 -3 -5 -4  3  3 -4  4  1 -5 -2 -1 -4  2  0    4   0   2   1   2   1   2   0   0  20  33   0  10   5   0   3   3   0   7   6  0.55 0.34
  263 T   -1 -2 -4 -4 -1 -1 -2 -3 -4  1  2 -4  4 -1 -4  0  4 -5 -4  1    4   2   0   0   1   3   3   2   0   7  21   0  11   2   0   5  30   0   0   7  0.54 0.38
  264 I   -1 -2  0 -2  2  0 -1 -3  0  2  2 -1  2 -1 -4 -1  0  1 -1  1    6   2   6   1   5   5   4   1   2  13  23   2   5   2   0   4   6   2   2   8  0.16 0.16
  265 E   -1  1  2 -1  0  3  1  0  2 -3 -2  1  0  0  0  0 -2 -3  0 -3    5   7  10   2   2  14  11   6   5   2   4  10   2   4   4   8   2   0   3   1  0.20 0.20
  266 A    3 -3 -3 -3  2  1 -3  1 -3  1 -1 -3  3 -3 -4  2  2 -4 -2 -1   26   1   0   1   4   6   1   9   0   7   6   1   7   1   0  13  12   0   2   4  0.34 0.31
  267 M   -1 -1  1 -4 -2  2 -3 -3 -2  2  1 -1  5 -3 -1 -2  0 -1 -1  1    6   2   8   0   1  10   1   2   1  13  12   4  18   1   3   3   5   1   2   9  0.32 0.28
  268 K   -1  1  1  1 -5  3  0 -1 -1 -3 -3  4 -2 -1 -4  0  0 -4  2 -2    5   8   7   8   0  13   5   4   1   1   2  23   1   2   0   5   6   0   7   2  0.34 0.29
  269 S   -1 -2  0  2  1  0  0  0  1 -4 -3 -1 -1 -1  1  3  0 -4  0 -2    3   2   4  12   3   3   6   6   4   1   2   3   2   3   7  28   5   0   3   3  0.30 0.28
  270 D   -2 -3  0  4 -4  1  3  0  3 -3 -3 -1 -3 -3  1  1 -1 -5 -3 -3    3   1   3  26   0   6  17   6   8   2   3   3   0   1   6  10   3   0   1   2  0.48 0.35
  271 I   -3 -2  2  4 -3  0  2 -1  0  2 -1 -1 -2 -3 -2 -1 -2 -4 -1  0    1   1   9  26   0   3  14   4   2  11   7   3   1   1   1   5   2   0   2   6  0.36 0.27
  272 D   -3 -4  0  4 -6 -2  6 -1 -2 -6 -5 -2 -4 -4  2 -1 -2 -6 -2 -3    2   1   3  20   0   1  44   4   1   0   1   1   1   1  10   5   2   0   2   2  0.99 0.58
  273 E   -1 -1  1  3 -4  1  4 -2 -1 -1 -2  0 -3 -2  0 -1 -1 -3 -2 -1    5   3   6  17   0   5  28   2   1   4   4   4   0   2   4   5   2   0   1   4  0.37 0.29
  274 V   -2 -4 -5 -5  0 -3 -4 -4 -5  3  2 -3 -1  0 -5 -1 -2 -5 -4  5    4   1   0   0   2   1   1   1   0  16  17   1   1   3   0   5   1   0   0  45  0.87 0.47
  275 A    5  0 -4 -5 -1 -2 -3 -1 -5 -1 -1 -2 -4 -5 -4  0 -2  0 -4  1   51   6   1   0   1   1   1   5   0   3   6   3   0   0   1   7   1   1   0   9  0.73 0.48
  276 L   -3 -1 -5 -5  2 -1 -3 -4 -3  2  5  0  1 -3 -3 -1 -3 -5 -4  0    2   4   0   0   4   3   2   2   1   9  51   7   2   1   1   5   1   0   0   5  0.66 0.41
  277 Q   -1 -2 -3  0 -2  5  3 -3 -1 -4 -1  0  2  0  0 -1 -3 -5 -3 -3    5   1   1   6   1  27  22   2   1   0   8   6   5   5   5   3   1   0   1   2  0.55 0.42
  278 G    5 -4 -2 -4  2 -4 -4  2 -5 -1 -1 -4 -2 -3 -4 -1 -2 -5 -5 -2   54   1   2   1   4   0   0  17   0   3   6   0   1   1   1   4   2   0   0   2  0.94 0.56
  279 I   -1 -5 -5 -1  7 -4 -4 -3 -5  4  1 -5  1 -1 -2 -3 -1 -5 -4  2    6   0   0   4  20   0   1   2   0  25  12   0   4   2   2   1   3   0   0  16  0.77 0.41
  280 E   -4 -3 -3 -1 -6  2  7 -3 -1 -6 -4 -1 -3 -2 -5 -2 -3 -6 -3 -6    1   1   1   3   0   8  68   2   2   0   2   3   1   2   0   2   2   0   1   0  1.56 0.79
  281 F   -2 -6 -3 -1  3 -6 -2 -4 -5 -1 -1 -6  0  8 -6 -1 -5 -4  0 -3    3   0   1   4   6   0   4   1   0   3   6   0   2  59   0   5   0   0   2   2  1.53 0.71
  282 W   -7 -7  2  1  0 -6 -7 -2 -7 -4 -2 -7  0 -2 -7 -2 -6 12 -4 -7    0   0  10   9   2   0   0   3   0   1   5   0   2   1   0   4   0  61   0   0  2.83 1.17
  283 S   -1  1  1 -2  1 -1  0 -1 -1  0  1 -1 -1 -2 -3  3  1 -4 -3 -1    5   7   6   2   3   2   5   4   1   5  17   2   1   1   1  27   7   0   1   3  0.21 0.24
  284 N    1 -3  3 -1 -2 -1  0 -2 -3 -2 -3 -1  1 -5 -3  2  4 -2 -4 -2   13   1  15   3   1   2   6   2   0   2   1   3   4   0   1  16  26   1   0   2  0.50 0.39
  285 V   -3 -3 -3 -4 -2 -3 -2 -5 -4  4  2 -5  0  2 -5 -3 -3 -4  2  4    2   1   1   1   1   1   3   0   0  24  18   0   2   7   0   1   1   0   7  28  0.70 0.40
  286 C    3 -4 -2  0  8 -3  0 -1 -5 -5 -3 -3 -2 -4  0  0 -2 -3 -1 -4   24   1   2   5  34   1   7   5   0   0   2   1   1   1   6   6   2   0   2   1  1.03 0.56
  287 D   -1 -3 -1  5 -3 -1  5 -2 -2 -5 -5 -2 -3 -2 -2  1 -2 -5  0 -4    5   1   2  29   0   2  34   2   1   0   1   2   1   2   2   9   2   0   4   1  0.83 0.50
  288 E   -1  0  0  1 -3  2  4 -2  1 -1 -2  0 -2 -4 -3  0  0 -4 -2  0    4   5   5   7   0   9  31   2   3   4   3   4   1   1   0   8   5   0   1   7  0.38 0.30
  289 E   -3 -2 -3  0 -6  1  6 -3 -3 -4  0 -3 -3 -5 -1 -2 -3 -6 -2 -3    2   2   1   4   0   6  57   3   0   1  10   1   1   0   3   3   2   0   2   2  1.12 0.65
  290 M   -2  2 -2 -1 -2  1  2 -3 -1  3  0 -1  2 -1 -3 -2 -1 -1 -1  0    2  13   1   3   1   6  13   2   1  22   9   3   6   2   1   3   4   1   2   5  0.26 0.23
  291 D   -1 -2  0  5  1 -1  2 -3  1  0 -3 -1 -3 -3 -1 -1 -1 -4 -3  0    6   2   4  34   3   2  14   1   3   5   2   3   0   1   4   3   3   0   1   7  0.54 0.36
  292 L   -3 -1 -4 -1 -2  0 -2 -5 -5  4  4 -2  1 -1 -1 -4 -2  0 -2 -1    2   3   1   3   1   4   2   1   0  26  37   2   4   2   3   1   2   1   1   2  0.64 0.39
  293 A    2  1 -1 -1 -2  1  1 -2 -2  1  0  1  1 -2 -3  0 -1 -2 -1 -1   22   7   2   2   1   6  12   2   0   9   8   9   4   1   1   5   2   0   2   4  0.17 0.18
  294 I   -2 -2 -2  0 -2 -1  1 -2 -2  3  3 -2  1 -2  1 -1 -2  0 -1  0    3   2   1   5   1   2   9   3   1  17  27   3   3   1   7   5   1   1   2   6  0.25 0.21
  295 E   -2  0  3  1 -4  2  4 -2 -2 -3  1 -1 -1 -3 -1 -1 -2 -4 -3 -2    3   4  17   7   0   9  24   3   1   1  13   3   2   1   3   3   2   0   1   2  0.40 0.31
  296 A    2  0  1  1 -1 -1  0 -1 -1  0 -1  0  1 -1 -1  0 -1 -2  0 -1   20   4   7   8   1   2   7   5   2   7   7   6   4   3   3   5   4   1   3   3  0.07 0.10
  297 S    0  1  0  0 -2  1  1  1  0 -1  0  0 -1 -1  0  0 -1 -1  0 -1    7   8   4   6   0   6  10  11   2   5  13   4   1   3   3   7   2   1   3   2  0.05 0.07
  298 E   -2 -1  3  3 -4  1  4 -2  2 -4 -4 -2 -4 -1 -1 -1 -3 -4  0 -3    3   2  12  18   0   6  27   3   5   1   1   2   0   3   3   5   1   0   4   2  0.55 0.36
  299 A    3 -1 -2  0  0  0 -1 -2 -1 -1 -1 -1 -2  1 -3  0 -2  6  0  0   29   4   1   6   2   4   4   3   1   3   5   3   1   5   1   6   2  10   3   6  0.36 0.27
  300 A    1 -1  0  1 -3  1  2 -1 -1 -2  0  0 -1 -2  0  0  1 -3 -2 -1   14   3   3   7   0   8  12   5   1   1  12   6   1   2   4   5   9   0   1   4  0.11 0.14
  301 E    0 -3 -2  2 -2  2  5 -2 -1  0 -3 -2 -3 -4  0 -2 -2 -5 -4  1    8   1   2  13   1   7  33   3   2   6   2   2   1   1   4   3   2   0   0  10  0.53 0.37
  302 Q   -1  1  0  3 -3  4  2 -2  0 -3 -3  0 -2 -1 -2 -1 -1 -2  1 -3    5   7   4  18   1  17  13   3   2   1   3   6   1   3   2   5   3   1   5   1  0.37 0.28
  303 G   -1 -3  0  0 -3 -2  0  3 -2  2 -1 -3 -1 -3 -2  0 -1 -3  3 -2    4   1   5   6   0   1   7  25   1  15   7   2   1   1   2   7   3   0  11   2  0.33 0.26
  304 R   -1  3 -2  1 -4  0  1 -2 -2  1 -3  3 -1 -3 -3  0 -1 -3 -3 -1    4  17   1   8   0   3   9   3   1   9   2  20   2   1   1   8   4   0   1   4  0.33 0.26
  305 P   -1  0 -1  1 -2 -1  0 -2 -1 -1 -2  1 -3 -3  5  0  0 -2 -3  0    5   4   3   7   1   3   5   3   1   4   4  10   0   1  29   8   6   1   1   6  0.44 0.32
  306 P   -1  2 -1 -1 -3  0  0 -2 -1 -2 -3 -2 -2 -3  4  2 -1  2 -2  0    6  11   3   3   0   4   7   2   1   2   2   2   1   1  24  16   3   2   2   6  0.42 0.35
  307 E   -1 -2  0  2 -3  0  2 -3  0 -2  0  1  0  2 -1  0  0 -2 -1 -2    5   2   4  12   1   3  16   1   2   2  11   7   3   9   3   7   4   1   2   3  0.16 0.18
  308 H    0  3  1 -1  0 -1 -1 -2  4  1  1 -1 -2 -1 -2 -1 -2 -3 -2  0    8  15   6   3   2   3   3   2  12  10  12   4   1   3   2   4   2   0   1   7  0.19 0.19
  309 T   -1  1  0 -2 -1  2  1 -2  0  0 -2  3 -1 -3  1  0  0 -4 -2  0    5   6   4   2   1  10  10   3   3   5   3  18   1   1   8   5   6   0   1   7  0.19 0.20
  310 S   -1 -2  1 -2  4 -1 -1 -1 -2 -3 -3  0 -2  0  0  4 -1 -5  0 -3    4   2   7   2   9   2   4   4   1   2   2   7   1   4   5  34   3   0   3   2  0.47 0.40
  311 K   -3  3  1  0 -2  1 -1 -4  2 -3 -1  3  3  1  0 -2 -3 -3  2 -3    2  13   6   5   1   6   3   1   6   1   6  20   7   7   4   2   1   0   7   1  0.36 0.30
  312 F   -1 -1  4 -1 -4  0 -1 -1  4 -1 -3  0 -3  3 -3 -1  1 -4  2 -1    4   3  19   3   0   3   4   6  10   3   3   5   0  12   1   3   8   0   7   5  0.34 0.29
  313 Y   -2 -3 -2 -5 -6 -2 -4 -4  3 -1  1 -3 -2  6 -4 -1 -3 -4  6  0    3   1   2   1   0   2   1   1   6   4  13   2   1  26   1   5   2   0  23   6  0.87 0.52
  314 A    4 -4 -3 -4 -1 -2 -2 -2 -1  2 -3 -1 -1 -1 -2  2  1 -6 -4  0   37   1   1   1   1   1   2   3   2  10   2   3   2   2   2  13   8   0   0   8  0.50 0.40
  315 K   -1  3  0 -1 -5  1  1 -1 -2 -2  0  3 -1 -5  1 -1 -1 -6 -3 -3    4  13   4   3   0   6  11   5   1   2  10  21   1   0   6   5   4   0   1   2  0.31 0.29
  316 G    0 -1  0  1 -3  3  0  1  0 -1 -2  2 -1 -2  0 -1  0 -5 -3  0    8   2   4   8   1  12   4  13   2   4   3  14   1   2   5   4   5   0   1   7  0.17 0.19
  317 A    4 -1 -1  0 -1 -2 -3 -1  3  2 -2  0 -1 -5 -3  0 -2 -6 -2 -1   36   3   2   7   1   1   1   4   7  11   4   6   1   0   1   6   2   0   2   5  0.44 0.36
  318 L    0 -4 -1 -1 -1 -1  1 -1  1  0  4 -3  1 -2 -4 -1 -1 -5 -2 -1    7   1   2   4   2   3   9   5   3   5  40   1   3   1   1   5   3   0   1   3  0.38 0.33
  319 Q    0 -1  1  1 -3  3  2  0 -2 -3 -4  0 -2 -4  3  1 -1 -4 -4 -4    7   3   5   6   1  15  15   8   1   1   2   6   1   1  13  10   3   0   0   1  0.38 0.35
  320 Y   -1 -1 -1  2 -3  0  2  1  3 -2  0 -2  0  1 -3  0 -1 -3  2 -1    3   4   3  13   1   3  13  11   7   2   8   2   2   7   1   5   3   0   7   3  0.19 0.21
  321 L   -3 -3 -3 -1 -3 -2 -1 -1 -4  3  4 -5  2 -1 -5 -3 -3 -6 -5  2    2   1   1   4   1   2   5   6   0  13  41   0   5   3   1   2   1   0   0  13  0.64 0.42
  322 V   -1 -4 -3  1  2 -3  0 -2  0  2  1 -1  3 -2 -3 -3 -2 -6 -4  4    4   1   1   9   4   1   6   4   2  13  11   4   7   1   1   2   2   0   0  27  0.40 0.31
  323 P   -1 -6 -2  2 -5 -2  2 -1 -5 -4 -5 -4 -7 -8  7 -3 -4 -8 -5 -6    5   0   2  11   0   2  11   5   0   1   2   1   0   0  56   2   1   0   0   0  1.59 0.91
  324 I   -2 -1  0  2 -1 -2  1 -2 -2  3  1 -2  2 -2 -3 -2 -1 -4 -2  2    3   4   4  12   1   1  10   3   1  18  13   2   4   2   1   2   3   0   1  16  0.28 0.24
  325 L   -2 -6 -2  2  0 -3  1 -2 -6 -1  5 -4  1  1 -5 -3 -1 -6 -4 -1    4   0   2  11   2   1   8   4   0   2  49   1   3   5   0   2   4   0   0   3  0.71 0.48
  326 T   -1 -4 -1  2 -1 -1  0 -4  1 -2  3 -3  1 -1 -5 -1  2 -4 -1 -2    4   1   2  14   1   3   7   1   4   2  33   1   4   3   0   5  11   0   2   2  0.38 0.33
  327 Q   -2 -2  0  3 -7  3  5 -3 -1 -3 -4 -1 -2 -6 -2 -1 -1 -1 -4 -2    4   2   5  14   0  11  36   2   2   2   2   4   1   0   2   4   4   1   1   3  0.73 0.52
  328 T    0 -3 -1  3  0 -1  0 -1 -3 -1  2  0  1 -3 -2  1  2 -3 -4 -2    6   1   3  15   2   2   6   5   1   4  18   5   4   1   2   9  14   0   0   1  0.22 0.24
  329 L   -2 -2 -2  2  0 -2  2 -2 -3  0  4 -3  3 -2 -3 -2 -2 -3 -1 -2    2   2   2  12   2   1  13   4   1   4  36   2   6   1   2   3   2   0   2   3  0.42 0.34
  330 T    0 -4 -1  3  1 -2  0 -2 -3 -1  0 -2 -1 -2  2  0  3 -5 -3 -1    9   1   2  15   3   1   7   3   1   4  10   2   2   2  11   6  18   0   1   5  0.27 0.27
  331 K   -2  1 -1  3 -4  0  2 -1  2 -3 -2  4 -3 -2 -4 -1 -3 -6  0 -3    3   7   3  18   0   4  11   6   4   2   4  25   0   2   0   4   1   0   3   2  0.48 0.37
  332 Q   -2 -1 -1  3 -2  5  1  0  0 -2 -1 -2  0 -2 -2 -2 -1 -2 -2 -3    3   4   3  15   1  30   7   7   2   3   6   2   2   2   2   3   3   1   1   2  0.51 0.42
  333 D   -2 -2  2  5 -6 -1  3  0  0 -2 -3 -2  0 -1 -2 -1 -2 -5 -1 -3    4   2   8  28   0   3  19   7   2   2   2   2   3   3   3   4   2   0   2   2  0.52 0.40
  334 E   -1 -1 -2  3  0 -1  5 -1  0 -2 -4 -2 -1 -2 -2 -1 -2  1 -2 -3    4   3   2  16   2   2  40   5   2   2   2   2   2   2   2   4   2   2   2   2  0.70 0.52
  335 N   -2  0  2  5  0  0  1 -1  1 -2 -2 -2  0 -2 -1 -1 -2 -6 -1 -3    2   5   9  33   2   3  10   5   4   2   4   2   2   2   3   5   2   0   2   2  0.53 0.40
  336 D    0 -2 -1  5 -6  1  2 -2 -1  0 -2 -2  0 -2 -1 -1 -2 -6 -2 -2    8   2   2  34   0   6  13   4   1   5   4   2   2   2   3   4   2   0   1   3  0.58 0.43
  337 D   -2 -2 -2  5 -1 -2  2 -1 -1 -3 -3 -1  0 -2  0  0 -1  0 -2 -2    4   2   2  35   1   2  14   5   2   2   2   4   3   2   4   6   5   1   2   3  0.58 0.43
  338 D   -2 -4 -1  5 -2 -1  3 -2 -1 -1 -1 -3 -1 -2  0  0 -1 -6  0 -1    3   0   2  32   1   2  16   3   2   5   7   1   1   2   5   7   4   0   3   4  0.50 0.41
  339 D   -2 -3  2  5 -6 -2  2 -2 -1 -3 -3 -3 -1 -3 -2  2  0 -6 -5 -3    3   2   9  36   0   2  11   3   1   2   3   1   2   1   2  13   6   0   0   2  0.71 0.50
  340 D   -1  0  0  4 -1  0  4 -2  0  0 -3  0 -2 -3 -4 -1 -1 -5 -5 -1    5   5   3  24   2   3  24   4   2   5   2   4   1   1   0   4   4   0   0   5  0.47 0.37
  341 W   -7 -4 -4 -1 -1 -3 -3 -4 -7 -3 -2 -4 -2 -3 -3 -2 -7 12  0 -7    0   1   1   5   1   2   2   2   0   2   5   1   1   1   2   3   0  67   3   0  3.03 1.37
  342 N    0 -1  7  0 -3 -4 -1 -1 -2 -4 -3 -3 -3 -6 -3  0  3 -6 -5 -4    8   4  44   6   1   0   3   4   1   1   3   1   1   0   1   7  15   0   0   1  0.96 0.62
  343 P   -3 -3 -2 -4  0 -2 -5 -6 -5  3  3 -3 -1 -1  3 -1 -2  0 -4  2    2   1   3   1   2   2   0   0   0  13  33   2   1   3  16   4   2   2   0  15  0.60 0.44
  344 C    1  6 -3 -1  3 -1 -2 -3  1 -2 -5 -3 -5 -2 -1  3 -3 -6 -2 -4   11  37   1   3   6   3   2   2   4   2   0   0   0   2   4  19   1   0   1   1  0.77 0.56
  345 K   -3  3 -2 -3 -6 -2  0 -3 -3 -4 -1  6  5 -3 -2 -3 -2 -6 -3 -3    1  13   2   2   0   1   5   2   0   1   5  43  15   1   2   2   2   0   1   2  0.94 0.62
  346 A    5 -4 -3 -2  8 -3 -4 -2 -2 -3 -3 -5 -5 -4 -6  2 -3 -6 -3 -4   39   1   1   2  29   1   1   3   1   1   2   0   0   1   0  14   1   0   1   1  1.33 0.76
  347 A    5 -2 -1 -4 -1 -4  0  1 -4 -5 -2 -4 -4 -2 -4  4 -3 -5 -5 -4   44   2   3   0   1   0   5  10   0   0   4   0   0   2   0  26   1   0   0   0  0.85 0.56
  348 G    4 -1 -3 -2 -1 -2 -2  3  0 -2 -2 -2 -1 -2 -4  0 -2 -4  1 -1   37   3   0   3   1   2   2  23   3   2   4   2   1   2   0   5   1   0   5   3  0.50 0.38
  349 V    3  1 -1 -1 -1  0  0 -3  1 -1 -3  0 -2 -2 -3  1  2 -1 -2  1   25   8   2   3   1   4   5   1   4   3   1   5   0   2   0   8  13   1   1  13  0.24 0.26
  350 C    3 -5 -5 -6  9 -5 -3 -2 -5  1 -2 -3  2 -2 -3  0 -1 -6 -4 -1   23   0   0   0  37   0   2   3   0   8   3   1   4   2   1   6   4   0   0   4  1.18 0.61
  351 L   -4 -1 -6 -1 -5 -5 -6 -6 -2  2  6 -5 -1 -1 -6 -3 -5 -5 -5 -1    1   4   0   4   0   0   0   0   1  11  68   0   1   2   0   2   0   0   0   3  1.26 0.66
  352 M   -1 -2 -1  5 -1  2  1  1 -4 -5 -4 -1  3 -6 -4  1  0 -6 -5 -2    4   2   2  34   2   8   8  10   0   0   1   3   7   0   0   9   6   0   0   3  0.62 0.44
  353 L   -1 -3 -2 -1  1 -2 -2 -2 -3  0  3 -3  0 -1 -4  0  0 -3  0  3    5   1   2   3   3   1   3   3   0   4  35   1   2   3   0   6   5   0   3  20  0.35 0.29
  354 L    0 -2 -5 -5  0 -2 -5 -3 -5  2  4 -4  3  2 -3 -2 -4 -1  0  0    8   2   0   0   2   2   0   2   0  12  39   0   8   9   1   4   0   1   3   6  0.58 0.38
  355 A    6 -5 -5 -3 -2 -2 -1 -3 -5 -2 -4 -4 -5 -3 -4  3  0 -6 -5 -1   57   0   0   1   1   2   4   1   0   2   1   0   0   1   1  19   5   0   0   4  1.07 0.66
  356 T   -2  2  3 -2 -2  4  1 -2  0 -3 -2 -1 -1 -4 -4  0  2  1 -2 -1    2  11  14   1   1  21   9   3   2   2   4   2   1   0   0   6  12   2   1   4  0.42 0.37
  357 C    0 -2  1  0  6 -1 -2 -2 -3  1  1 -3 -2 -2 -3 -2  1 -5 -2  3    9   3   6   5  17   2   2   3   1   6  11   1   0   2   1   2   9   0   1  19  0.35 0.29
  358 C   -2 -5 -4  0  4 -3 -4 -5 -3  0  0 -5  0  5  0 -3 -2 -2  1  3    3   0   1   7  10   1   1   0   0   4   9   0   2  23   6   2   2   1   5  22  0.59 0.40
  359 E   -2  1 -1 -2 -1 -1  1  4  2 -5 -4  1 -4 -6  3 -2 -3 -5 -5 -3    2   8   2   2   1   3  10  35   4   0   1   8   0   0  15   3   1   0   0   2  0.64 0.43
  360 D   -2 -2  2  5 -5  0  1  0 -2 -2 -4  0 -3 -4 -3  1 -1 -6 -3 -3    3   2  11  37   0   3   6   8   0   2   2   6   1   1   1  10   3   0   1   2  0.63 0.43
  361 D    0 -1 -1  4 -5  1  3 -2  3 -2 -2 -1 -3 -5  1  0 -1 -5 -1 -3   10   2   3  21   0   7  21   2   7   2   4   3   0   0   7   5   3   0   2   1  0.41 0.33
  362 I   -3 -6 -6 -6  1 -3 -2 -6 -6  5  2 -5  1 -1 -6 -4 -3 -6 -4  5    1   0   0   0   3   1   4   0   0  33  14   0   3   2   0   1   1   0   0  36  1.05 0.57
  363 V   -3 -2 -3 -3 -3 -3 -2 -4 -2  1  3 -3  0  4 -5 -4 -3 -4 -1  3    2   2   1   2   0   1   4   1   1   8  30   1   1  17   0   1   1   0   2  25  0.62 0.40
  364 P   -2 -3  0  2 -6  2  1 -2 -1 -3 -4 -1 -4 -3  6 -1 -2 -6 -4 -4    3   1   4  11   0   8  11   4   2   2   2   3   0   1  40   3   2   0   1   1  0.91 0.55
  365 H    0 -2 -2 -1  0  0 -3 -4  4  1  0 -2 -2 -1  4 -1  0 -4  2  0    8   2   2   4   2   3   1   1  10   8  11   2   1   3  19   4   7   0   7   7  0.28 0.24
  366 V   -1 -5 -5 -1 -3 -5 -5 -6 -5  2  3 -5  0  0 -5 -3 -1 -5 -3  5    4   0   0   4   0   0   0   0   0  11  27   0   1   3   0   2   4   0   1  41  0.85 0.49
  367 L   -4 -1 -4 -1 -4 -4 -5 -5 -1  2  4 -3  5  1 -5 -3 -1 -1 -2  0    1   4   1   4   0   0   0   1   2  10  43   1  15   7   0   1   4   1   1   5  0.74 0.45
  368 P   -2 -2  0 -1 -1  1  2 -4 -1 -4 -5 -2 -1 -4  7 -1  0 -6 -5 -4    3   2   4   4   2   7  11   1   2   1   1   3   2   1  48   4   5   0   0   1  1.12 0.63
  369 F   -3 -4 -5 -6 -5 -3 -2 -4  0  1  1 -3 -2  7 -3 -3 -3  0  3 -3    2   1   0   0   0   2   3   1   2   7  15   2   1  49   1   2   1   1   9   2  1.22 0.62
  370 I   -1 -3 -5 -3 -4 -3 -5 -6 -5  5  3 -5 -1 -2 -5 -4 -3 -5 -4  4    5   1   0   2   0   1   0   0   0  31  24   0   1   1   0   1   1   0   0  30  0.94 0.51
  371 K   -3  0 -1  0 -5  3  3 -3 -1 -3 -3  3 -1 -2 -4  1  0 -5 -1 -2    1   4   2   4   0  14  22   1   1   1   2  21   2   2   0  10   5   0   2   3  0.48 0.38
  372 E    1 -1  1  2 -3  3  4 -1 -2 -3 -2  0 -3 -5 -2  1  0 -5 -3 -2   12   2   5   9   1  13  26   4   1   1   3   5   1   0   2   8   5   0   1   4  0.37 0.32
  373 H   -4  0  6 -1 -5 -3 -2 -2  4 -5 -2  0 -3 -2 -5 -1  1 -5  2 -4    1   5  39   3   0   1   3   2   9   0   5   7   1   2   0   4   9   0   8   1  0.82 0.52
  374 I   -4 -4 -5 -3 -2 -5 -3 -6 -5  5  4 -5  2  2 -5 -3 -3  0 -2  0    1   1   0   2   1   0   2   0   0  32  36   0   5   9   0   2   1   1   1   5  0.90 0.50
  375 K    0  2  1 -2 -2  2 -1 -2  0 -3 -2  2 -2  2 -3  1  1  0  0 -2    7   9   6   1   1  10   3   3   3   1   3  14   1  10   1  13   9   1   3   2  0.21 0.23
  376 N   -2 -3  3  2 -2 -2 -2 -2  7 -3 -5 -1 -5 -5 -4  4 -3 -6 -1 -3    3   1  14   9   1   1   1   3  25   2   1   3   0   0   1  28   1   0   2   2  0.91 0.57
  377 P    0 -3  0  1 -2  3  2 -3 -2 -2 -5 -2 -4 -4  4  1  1 -5 -3 -3    7   0   4   7   1  13  15   1   1   2   1   2   0   1  22  13   9   0   1   1  0.55 0.42
  378 D   -3 -4  3  6 -6  0  3 -3  0 -5 -5 -2 -4 -6 -3 -1 -3 -6 -5 -4    2   0  14  45   0   4  18   2   2   1   1   2   0   0   1   4   1   0   0   2  1.11 0.62
  379 W   -4 -7 -5 -7 -2 -6 -5 -4 -4 -7 -5 -4 -6 -3  2 -6 -5 12 -3 -4    2   0   1   0   1   0   1   2   0   0   1   2   0   1  10   0   1  74   1   2  3.54 1.38
  380 R   -2  4  1 -3 -3  1  0 -4  4 -2 -2  2 -1 -3  1 -2 -2 -2 -1  0    2  23   8   1   1   6   6   1  10   2   5  13   1   1   6   2   2   0   1   7  0.40 0.31
  381 Y   -2  0  1 -1  0  2  0 -4  3  0  0 -1 -2  1 -3 -1 -2 -2  4  0    2   5   7   3   3  10   5   1   8   6   9   4   1   5   1   5   1   0  17   8  0.25 0.25
  382 R   -5  8 -5 -5 -1 -1 -1 -6 -3 -3 -5  3 -5 -3 -6 -5 -4 -6 -5 -3    1  67   0   0   2   2   3   0   1   2   1  16   0   1   0   0   1   0   0   2  1.83 0.87
  383 D   -4  0 -1  3 -6  0  6 -5 -1 -4 -6  0 -3 -3 -5 -2 -4 -6 -2 -4    1   4   2  12   0   4  58   0   1   1   1   6   1   1   0   3   0   0   2   1  1.25 0.67
  384 A    6 -4 -2 -3 -1 -4 -4  0 -5 -4 -4 -4 -3 -5 -4  3 -1 -6 -5 -2   61   1   2   1   1   0   0   6   0   1   1   0   1   0   0  18   3   0   0   2  1.17 0.66
  385 A    6 -5 -5 -2 -5 -5 -5  2 -5 -5 -5 -3 -5 -6 -5  1 -2 -6 -6 -4   65   0   0   2   0   0   0  17   0   0   0   1   0   0   0  10   3   0   0   0  1.39 0.73
  386 V   -2 -5 -5 -6  0 -5 -5 -6 -5  5  1 -5  4 -2 -5 -3  1 -5 -4  4    3   0   0   0   2   0   0   0   0  28  12   0   9   2   0   1   7   0   0  32  0.93 0.49
  387 M   -3 -3 -4 -1 -2 -3 -5 -5 -5  0  4 -3  6  0 -5  0 -1  1  0 -1    1   1   1   3   1   1   0   0   0   4  42   1  19   4   0   7   4   2   4   3  0.77 0.46
  388 A    6 -5 -5 -2 -1 -4 -4 -3 -5 -3 -4 -4 -2 -1 -2  0  0 -5 -5  1   65   0   0   2   1   0   0   1   0   1   1   0   1   3   2   5   6   0   0   9  1.16 0.64
  389 F   -5 -5 -6 -3 -5 -5 -5 -6 -5  0  4 -5  0  7 -6 -5 -5 -2  0 -2    1   0   0   2   0   0   0   1   0   4  45   0   2  38   0   1   0   0   2   2  1.39 0.63
  390 G   -2 -6 -3 -2 -4 -5 -5  7 -6 -3 -5 -5 -6 -3 -6 -2 -4 -6 -6 -5    3   0   1   2   0   0   0  82   0   2   1   0   0   1   0   3   1   0   0   1  1.97 0.84
  391 C    4 -3 -3 -1  3 -3 -4 -3 -4 -3 -3 -4 -4 -1 -4  3 -1 -5 -2  1   39   1   1   3   6   1   0   1   0   1   2   0   0   2   0  26   2   0   1  12  0.74 0.49
  392 I   -1 -5 -5 -2 -2 -5 -5 -5 -5  7 -1 -5  1 -4 -5 -1 -1 -5 -4  3    5   0   0   2   1   0   0   1   0  57   5   0   3   0   0   4   3   0   0  16  1.24 0.58
  393 L    3 -4 -4 -5 -1 -4 -4 -3 -4  1  3 -4  3  0 -4  0 -2 -4 -3  1   26   0   0   0   1   0   0   2   0   7  30   0   9   4   0   7   1   0   0  10  0.55 0.37
  394 E   -4 -1  0  3 -6 -2  7 -3 -2 -5 -4 -1 -5 -6 -5 -2 -3 -6 -4 -3    1   3   4  14   0   0  62   2   1   1   2   3   0   0   0   3   2   0   1   2  1.34 0.69
  395 G   -3 -3 -2 -3 -6 -5 -2  7 -6 -4 -7 -3 -3 -6 -3 -2 -2  1 -4 -4    2   1   2   2   0   0   3  76   0   1   0   1   1   0   1   3   2   2   1   1  1.70 0.78
  396 P   -3 -6 -6 -3  9 -3  0 -5 -6 -2 -3 -4 -3 -3  6 -3 -3 -6 -6 -4    2   0   0   2  40   1   6   1   0   3   3   1   1   1  34   1   2   0   0   1  1.79 0.80
  397 E   -2 -3 -1  3  1 -1  0  0 -2 -2 -2 -2  5 -2 -3  3  0 -1 -3 -3    3   1   3  19   3   2   6   7   1   2   3   2  18   2   1  21   5   1   1   1  0.46 0.35
  398 P    0  0 -1 -1 -1  2  0 -2 -1  1  0  0  0 -1  2  0  0  0 -2  1    8   4   2   3   1  10   6   2   1  11   7   6   2   2  11   6   6   2   1   9  0.10 0.10
  399 S   -1 -3  2  2 -4  0  3  2  0 -3 -4  2 -3 -5 -4  1 -1 -5 -4 -3    6   0  10  13   0   3  23  14   2   1   1  11   0   0   0   8   4   0   0   2  0.44 0.33
  400 Q    0 -1 -1 -2 -3  1  0  1 -1 -1  0  1  4  0 -2 -1  0 -2  1  1    6   2   2   2   0   8   5  10   1   2   6  10  13   4   1   2   6   0   5  13  0.13 0.18
  401 L   -2 -4 -5 -4 -4 -3 -3 -6 -4  4  4 -4  4  0 -5 -4 -2 -4 -2  1    4   1   0   1   0   1   2   0   0  22  41   1  11   3   0   1   2   0   1   8  0.83 0.45
  402 K    1  0  0  0 -3  1  1 -1 -1 -1 -1  2 -1 -1 -1  0  2 -3  1  0   10   4   3   4   0   6   9   3   1   3   5  14   2   2   2   6  15   0   5   6  0.12 0.14
  403 P   -3 -3  0  0 -6  1 -1 -2 -3 -3 -3 -4 -3 -5  7 -1 -2 -6 -4 -3    1   1   4   6   0   7   4   3   1   1   2   1   1   1  58   4   3   0   1   2  1.44 0.71
  404 L   -3 -2 -2 -5 -1 -2 -3 -3  4  1  3  0  2  0 -2 -3 -2 -4  2  0    2   1   2   0   1   2   1   2  11   9  35   6   4   3   2   1   2   0   9   5  0.42 0.33
  405 V   -1 -5 -2 -5  0 -5 -5 -6 -5  3  3 -5  2 -1 -2 -3 -2 -5 -4  4    4   0   2   0   2   0   0   0   0  12  31   0   5   2   3   2   2   0   0  32  0.76 0.44
  406 I    0  0  1  0 -3  1  1  0  2 -1 -2  0  0 -1  3  0  0 -4 -1 -1    6   4   8   5   0   5  10   5   5   4   3   6   2   3  14   8   6   0   2   3  0.16 0.14
  407 Q   -1 -1  0  0 -5  5  3 -3  1 -2 -3  1 -1 -2  1  0 -1  1 -1 -2    5   3   3   4   0  26  16   2   4   3   2   6   1   2   6   6   4   2   2   2  0.40 0.33
  408 A    3 -4 -2 -4  0 -3 -4  0 -4  2  2 -2  0  0 -2 -1 -1 -4 -3  1   29   0   2   0   2   0   0   8   0  13  17   2   2   3   2   4   4   0   0  10  0.35 0.28
  409 M   -3 -4 -5 -5 -1 -4 -5 -3  0  3  3 -3  4  1 -5 -4 -2  4  0  2    2   0   0   0   2   0   0   2   2  16  31   2  12   7   0   0   2   5   3  14  0.66 0.36
  410 P    0 -2 -1  1 -5  0 -2 -1  0 -3 -3 -2 -4 -1  6 -1 -1 -6 -5 -3    9   2   3   7   0   4   3   6   3   1   3   2   0   3  44   5   3   0   0   2  0.89 0.50
  411 T   -1 -2 -1 -3 -1 -2 -1 -2  2  2  0 -2  1  4  0 -1  0 -1  2  1    4   2   3   1   1   1   4   2   5  11   9   1   3  21   5   3   6   1   8   8  0.23 0.20
  412 L   -4 -5 -6 -6 -4 -5 -3 -6 -5  3  5 -5  2  1 -3 -5 -2  0 -2  1    0   0   0   0   0   0   2   0   0  16  55   0   5   5   1   0   2   1   1   9  1.00 0.52
  413 I   -2 -5 -5 -3  0 -3 -2 -4 -5  5  3 -4  1  1 -3 -3 -2  0 -2  2    4   0   0   2   2   1   4   1   0  33  29   0   3   5   1   1   2   1   1  10  0.64 0.38
  414 E    0  1  2  0 -1  2  2  0  1 -3 -3  0 -2 -4  0  1  0 -4  0 -2    7   6  12   5   1   8  14   8   3   1   2   6   1   0   5   9   4   0   3   2  0.20 0.18
  415 L    2 -1 -2 -4  3 -1 -3 -1  0 -1  2 -2  4 -1 -4 -1 -1 -2  0 -1   17   3   1   0   7   3   1   6   3   1  25   2  12   2   0   4   4   1   3   3  0.29 0.26
  416 M   -3 -5 -5 -6  1 -3 -5 -6 -5  1  5 -5  6  0 -5 -4 -1 -5 -4 -1    2   0   0   0   2   1   0   0   0   5  52   0  23   3   0   1   4   0   0   4  1.17 0.58
  417 K   -1  1  2  2 -1  2  1 -1  0 -4 -4  3 -3 -3 -3  1 -1 -4 -1 -3    4   7  11  11   2   8  10   4   2   0   1  20   0   1   1  11   3   0   3   2  0.32 0.25
  418 D   -4 -5  1  8 -6 -4 -1 -4  1 -5 -6 -4 -6 -4 -5 -1 -3 -6 -2 -4    1   0   5  74   0   0   3   1   3   1   1   1   0   1   0   4   1   0   2   2  1.86 0.79
  419 P   -1 -1 -1  0 -2  2  1 -2 -2 -3 -3  3 -3 -5  5  1 -1 -5 -4 -3    4   3   3   4   1  10   9   2   1   1   2  16   0   0  26  13   4   0   0   1  0.56 0.36
  420 S   -1  0  4  1 -2  0  1 -3  2 -3 -4  2 -3  0 -4  2 -1 -1 -3 -1    3   3  19   6   1   3  10   0   6   1   1  12   0   5   0  19   3   1   0   4  0.36 0.31
  421 V    1 -2  0 -3 -2  0  0 -3 -2  0  0 -1 -1 -2  4  0  0 -5 -4  1   15   2   4   1   0   3   6   1   0   6  11   3   1   1  19   8   4   0   0  12  0.26 0.23
  422 V    0  0  0 -1 -3  2  0 -2  4  0  2  0  2 -2 -2 -1 -1 -4 -2  0    8   4   5   3   0  11   4   2  11   4  21   4   5   1   2   4   2   0   1   8  0.16 0.19
  423 V   -4 -6 -7 -7 -5 -6 -4 -7 -7  3 -1 -6  0 -5 -6 -6 -4 -7 -5  7    1   0   0   0   0   0   1   0   0  13   3   0   2   0   0   0   0   0   0  79  1.94 0.84
  424 R   -1  7 -2 -5 -1  0 -4 -6 -3 -6 -4  4 -3 -6 -5 -4 -4 -6 -5 -5    5  63   2   0   2   3   0   0   0   0   2  20   0   0   0   0   1   0   0   1  1.69 0.77
  425 D   -1 -2 -1  6 -3  0  1  0 -2 -3 -4  1 -4 -5 -4  2 -2 -5  0 -4    4   1   2  40   0   3   9   6   1   2   1   8   0   0   0  18   1   0   3   1  0.75 0.45
  426 T    1 -3 -2 -5 -2 -5 -5 -2 -5  4 -3 -4 -1 -5 -3  2  5 -6 -5 -2   12   1   2   0   1   0   0   2   0  26   1   0   1   0   1  14  37   0   0   1  0.91 0.57
  427 A    4 -5 -4 -5  0 -5 -5 -2 -5 -2 -3 -5 -2 -2 -5  1  5 -6 -5  0   35   0   0   0   2   0   0   2   0   2   2   0   1   2   0  10  37   0   0   7  0.98 0.60
  428 A    5 -6 -6 -6  8 -4 -6 -1 -2 -4 -3 -5  0 -1 -6  0 -2 -6 -2 -2   45   0   0   0  30   1   0   4   1   1   2   0   2   2   0   7   2   0   1   3  1.37 0.69
  429 W   -5 -3 -6 -5 -2 -5 -7 -7 -2 -4 -3 -4 -6  1 -8 -2 -5 12  2 -1    1   2   0   1   1   1   0   0   1   1   2   1   0   4   0   3   1  70   5   5  3.16 1.13
  430 T    3 -5 -4 -5  4 -4 -5 -4 -5 -2 -1 -4 -2 -4 -5  0  6 -6 -4  1   23   0   0   0   8   0   0   1   0   2   5   0   1   0   0   5  47   0   0   8  1.03 0.59
  431 V   -5 -6 -7 -7 -5 -6 -6 -7 -6  4  5 -6  1  0 -6 -6 -4 -5 -1  2    0   0   0   0   0   0   0   0   0  21  60   0   2   4   0   0   1   0   2  11  1.26 0.57
  432 G    0 -2 -2 -4 -2 -2 -3  6 -5 -6 -6 -3 -3 -6 -5  4 -2 -6 -4 -5    5   2   2   0   1   2   2  51   0   0   0   1   1   0   0  31   2   0   1   0  1.19 0.60
  433 R   -4  7 -4 -5  3  1 -2 -5 -2 -5 -4  2 -5 -6 -6 -1 -2 -6 -3 -3    1  61   0   0   5   7   1   0   1   0   1  13   0   0   0   4   2   0   1   2  1.46 0.69
  434 I   -3 -6 -6 -6 -5 -5 -6 -7 -5  5  1 -6  2  3 -6 -4 -3 -4  4  3    1   0   0   0   0   0   0   0   0  40   9   0   5  10   0   1   1   0  16  17  1.09 0.52
  435 C    3 -6 -5 -6  8 -5 -4 -3 -5 -2 -3 -5 -2  4 -4  2 -1 -5 -4 -3   24   0   0   0  34   0   1   1   0   2   1   0   1  15   0  15   4   0   0   1  1.30 0.62
  436 E   -3 -1 -1  2 -6  0  6 -3  3 -6 -5  1 -5 -6 -3  0 -1 -6 -3 -5    1   2   3  11   0   3  50   1   7   0   1   8   0   0   1   6   4   0   1   0  0.98 0.53
  437 L   -1 -5  0 -4 -3 -1 -3 -5  2  1  2 -4  0  4 -5 -3 -2  8  2 -1    5   0   6   1   0   3   1   0   4   7  19   1   2  15   0   2   2  23   7   3  0.83 0.42
  438 L   -2 -3 -2 -4  4 -3 -3 -5  3  3  3 -4  0  0 -5 -3 -2 -4  0  3    3   1   2   0  10   1   1   0   8  16  27   0   1   4   0   2   1   0   3  19  0.54 0.32
  439 P    0 -3 -3 -3  1  0  0 -2  3  0 -2 -3 -1 -2  4  1 -1 -3 -1  2    8   1   0   0   3   4   7   3  10   6   3   0   1   2  21   9   2   0   2  16  0.36 0.28
  440 E   -1 -2 -1  3 -2  3  4 -1  0 -4 -4 -1 -3 -4  0  2 -1 -3 -1 -4    3   2   3  19   1  12  26   5   2   1   1   3   0   1   4  13   2   0   2   1  0.54 0.36
  441 A    2 -2 -2 -2  3  1  0 -1 -1  1 -2 -2 -1 -3  2  0  0 -4 -3  1   20   1   1   2   6   8   8   5   1   8   3   1   1   1  10   8   5   0   0  12  0.22 0.21
  442 A    2 -3 -1 -3 -1 -1 -2 -3 -4  4  0 -3 -1  0  0 -1 -1 -5 -2  2   20   1   3   1   1   4   3   1   0  30   5   1   1   3   5   4   3   0   1  14  0.38 0.29
  443 I   -1 -2  0  2 -2  0  0 -1 -1  2  1  0  0 -1  0  0  0 -3 -1  1    4   1   5  14   0   4   5   4   1  13  16   5   1   2   3   6   5   0   1   8  0.08 0.10
  444 N   -1  0  2  0 -3  1  0 -2  4 -2 -3  1 -3 -2  3  1  0 -5 -2 -2    4   6  12   4   0   5   6   2  10   3   2   9   0   2  15   9   6   0   1   2  0.31 0.23
  445 D   -1 -2  1  3 -5  3  3 -2  3 -5 -3 -1 -2 -4  3 -1 -1 -5 -3 -2    5   2   5  17   0  14  18   2   8   0   2   3   1   0  13   4   3   0   1   3  0.49 0.32
  446 V    1  0 -1 -1  0  2  1 -1  0 -1 -2  1  0 -3  1  0  1 -4 -3  0   12   3   3   3   2  12  11   3   2   3   4   8   2   1   5   6  11   0   0   9  0.15 0.16
  447 Y   -2 -3  2 -4 -2  2 -4 -4  6 -1 -2 -3  1  3 -5 -3 -1 -3  5  1    3   1  10   0   1   8   0   1  18   4   3   1   3  10   0   1   4   0  22   9  0.73 0.43
  448 L   -5 -5 -7 -7  0 -5 -7 -6 -6  0  6 -6 -1  5 -7 -6 -4 -5  0 -2    1   1   0   0   2   0   0   0   0   3  66   0   1  20   0   0   1   0   3   2  1.47 0.67
  449 A    0  0  0  1 -5  3  2 -2  2 -2 -3  1 -2 -5  4 -1 -1 -5 -3  0    6   4   4   7   0  13  12   2   5   2   2   9   1   0  19   2   3   0   1   8  0.37 0.28
  450 P   -1  0  0 -1 -2  0 -1 -1  0 -2 -3 -1 -4 -6  6  1 -2 -6 -5 -2    4   6   4   3   1   5   4   5   3   3   3   4   0   0  43   9   2   0   0   2  0.85 0.47
  451 L   -2 -5 -5 -4 -5 -5 -6 -6 -6  4  5 -5  2 -2 -6 -4 -1 -6 -5  3    4   0   0   1   0   0   0   0   0  19  47   0   5   1   0   1   4   0   0  18  1.00 0.50
  452 L   -5 -6 -7 -7 -5 -6 -7 -7 -7  4  4 -6  7 -1 -7 -6 -3 -6 -5  2    0   0   0   0   0   0   0   0   0  24  38   0  23   2   0   0   1   0   0  12  1.37 0.62
  453 Q   -1  0  1  0 -5  3  2 -2  0 -3 -3  0  3 -3  2  0  2 -5 -3 -3    4   4   7   5   0  14  16   3   2   1   1   4   8   1   9   7  12   0   1   1  0.33 0.28
  454 C    3 -2 -1 -3  3 -1  1  2 -2 -1 -2 -2 -3 -4 -2  0 -1 -4 -3  1   28   1   3   0   7   2   9  17   1   2   4   1   0   0   2   8   2   0   0  11  0.34 0.28
  455 L   -4 -7 -8 -8 -1 -6 -7 -8 -7  2  6 -7  2  0 -7 -5 -5 -6 -5 -2    1   0   0   0   1   0   0   0   0  11  76   0   4   4   0   1   0   0   0   2  1.64 0.71
  456 I   -4 -5 -4 -6  0 -4 -6 -6 -6  3  5 -4  1  2 -6 -1 -4 -5 -4  2    0   0   1   0   2   1   0   0   0  16  48   1   3   7   0   4   0   0   0  16  0.93 0.46
  457 E   -2  2  4  0 -6  3  3 -3  2 -4 -4  3 -3 -3 -4 -2  0 -6 -4 -4    3  10  19   5   0  12  19   1   4   1   1  15   0   1   0   2   5   0   0   1  0.59 0.37
  458 G    3 -5 -4 -4 -5 -4 -5  6 -5 -6 -6 -4 -5 -6 -5 -3 -4 -6 -6 -5   29   0   0   0   0   0   0  71   0   0   0   0   0   0   0   0   0   0   0   0  1.69 0.57
