    1 S   -2 -3 -2 -3 -3 -3 -3 -3 -4 -4 -4 -3 -3 -5 -3  4  6 -5 -4 -3    0   0   0   0   0   0   0   0   0   0   0   0   0   0   0  37  63   0   0   0  1.29 0.40
    2 Q   -2  2  0 -2 -4  4 -1 -3  4 -3 -1  0 -2  4 -3  0  0 -3  0 -3    1  14   4   1   0  23   0   0  11   0   4   5   0  20   0   9   5   0   2   0  0.41 0.19
    3 L   -3 -4 -5 -6 -3 -4 -5 -5 -5  3  6 -4  1 -1 -5 -4 -3 -4 -2  0    0   0   0   0   0   0   0   1   0  14  79   0   2   0   0   0   1   0   1   2  1.12 0.33
    4 A   -1 -2 -1  2 -5  2  6 -2 -1 -5 -4 -1 -2 -5 -3  0 -2 -5 -4 -4    5   0   1  11   0   9  62   2   1   0   0   0   1   0   0   8   1   0   0   0  0.99 0.33
    5 H   -4  0  1 -4 -5 -2 -3 -4  9 -5 -4 -4 -3 -1 -5 -3 -4  9  1 -5    0   5   6   0   0   1   0   1  53   0   1   0   0   1   0   1   0  28   3   0  1.97 0.48
    6 N   -3 -2  3 -3 -3 -2 -3 -4  0  1  4 -3  5  0 -4 -2 -2 -4 -2  0    0   2  19   0   0   0   0   0   2   8  42   0  19   2   0   2   1   0   0   2  0.58 0.25
    7 L    2 -4 -3 -4  8 -3 -4 -2 -4 -1  1 -3 -2 -4 -4  2  0 -4 -4 -1   15   0   0   0  41   0   0   2   0   2  13   0   0   0   0  21   4   0   0   2  0.96 0.31
    8 T    0  3  1 -1 -2  1  0  0  0 -2  0  1 -1 -3 -2  2  0 -4 -2 -2    7  18   8   1   0   7   3   6   1   1  15   8   0   0   0  19   6   0   0   0  0.19 0.12
    9 L   -4 -4 -5 -6 -3 -4 -5 -6 -5  2  6 -4  1 -1 -5 -5 -3 -4 -3 -1    0   0   0   0   0   0   0   0   0   9  86   0   2   0   0   0   0   0   0   1  1.28 0.37
   10 S   -3 -1  4  6 -2  0  0 -3 -2 -5 -5 -1 -4 -5 -3  2 -1 -6 -4 -5    0   2  21  51   1   3   2   0   0   0   0   3   0   0   0  14   2   0   0   0  1.03 0.32
   11 I   -1 -4 -4 -5 -1 -4 -4 -5 -4  6  0 -4 -1  1 -2 -2  2 -4 -1  2    3   0   0   0   1   0   0   0   0  56   4   0   0   5   2   1  13   0   2  12  0.74 0.27
   12 F   -2  0  1  5 -4 -1  0 -2  0 -3 -3 -2 -3  2 -3  0  0 -3  1 -3    2   5   7  44   0   2   4   1   2   1   1   1   0  11   1   5   6   0   6   1  0.55 0.21
   13 D    0  0  0  1 -3  2  2 -1  1 -3 -3  0 -2 -4 -1  3  1 -4 -2 -2    7   4   3   7   0  11  13   2   3   1   0   4   1   0   1  35   6   0   1   2  0.35 0.17
   14 P    0 -1 -1 -1 -4  0  3 -2  2 -3 -3  0 -2 -4  5 -1 -1 -4 -3 -1    7   2   1   2   0   3  22   2   5   1   1   6   1   0  35   3   3   0   0   4  0.68 0.22
   15 V    1 -2 -1 -1 -3  0 -1 -2 -2 -2 -2 -1 -3 -3  7 -2  0 -5 -4 -1   10   1   3   3   0   4   4   1   1   1   3   4   0   1  51   1   7   0   0   6  0.98 0.28
   16 A    0  1  0 -1 -1  0 -1 -2  2  1 -1  1 -1 -2  0  1  1 -3 -1  0   10   8   5   1   1   5   2   2   6  13   2  14   0   1   4  12   9   0   2   5  0.09 0.08
   17 N    0 -1  2  0 -3  0 -1  0  1 -1 -1  0 -1  1  0  0  2 -2  1  0    6   3  16   4   0   3   1   5   4   2   4   7   0   9   3   5  15   0   6   7  0.10 0.09
   18 Y    1 -1 -3 -4 -3 -2 -4 -4  1  0  1 -3  7  1 -4 -2 -2 -2  2  1   14   3   1   0   0   1   0   1   4   5   9   0  36   7   0   1   1   0   7   8  0.63 0.30
   19 R   -4  8 -3 -5 -4 -1 -3 -5 -3 -3 -5  2 -4 -6 -3 -3 -4  0 -5 -3    0  78   0   0   0   2   0   0   0   2   0  12   0   0   1   1   0   1   0   2  1.79 0.55
   20 A   -2  4  2 -3 -5 -1 -2 -4 -1 -4 -1  6 -1 -4 -4 -1 -3 -5 -4 -4    2  20  12   0   0   0   0   1   1   0   7  51   2   0   0   3   0   0   0   0  0.96 0.38
   21 A   -3 -4 -1 -4 -4 -4 -4 -5 -5 -4 -5 -4 -3 -5 -4  2  7 -6 -5 -3    1   0   2   0   0   0   0   0   0   0   0   0   0   0   0  12  84   0   0   0  1.86 0.62
   22 R   -1  0 -2 -3 -4 -2 -2  3 -2 -5 -5  6 -4 -5 -4  3 -2 -5 -4 -5    4   2   1   0   0   1   0  20   1   0   0  51   0   0   0  20   1   0   0   0  0.97 0.40
   23 I   -4 -6 -6 -6 -4 -6 -6 -7 -6  8 -1 -6  1 -2 -6 -5 -4 -6 -4  1    0   0   0   0   0   0   0   0   0  90   1   0   3   1   0   0   0   0   0   4  2.07 0.59
   24 I   -4 -6 -6 -6 -4 -5 -6 -6 -6  6 -2 -5 -2 -3 -5 -5 -3 -6 -4  5    0   0   0   0   0   0   0   0   0  52   0   0   0   0   0   0   0   0   0  46  1.56 0.49
   25 C    0 -7 -6 -7 11 -6 -7 -1 -6 -5 -5 -6 -5 -2 -6 -3 -4 -6 -6 -5    7   0   0   0  84   0   0   5   0   0   0   0   0   2   0   1   0   0   0   0  3.13 0.75
   26 T   -4 -5 -4 -5 -4 -4 -4 -5 -5 -4 -5 -4 -4 -6 -5 -2  8 -6 -5 -3    0   0   0   0   0   0   0   0   0   0   0   0   0   0   0   0  98   0   0   0  2.39 0.73
   27 I   -4 -6 -6 -6 -4 -6 -6 -7 -6  7  2 -6  1 -3 -6 -5 -4 -5 -4  1    0   0   0   0   0   0   0   0   0  80  14   0   2   0   0   0   0   0   0   3  1.75 0.53
   28 G   -3 -6 -4 -5 -6 -5 -5  8 -5 -7 -7 -5 -6 -6 -6 -4 -5 -6 -6 -6    0   0   0   0   0   0   0  98   0   0   0   0   0   0   0   0   0   0   0   0  2.46 0.65
   29 P   -5 -6 -6 -5 -6 -5 -5 -6 -6 -6 -6 -5 -6 -7  9 -5 -5 -7 -6 -6    0   0   0   0   0   0   0   0   0   0   0   0   0   0  98   0   0   0   0   0  3.20 0.79
   30 S    5 -2 -2 -4 -3 -2 -3 -2 -4 -3 -4  3 -3 -5 -3  1 -2 -5 -4 -1   57   1   1   0   0   1   0   1   0   1   0  21   0   0   0  11   1   0   0   3  0.90 0.39
   31 T   -2 -4 -2 -4  5 -3 -4 -4 -4 -4 -5 -3 -4 -5 -4  6  4 -5 -4 -2    1   0   0   0  12   0   0   0   0   0   0   0   0   0   0  58  25   0   0   3  1.27 0.50
   32 Q   -3  4  4  1 -5  2  4 -3 -2 -5 -5 -1 -1 -5 -4 -2 -2  0 -4 -3    1  26  20   5   0   9  29   1   0   0   0   1   1   0   0   1   1   2   0   1  0.80 0.34
   33 S   -1 -3  2  2 -4 -2 -1 -3 -2 -5 -5  0 -4 -5 -3  6  1 -6 -5 -4    2   1   8   9   0   1   3   0   1   0   0   4   0   0   1  64   6   0   0   0  1.03 0.44
   34 V   -2 -3 -5 -3 -3 -2  0 -5 -4  2 -1 -1 -1 -3  2 -3 -2 -5 -3  6    2   1   0   1   0   1   9   0   0   7   5   4   0   0   9   0   1   0   1  60  0.83 0.36
   35 E   -3 -3 -2  3 -6  0  7 -3 -3 -6 -6 -1 -4 -6  1 -2 -2 -6 -5 -5    1   0   1  12   0   2  69   1   0   0   0   2   0   0   7   1   2   0   0   0  1.40 0.49
   36 A    0 -1 -1 -4 -4 -1 -3 -4 -4  2 -1  3  6 -3 -4 -2  2 -4 -3  1    6   2   2   0   0   1   0   0   0  10   1  18  29   0   0   1  16   0   0  11  0.60 0.31
   37 L   -4 -5 -6 -6 -3 -5 -5 -6 -5  3  6 -5  1 -2 -5 -5 -2 -4 -4  0    1   0   0   0   0   0   0   0   0  13  76   0   3   1   0   0   1   0   0   3  1.31 0.43
   38 K   -1  1  1 -2 -2  1  3 -1  0 -2 -3  3 -2 -4 -3  0  1 -4 -3  0    4   5   7   0   1   6  20   3   2   1   1  24   1   0   0   6   9   0   0   9  0.33 0.20
   39 G    0  0 -1 -1 -5  3  4 -2 -3 -4 -4  5 -2 -5 -3 -1 -2 -5 -4 -4    6   4   2   2   0  13  25   2   0   0   1  39   1   0   0   4   1   0   0   0  0.78 0.34
   40 L   -4 -5 -6 -6 -4 -4 -6 -6 -5  0  5 -5  7 -2 -6 -5 -4 -5 -4 -2    0   0   0   0   0   0   0   0   0   2  64   0  31   0   0   0   0   0   0   1  1.60 0.51
   41 I   -3  3 -5 -5 -4 -4 -5 -6 -5  6  1 -3  4 -2 -5 -4 -3 -5 -3  1    1  16   0   0   0   0   0   0   0  49  12   0  12   1   0   0   0   0   0   7  0.95 0.37
   42 Q   -1  2  0  2 -3  2  3 -3 -1 -3 -2  3 -1 -4 -3 -1 -1 -5 -4 -3    4  10   4  10   1   8  26   1   1   1   5  22   1   0   0   3   3   0   0   1  0.45 0.22
   43 S    5 -4  1 -4 -1 -2 -2 -2 -4 -4 -4 -2 -4 -5 -4  3  0 -5 -4 -3   63   0   7   0   1   1   2   1   0   0   0   1   0   0   0  18   4   0   0   0  0.99 0.41
   44 G   -3 -6 -4 -5 -6 -5 -4  8 -5 -7 -7 -5 -6 -7 -6 -4 -5 -6 -6 -7    0   0   0   0   0   0   1  98   0   0   0   0   0   0   0   0   0   0   0   0  2.43 0.64
   45 M   -5 -5 -6 -7 -2 -4 -6 -6 -5 -2  2 -5 10 -4 -6 -5 -4 -5 -5 -1    0   0   0   0   1   0   0   0   0   0  14   0  80   0   0   0   0   0   0   3  2.57 0.73
   46 S   -4 -3  8  0 -2 -3 -4 -4 -1 -7 -7 -4 -6 -6 -5  0 -3 -7 -5 -6    0   1  85   4   1   0   0   0   1   0   0   0   0   0   0   6   1   0   0   0  2.20 0.65
   47 V   -1 -6 -6 -6 -2 -5 -6 -6 -6  5 -2 -5 -2 -4 -5 -5 -3 -6 -4  6    4   0   0   0   1   0   0   0   0  30   0   0   0   0   0   0   1   0   0  64  1.46 0.48
   48 A    6 -4 -4 -5  2 -4 -4 -3 -5 -2 -3 -4  1 -4 -4  0 -2 -5 -4  2   68   0   0   0   4   0   0   0   0   1   0   0   4   0   0   4   1   0   0  17  1.13 0.45
   49 R   -5  9 -4 -5 -7 -3 -4 -6 -4 -7 -6 -1 -5 -7 -6 -5 -5 -7 -6 -6    0  99   0   0   0   0   0   0   0   0   0   0   0   0   0   0   0   0   0   0  2.75 0.75
   50 M   -4 -5 -6 -6 -3 -4 -5 -6  1 -1  5 -5  7  3 -6 -5 -4 -4 -3 -2    0   0   0   0   0   0   0   0   3   1  54   0  29  10   0   0   0   0   0   0  1.34 0.46
   51 N   -5 -4  9 -3 -7 -4 -4 -4 -3 -7 -7 -4 -6 -7 -6 -3 -3 -8 -6 -7    0   0  98   0   0   0   0   0   0   0   0   0   0   0   0   0   1   0   0   0  2.84 0.78
   52 F   -4 -7 -7 -7 -6 -7 -7 -7 -5 -4 -3 -7 -1  9 -7 -6 -5 -3 -1 -5    1   0   0   0   0   0   0   0   0   0   1   0   1  96   0   0   1   0   0   0  2.87 0.74
   53 S   -2 -4 -3 -4 -2 -4 -4 -4 -5 -6 -6 -4 -5 -6 -4  7 -2 -6 -5 -5    1   0   0   0   1   0   0   0   0   0   0   0   0   0   0  97   1   0   0   0  2.12 0.71
   54 H   -6 -4 -4 -5 -7 -4 -4 -6 11 -8 -7 -5 -6 -6 -4 -5 -6 -7 -2 -7    0   0   0   0   0   0   0   0  98   0   0   0   0   0   1   0   0   0   0   0  3.78 0.92
   55 G   -3 -6 -4 -5 -6 -5 -6  8 -6 -7 -7 -5 -6 -7 -6 -4 -5 -6 -7 -7    0   0   0   0   0   0   0  99   0   0   0   0   0   0   0   0   0   0   0   0  2.54 0.68
   56 S   -2 -4  1  4 -4 -3 -2 -4 -3 -5 -5 -3 -4 -5 -4  5  4 -6 -5 -4    0   0   5  22   0   0   1   0   0   0   0   0   0   0   0  44  27   0   0   0  1.07 0.45
   57 H   -5 -4 -4 -5 -6 -2 -4 -6 10 -6 -5 -4 -5  2 -5 -5 -5 -4  6 -6    0   0   0   0   0   2   0   0  63   0   1   1   0   8   0   0   0   0  25   0  2.43 0.67
   58 E   -1 -3 -3  1 -7  0  7 -5 -4 -6 -6 -1 -5 -7 -4 -3 -4 -6 -5 -5    6   0   1   7   0   3  80   0   0   0   0   2   0   0   0   1   0   0   0   0  1.75 0.59
   59 Y   -4 -4 -4 -2 -6 -2  5 -5 -1 -5 -4 -4 -2  0 -5 -3 -3 -2  8 -5    1   0   0   2   0   0  36   0   1   0   1   0   1   2   0   1   1   0  54   0  1.71 0.57
   60 H   -6 -4 -3 -5 -7 -3 -3 -6 11 -7 -7 -5 -6 -3 -6 -5 -6 -6 -1 -7    0   0   0   0   0   1   1   0  95   0   0   0   0   1   0   0   0   0   1   0  3.58 0.88
   61 Q    3  0 -3 -2 -4  4 -1  3 -2 -4 -3  2 -3 -4 -3 -1 -2 -5 -4 -3   29   4   0   1   0  23   3  20   0   0   3  11   0   0   0   3   2   0   0   1  0.56 0.29
   62 T    1  0  1 -1 -4  2  3  0 -2 -3 -3  0 -2 -4 -3  2  0 -4 -3 -2   13   5   5   1   0   8  25   8   0   1   1   5   1   0   0  18   5   0   0   2  0.36 0.21
   63 T   -2  5 -2 -4 -4 -2 -3 -5 -4 -2 -2 -1 -2 -5 -4 -1  5 -5 -4  3    1  35   2   0   0   0   0   0   0   0   2   1   1   0   0   3  35   0   0  20  0.90 0.40
   64 I   -4 -5 -6 -6 -4 -6 -6 -7 -6  7  1 -6  1 -2 -6 -5 -4 -5 -4  1    0   1   0   0   0   0   0   0   0  79  10   0   3   1   0   0   0   0   0   6  1.72 0.52
   65 N    1  1  1  4 -4  1  1 -3 -2 -4 -4  3 -2 -5 -3 -1 -1 -5 -2 -3   13   5   6  29   0   6   7   0   1   1   1  25   1   0   0   1   2   0   1   2  0.56 0.27
   66 N   -2  0  8 -2 -5 -3 -3 -4 -2 -4 -2 -2  0 -4 -5 -2  0 -6 -5 -4    3   6  71   0   0   0   0   0   0   1   5   2   3   1   0   2   6   0   0   1  1.51 0.52
   67 V    1 -5 -5 -5 -1 -4 -5 -5 -5  5  2 -4 -1 -2 -4 -3  0 -5 -3  4   11   0   0   0   1   0   0   0   0  35  16   0   0   1   0   1   5   0   0  29  0.76 0.31
   68 R   -5  8 -3 -5 -7 -2 -3 -5  0 -6 -5  2 -5 -6 -5 -4 -4 -6 -5 -5    0  85   0   0   0   0   0   0   2   0   0  11   0   0   0   0   0   0   0   0  2.19 0.64
   69 Q    0  0 -2 -1 -4  3  5 -4 -2 -2 -4  3 -1 -5 -3 -1  1 -5 -4 -3    8   4   1   1   0  16  37   0   0   2   0  18   1   0   0   2   8   0   0   1  0.70 0.32
   70 A    6 -4 -4 -5 -3 -4 -4 -3 -4 -1 -1 -4 -2 -4 -4  1 -3 -5 -2  1   69   0   0   0   0   0   0   0   0   3   6   0   0   0   0   9   0   0   1  10  1.06 0.43
   71 A    3  1 -2 -2  1 -1  1 -3 -3 -1 -1 -1  3 -2 -3  1  0 -4 -3  1   28   7   1   1   3   2  11   0   0   2   6   1  10   1   0  10   5   0   0  12  0.24 0.19
   72 A    2  1  0  1 -4  1  3 -2  0 -4 -3  4 -3 -4 -3  0 -2 -5 -3 -3   17   7   3   5   0   4  26   2   1   1   2  25   0   0   0   4   1   0   0   0  0.49 0.25
   73 E   -1  1  3  0 -3  2  3 -2  1 -2 -2  2 -2 -4 -1  1 -1 -4 -3 -2    3   6  17   2   0   8  20   2   3   3   3  14   1   0   2  12   2   0   0   1  0.33 0.19
   74 L   -1 -3 -2 -3 -3 -2 -2 -3 -1 -1  2 -2  0  3  0 -1  3 -2  2  0    6   1   1   0   0   0   2   0   2   1  24   2   2  14   5   4  23   0   9   4  0.32 0.20
   75 G    0 -2  2 -1 -4  0 -2  5 -1 -5 -5 -1 -3 -5 -2  1 -2 -2 -3 -4    6   1  12   2   0   3   1  52   2   0   0   4   0   0   1   8   2   1   1   1  0.79 0.30
   76 V   -2  5 -2 -2 -5  0 -1 -3 -1  1 -2  4 -2 -3 -3 -2 -1 -4 -2 -1    2  34   1   1   0   4   2   1   1  10   4  31   1   1   1   1   3   0   1   3  0.68 0.30
   77 N   -3 -2  2 -2 -3  1 -1 -3  2 -2 -1 -1  1 -3  6 -1  1 -5 -3 -2    1   2   9   2   0   6   2   1   5   2   6   2   5   1  41   3  11   0   0   2  0.78 0.30
   78 I   -2 -5 -5 -6  5 -5 -5 -6 -5  4  1 -5 -2 -3 -4 -4 -2 -5 -4  5    1   0   0   0  12   0   0   0   0  22  14   0   0   0   0   0   1   0   0  47  1.06 0.37
   79 A    6 -5 -4 -5 -2 -4 -4  2 -5 -4 -5 -4 -4 -5 -3 -2 -3 -6 -5 -3   80   0   0   0   1   0   0  15   0   0   0   0   0   0   1   1   0   0   0   1  1.51 0.53
   80 I   -4 -6 -6 -6 -4 -6 -6 -7 -6  7  0 -6 -1 -3 -5 -5 -3 -6 -4  3    0   0   0   0   0   0   0   0   0  76   5   0   0   0   0   0   0   0   0  17  1.75 0.53
   81 A    5 -4 -5 -5 -3 -4 -4 -3 -5 -1  3 -4  6 -3 -4 -3 -3 -5 -4 -2   46   0   0   0   0   0   0   1   0   2  28   0  21   0   0   0   0   0   0   1  0.99 0.41
   82 L   -5 -5 -7 -7 -5 -5 -6 -7 -6 -1  7 -6  0 -3 -6 -6 -4 -5 -4 -2    0   0   0   0   0   0   0   0   0   2  96   0   1   0   0   0   0   0   0   0  1.88 0.57
   83 D   -5 -5 -2  8 -7 -4 -2 -4 -5 -7 -7 -4 -7 -7 -5 -4 -5 -8 -7 -7    1   0   0  97   0   0   0   1   0   0   0   0   0   0   0   0   0   0   0   0  2.69 0.72
   84 T   -4 -4 -3 -5 -5 -4 -5 -5 -5 -1 -4 -4 -4 -6 -5 -2  8 -6 -5 -4    0   0   0   0   0   0   0   0   0   4   1   0   0   0   0   0  93   0   0   0  2.20 0.70
   85 K   -4 -1 -3 -4 -7 -2 -3 -5 -4 -3 -6  8 -5 -7 -5 -4 -4 -7 -6 -6    0   1   1   0   0   0   0   0   0   1   0  96   0   0   0   0   0   0   0   0  2.32 0.70
   86 G   -3 -6 -3 -5 -6 -5 -6  8 -2 -7 -7 -5 -6 -7 -6 -4 -5 -6 -7 -7    0   0   0   0   0   0   0  98   1   0   0   0   0   0   0   0   0   0   0   0  2.48 0.66
   87 P   -5 -6 -6 -5 -7 -5 -5 -6 -6 -7 -7 -5 -7 -8  9 -3 -5 -8 -7 -6    0   0   0   0   0   0   0   0   0   0   0   0   0   0  98   1   0   0   0   0  3.26 0.82
   88 E   -4 -4 -4 -2 -3 -2  8 -5 -4 -7 -7 -2 -6 -7 -5 -3 -5 -3 -6 -6    0   0   0   0   1   0  95   1   0   0   0   2   0   0   0   1   0   0   0   0  2.30 0.70
   89 I   -4 -6 -7 -5 -5 -6 -7 -7 -7  8 -2 -6  0 -4 -6 -5 -4 -6 -5  0    1   0   0   0   0   0   0   0   0  93   0   0   2   0   0   0   0   0   0   3  2.19 0.63
   90 R   -4  9 -4 -5 -7 -3 -4 -6 -2 -7 -6 -2 -5 -7 -6 -4 -5 -6 -5 -6    1  97   0   0   0   0   0   0   1   0   0   0   0   0   0   0   0   0   0   0  2.66 0.74
   91 T   -3 -5 -3 -5 -5 -4 -5 -5 -5 -2 -2 -4 -3 -6 -5 -1  8 -6 -5 -3    1   0   0   0   0   0   0   0   0   2   4   0   0   0   0   2  90   0   0   0  2.03 0.67
   92 G   -3 -4 -1 -4 -6 -3 -5  7  3 -4 -6 -3 -5 -6 -5 -3 -4 -6 -5 -5    0   1   2   0   0   1   0  84   8   1   0   1   0   0   0   0   0   0   0   0  1.90 0.56
   93 Q   -2 -1  3  0 -3 -1 -1 -4 -2  0  2  2  1  1 -3 -1  1 -3 -1 -1    0   2  16   5   0   2   2   0   0   4  27  14   4   8   0   2   8   0   2   3  0.23 0.17
   94 F   -3 -4 -5 -5 -3 -4 -5 -5 -4  2  4 -4  5  4 -4 -4  1 -3 -2  0    0   0   0   0   0   0   0   0   0  14  35   0  17  16   0   0  12   0   1   4  0.78 0.32
   95 V    0  1 -1  0 -4  1  3 -3 -2 -2 -3  4 -3 -4  0 -1 -1 -5 -4 -1    7   5   2   3   0   4  24   0   1   2   1  33   0   0   4   3   4   0   0   6  0.48 0.25
   96 G   -2 -3  3  4 -5 -2  1  5 -2 -5 -5 -2 -4 -5 -2 -2 -2 -5 -4 -3    2   0  17  22   0   1   8  39   1   0   1   2   0   0   2   1   1   0   0   2  0.83 0.32
   97 G    1 -3 -1  3 -5 -2  0  5 -3 -5 -5 -2 -5 -5 -1 -1 -3 -5 -5 -5   10   1   2  15   0   1   7  54   0   0   0   2   0   0   3   2   0   0   0   0  0.96 0.34
   98 D   -1 -1 -2  3 -4  1  4 -2 -1 -4 -4  3 -3 -5  0 -1 -2 -4 -4 -3    6   1   0  20   0   3  35   2   1   0   1  19   0   0   5   3   1   0   0   1  0.67 0.30
   99 A    0 -5 -5 -5 -2 -4 -4 -5 -5  4  0 -3 -1 -2  0 -4 -3 -3  0  5    6   0   0   0   0   0   1   0   0  27   4   1   0   1   5   0   0   0   3  49  0.89 0.35
  100 V   -2 -1 -2  0 -5  1  5 -4  0 -1 -2  0 -1 -3  3 -1  0 -3 -2 -1    2   2   1   3   0   4  41   0   2   5   4   5   2   1  13   2   7   0   1   5  0.51 0.26
  101 M   -4 -5 -6 -6 -4 -5 -6 -4 -3  3  6 -5  0 -1 -5 -5 -4 -4 -2  0    0   0   0   0   0   0   0   1   1  18  73   0   1   1   0   0   0   0   1   2  1.29 0.43
  102 E   -1 -1 -1 -2 -3  1  2 -3 -1 -1 -3  4 -2 -4  0  0  0 -5 -3  2    4   1   2   1   0   6  16   0   1   3   1  31   1   0   4   7   6   0   0  17  0.37 0.23
  103 R    2  0 -2 -1 -3  2  2 -3 -3 -2 -4  4 -2 -4  0  0  0 -5 -4 -2   22   4   1   2   0   9  14   0   0   2   0  28   1   1   3   4   7   0   0   2  0.43 0.24
  104 G   -3 -5  0  0 -6 -5 -5  7 -3 -7 -7 -4 -6 -6 -5 -3 -5 -6 -6 -6    0   0   4   5   0   0   0  89   0   0   0   0   0   0   0   0   0   0   0   0  2.09 0.59
  105 A    1 -1  2  1 -4  4  2 -2  4 -4 -4  1 -3 -4 -3  1  0 -5 -3 -3   12   1   8   8   0  23  10   1  13   0   1   6   0   0   0  10   5   0   0   1  0.49 0.25
  106 T   -2  0 -1  0 -4  1  4 -3 -1 -1 -3  2 -2 -3 -2  0  3 -4 -2 -1    1   4   2   4   0   6  31   1   1   3   2  12   1   1   1   6  19   0   1   5  0.41 0.23
  107 C   -3 -5 -5 -5 -1 -5 -5 -6 -5  5  2 -5  3  4 -5 -4 -3 -3 -2  3    1   0   0   1   1   0   0   0   0  32  16   0   8  23   0   0   0   0   0  18  0.85 0.32
  108 Y   -2  1  1 -2 -2 -2 -2 -4 -2  2 -1  2 -1 -2 -3 -1  4 -1 -1  0    1   8   6   2   1   0   1   0   0  17   5  16   1   1   0   2  29   1   2   7  0.34 0.23
  109 V   -3 -5 -5 -6 -3 -5 -5 -6 -5  4  3 -5 -1  2 -5 -3 -3 -4 -2  4    0   0   0   0   0   0   0   0   0  29  33   0   0   7   0   1   0   0   1  28  0.90 0.33
  110 T   -2 -4 -3 -3 -4 -3 -3 -4 -2 -3 -4 -3 -3 -3 -2  3  6 -5  0 -1    1   0   0   1   0   0   0   0   1   0   1   0   0   1   2  23  61   0   4   3  1.22 0.48
  111 T   -1 -4 -1 -4  1 -3 -4 -4 -4 -1  0 -4  5 -4 -3 -1  6 -2 -4 -1    3   0   2   0   3   0   0   0   0   2   7   0  14   0   1   3  59   0   0   4  1.04 0.43
  112 D   -3  0  2  6 -6 -2  2 -1 -2 -5 -5 -1 -5 -6 -4 -2  0 -6 -5 -4    1   4   8  56   0   1  12   4   1   0   0   3   0   0   0   1   6   0   0   1  1.12 0.39
  113 P   -2 -1  0  4 -4  0  4 -3 -2 -4 -4  1 -3 -4  3 -1 -1 -4 -1 -3    2   2   4  22   0   4  30   2   0   1   1   8   0   0  15   2   3   0   3   1  0.62 0.24
  114 A    2 -1 -1  0 -2  0  0 -2 -2  1 -2  1 -1 -3 -2  1  0 -3 -2  2   21   1   2   4   1   4   7   1   0   9   1  13   0   1   1  10   4   0   1  19  0.17 0.13
  115 F   -3 -3 -2 -2 -3 -2 -2 -4  0  0  1 -3  1  4 -3 -2 -2  0  6  1    1   1   1   2   0   1   2   1   1   5  13   1   4  15   1   2   1   1  37   9  0.70 0.25
  116 A    1  0 -1  0  0  0  0 -1 -1  0  0  1  2 -1 -1  0  0 -2 -1  0   18   5   2   4   2   3   7   3   1   4   7  12   8   2   2   8   5   0   2   6  0.06 0.05
  117 D   -1 -1  0  1 -2  0  3 -1  0  0 -1  1 -1 -1 -1  0  1 -2 -1 -1    5   2   5   8   1   2  25   3   3   7   5   8   1   2   2   5  11   0   1   4  0.15 0.07
  118 K    1  1  0 -1  0  1  2 -2 -1 -1 -1  3 -2 -2  0  0 -1 -3 -1 -1   11   5   5   2   2   4  12   2   1   4   4  28   1   1   3   7   3   0   1   4  0.20 0.11
  119 G   -3 -6 -4 -5  8 -5 -6  6 -6 -6 -6 -5 -5 -6 -6 -1 -3  0 -6 -5    0   0   0   0  28   0   0  64   0   0   0   0   0   0   0   4   1   2   0   0  1.90 0.55
  120 T   -4 -4  3  6 -5 -3 -1 -3 -3 -5 -5 -3 -5 -6 -4  1  4 -6 -5 -3    0   0  15  47   0   0   1   1   0   0   0   0   0   0   0   8  26   0   0   1  1.21 0.44
  121 K    2 -1  0  2 -3  0  3 -1 -2 -3 -3  2 -3 -4  0  0  0 -5 -4 -2   20   2   4  13   0   3  23   3   0   0   1  12   0   0   3   7   6   0   0   1  0.35 0.20
  122 D   -2 -1  3  2 -5  1  3 -3 -1 -4 -4  3 -4 -4 -3  0  2 -5 -4 -3    1   1  17  12   0   4  25   0   1   0   0  19   0   0   0   7  11   0   0   1  0.59 0.27
  123 K   -2  3  1 -3  0 -1 -1 -3 -1  2 -1  2  2 -2 -3 -2  1 -3 -1  1    0  16   8   0   2   2   2   1   1  13   4  18   7   1   0   1  10   0   2  12  0.24 0.18
  124 F   -3 -5 -5 -5  3 -4 -5 -5 -2  4  2 -4  4  3 -5 -4 -3 -4 -2  2    1   0   0   0   8   1   0   1   1  28  20   0  10  14   0   0   0   0   0  16  0.72 0.28
  125 Y    0 -4 -3 -4 -1 -3 -4 -2 -2 -4 -4 -4 -3  1 -1  4 -1  7  6 -4    8   0   0   0   1   0   0   2   1   0   0   0   0   5   3  32   4  13  30   0  1.03 0.41
  126 I   -3 -5 -5 -6  0 -3 -5 -6  0  3  1 -5  3 -3 -5 -4 -3 -5 -4  6    0   0   0   0   2   1   0   0   2  18  10   0   9   0   0   0   0   0   0  56  1.08 0.40
  127 D   -3 -4  0  6 -5 -3 -2 -3 -4 -5 -6 -3 -5 -6 -4  3  4 -6 -5 -5    0   0   2  48   0   0   0   1   0   0   0   0   0   0   0  23  25   0   0   0  1.27 0.47
  128 Y   -6 -6 -4 -7 -1 -5 -6 -7  1 -5 -5 -6 -5 -1 -7 -6 -6  0 10 -5    0   0   1   0   1   0   0   0   2   0   0   0   0   0   0   0   0   0  94   0  3.13 0.82
  129 Q    0  0 -2  0 -3  0  2 -3 -2 -4 -3  5 -3 -5  3 -1  0 -5 -4 -3    9   2   1   5   0   3  11   1   1   0   1  43   0   0  13   3   5   0   0   1  0.64 0.30
  130 N   -3 -1  6  1 -5 -1  0  3 -1 -6 -5  1 -5 -5 -4 -1 -3 -5 -4 -5    0   3  48   7   0   2   5  20   1   0   0   9   0   0   0   3   0   0   0   0  1.01 0.38
  131 L   -4 -5 -6 -6 -4 -5 -6 -6 -6  5  5 -5  2 -1 -6 -5 -4 -5 -4 -1    0   0   0   0   0   0   0   0   0  33  60   0   4   2   0   0   0   0   0   1  1.30 0.43
  132 S    2 -3 -3 -4  3 -2 -3 -3 -1  2 -3 -3 -3 -3  5 -1  3 -3 -1  1   16   0   0   0   6   1   0   0   1  13   1   0   0   1  26   3  20   0   2   8  0.58 0.27
  133 K   -2  1  2  1 -3  1  2 -3  1 -4 -4  5 -2 -4 -3  0 -1 -5 -3 -3    1   5  12   6   1   6  11   1   3   0   0  41   1   0   0   5   4   0   0   2  0.61 0.28
  134 V   -2 -4 -2  6 -4 -3 -2 -5 -2 -1 -3 -3 -3 -5 -4 -1 -2 -6 -5  5    1   0   0  42   0   0   1   0   1   2   1   1   0   0   0   5   2   0   0  42  1.05 0.42
  135 V   -3 -5 -5 -6 -3 -3 -5 -6 -6  3  2 -5  1 -3 -5 -4 -1 -5 -4  6    0   0   0   0   0   1   0   0   0  13  16   0   3   0   0   0   4   0   0  62  1.15 0.41
  136 R    0  0  0  0 -3  2  3 -2  2 -4 -3  4 -3 -4 -1  1 -1 -4 -2 -2    6   4   5   4   0   7  20   1   5   0   1  28   0   0   2  10   2   0   1   2  0.41 0.22
  137 P   -1 -3 -4 -4 -4 -2  0 -5 -5  0 -3  1 -3 -5  6 -2 -2 -6 -5  3    5   1   0   0   0   1   5   0   0   5   1   8   0   0  42   1   2   0   0  27  1.01 0.38
  138 G   -2 -5 -1 -2 -6 -4 -5  7 -5 -7 -7 -4 -6 -7 -6 -3 -5 -6 -6 -7    1   0   2   2   0   1   0  92   0   0   0   1   0   0   0   0   0   0   0   0  2.17 0.60
  139 N   -1  1  3  2 -2 -2 -2  1 -3 -5 -5  2 -2 -5 -3  4  0 -5 -4 -4    4   7  14  13   1   0   0  11   0   0   0  12   1   0   0  34   3   0   0   0  0.54 0.28
  140 Y   -2  3 -2 -3 -3  0 -1 -4  2  1  0  2  0 -2 -1 -1  2 -4 -1  0    0  19   1   0   0   2   3   0   6   8   8  17   2   2   3   3  17   0   2   7  0.25 0.18
  141 I   -4 -6 -7 -6 -4 -6 -6 -7 -7  8 -1 -6 -1 -3 -6 -6 -4 -6 -5  3    0   0   0   0   0   0   0   0   0  84   1   0   1   0   0   0   0   0   0  13  1.98 0.58
  142 Y   -4 -3 -6 -6 -3 -3 -5 -6 -3 -2  4 -5 -1  4 -6 -5 -4 -2  6 -3    0   2   0   0   0   1   0   0   0   0  48   0   1  14   0   0   0   0  33   0  1.30 0.45
  143 I   -3 -5 -6 -6  3 -5 -6 -6 -6  6  2 -5 -1 -3 -5 -5 -2 -5 -4  4    0   0   0   0   7   0   0   0   0  43  17   0   0   0   0   0   1   0   0  31  1.12 0.39
  144 D    1 -5 -1  8 -6 -2 -2 -4 -5 -6 -7 -4 -6 -7 -5 -1 -4 -7 -6 -6   11   0   1  82   0   1   0   1   0   0   0   0   0   0   0   3   0   0   0   0  2.02 0.60
  145 D   -6 -5 -1  8 -7 -4 -2 -5 -5 -7 -7 -4 -7 -7 -5 -4 -5 -8 -7 -7    0   0   2  97   0   0   0   0   0   0   0   0   0   0   0   0   0   0   0   0  2.72 0.73
  146 G   -3 -6 -4 -5 -6 -5 -6  8 -6 -7 -7 -5 -6 -7 -6 -4 -5 -6 -7 -7    0   0   0   0   0   0   0  99   0   0   0   0   0   0   0   0   0   0   0   0  2.53 0.67
  147 I   -3 -4 -4 -5 -4 -4 -5 -6 -5  2  5 -4  0 -2 -5 -2  0 -4 -4  1    1   0   1   0   0   0   0   0   0   9  68   0   1   0   0   3   7   0   0  10  0.99 0.37
  148 L   -4 -6 -6 -6 -4 -4 -6 -6 -6  7  3 -5  0 -2 -6 -5 -4 -5 -4  2    0   0   0   0   0   1   0   0   0  65  22   0   1   0   0   0   0   0   0  11  1.42 0.45
  149 I    1 -3 -2 -1  0 -1  2  2 -3 -3 -4 -2 -2 -5 -3  4  0 -5 -4 -2   10   0   1   2   2   1  15  16   0   1   1   0   1   0   0  42   6   0   0   2  0.59 0.30
  150 L   -4 -5 -6 -6 -2 -5 -6 -6 -5 -1  6 -5  2  4 -6 -5 -4 -4 -3 -1    0   0   0   0   1   0   0   0   0   1  77   0   4  14   0   0   0   0   0   2  1.43 0.47
  151 Q   -2  1 -1  0 -2  2  3 -4 -2  1  0  2 -2 -3 -3 -1  2 -4 -3  0    1   7   2   4   1   9  24   0   1   8   8  11   0   0   0   2  15   0   0   8  0.29 0.19
  152 V   -2 -6 -6 -7  2 -6 -6 -6 -7  1 -3 -6 -3 -4 -6 -5 -3 -6 -5  7    1   0   0   0   3   0   0   0   0   3   0   0   0   0   0   0   0   0   0  91  1.97 0.61
  153 Q   -2  0 -1  0 -3  0  1 -4 -1  0  3  2  0 -3 -3 -2  1 -4 -3  0    1   3   2   5   0   3  12   0   1   5  30  17   1   0   0   1  11   0   0   6  0.25 0.18
  154 S    0 -1 -1  1 -2  1  5 -2 -2 -5 -5  1 -4 -5 -3  3 -2 -5 -4 -4    8   2   2   7   1   5  41   2   0   0   0   7   0   0   0  24   1   0   0   0  0.73 0.33
  155 H   -2 -3 -4 -3  4 -3 -3 -4 -3  5 -1  0 -1 -2 -4 -3 -1 -4 -3  4    2   1   1   1   9   1   1   1   1  40   3   6   0   0   1   2   4   0   0  28  0.70 0.27
  156 E   -1  0  0  3 -3  1  2 -2  0 -1 -2  2 -2 -3 -2  0  0 -4 -3  0    2   3   3  23   0   5  14   3   2   3   3  17   0   1   1   6   6   0   0   8  0.28 0.15
  157 D    0 -3  0  4 -4 -2 -1  5 -3 -4 -5  1 -4 -5  0 -1 -2 -5 -4 -4    7   1   2  26   0   1   3  41   0   0   1   8   0   0   4   3   2   0   0   1  0.73 0.28
  158 E    0 -1  2  3 -4 -1  3 -1 -1 -4 -4  0 -3 -4  2  0  1 -4 -3 -3    9   1  12  16   0   1  21   5   1   0   0   6   0   0   8   5  11   0   0   1  0.39 0.19
  159 Q   -2 -1  3  3 -3  1  2  1  0 -4 -4  2 -3 -3 -3  0  0 -4 -2 -4    1   2  13  20   0   5  12  13   2   0   1  17   0   1   0   5   4   0   1   0  0.44 0.20
  160 T   -1 -1  0  0  0 -1  1  0 -1  0 -1 -1 -1  1 -2  0  2  2  1  0    3   1   5   6   2   1  14   6   1   5   6   2   1   8   1   6  18   3   5   6  0.08 0.07
  161 L   -3 -5 -6 -6 -3 -5 -5 -6 -6  5  3 -5 -1 -3 -5 -5 -3 -5 -4  4    0   0   0   0   0   0   0   0   0  40  28   0   0   0   0   0   0   0   0  29  1.12 0.38
  162 E   -2  3 -1 -1 -3  0  0 -3  4 -1 -1  2  0 -2 -3 -1  0 -3 -1  1    1  16   2   3   0   3   7   1  12   4   4  18   3   1   0   1   6   0   2  14  0.26 0.16
  163 C   -1 -5 -4 -6 10 -5 -5 -5 -6 -3 -4 -5 -4 -5 -5 -3  4 -6 -5  2    5   0   0   0  52   0   0   0   0   0   0   0   0   0   0   1  24   0   0  16  1.87 0.55
  164 T   -3  4 -2 -1 -3  0  2 -4 -1 -1 -2  3 -2 -4 -3 -1  2 -5 -3  0    0  26   0   2   0   1  18   0   1   4   2  19   1   0   0   3  13   0   1   7  0.48 0.25
  165 V    1 -5 -5 -5  5 -5 -5 -5 -5  4 -2 -5 -2 -4 -5 -2 -2 -5 -4  5   13   0   0   0  10   0   0   0   0  21   0   0   0   0   0   3   1   0   0  51  1.02 0.39
  166 T   -2  0  0 -1 -4  1  4 -4 -2  0  2  0  1 -3 -4 -2 -1 -4 -3  0    2   5   4   1   0   4  36   0   0   4  22   6   4   0   0   0   3   0   0   9  0.41 0.24
  167 N   -5 -4  9 -2 -6 -4 -4 -4 -2 -6 -7 -4 -6 -6 -6 -2 -3 -7 -3 -6    1   0  94   0   0   0   0   0   1   0   0   0   0   0   0   2   1   0   1   0  2.59 0.73
  168 S    0 -3  3  0 -4 -3 -2  5 -2 -5 -5 -3 -4 -5 -2  2  1 -5 -5 -4    5   0  16   4   0   0   1  41   1   0   0   0   0   0   1  19  10   0   0   0  0.81 0.33
  169 H    1 -5 -4 -5 -4 -5 -5  7  1 -7 -7 -5 -6 -6 -5 -2 -4 -5 -6 -5    9   0   0   0   0   0   0  85   3   0   0   0   0   0   0   1   0   0   0   0  1.96 0.56
  170 T   -1 -1 -1 -2 -3 -1  0 -3 -3  1  0  1  3  0 -1  0  2 -4 -2  2    4   2   2   2   0   2   6   0   0   6   8  10  12   4   2   5  18   0   0  17  0.19 0.16
  171 I   -4 -5 -6 -7 -4 -5 -6 -7 -6  4  6 -5  0 -3 -6 -5 -4 -5 -4  1    0   0   0   0   0   0   0   0   0  19  71   0   1   0   0   0   0   0   0   9  1.35 0.45
  172 S   -2 -3 -3 -4  3 -3 -3  5 -4 -6 -5  3 -5 -5 -4  2 -1 -5 -5 -5    1   0   0   0   6   0   0  50   0   0   1  21   0   0   0  18   3   0   0   0  1.06 0.40
  173 D   -2 -3  4  1 -5 -2  2 -3 -3 -6 -5 -3 -5 -6 -3  5 -1 -6 -5 -5    0   0  22   6   0   0  16   0   0   0   0   0   0   0   1  52   2   0   0   0  1.09 0.46
  174 R   -4  5  0 -4 -2  0 -2 -5  4 -6 -5  5 -3 -5 -4 -1 -1 -6 -4 -5    0  35   5   0   1   3   0   0  12   0   0  38   0   0   0   3   3   0   0   0  1.15 0.42
  175 R   -5  0 -4 -5 -7 -2 -3 -5 -5 -7 -6  8 -5 -7 -5 -4 -4 -7 -6 -6    0   2   0   0   0   0   0   0   0   0   0  98   0   0   0   0   0   0   0   0  2.47 0.73
  176 G   -3 -4  3 -4 -2 -5 -5  7 -5 -7 -7 -5 -6 -7 -6 -3 -5 -6 -6 -7    0   1  13   0   1   0   0  85   0   0   0   0   0   0   0   1   0   0   0   0  2.05 0.59
  177 V   -3 -6 -6 -7  2 -6 -6 -7 -7  1 -2 -6  1 -4 -6 -5 -3 -6 -5  7    0   0   0   0   4   0   0   0   0   5   0   0   3   0   0   0   0   0   0  87  1.87 0.59
  178 N   -5 -4  9 -3 -7 -4 -4 -4 -1 -6 -7 -4 -6 -7 -6 -3 -4 -8 -6 -7    1   0  98   0   0   0   0   0   1   0   0   0   0   0   0   0   0   0   0   0  2.82 0.78
  179 L   -3 -5 -6 -7 -4 -5 -6 -7 -6  0  6 -5 -1 -2 -6 -5 -4 -5 -4  4    1   0   0   0   0   0   0   0   0   2  71   0   0   0   0   0   0   0   0  25  1.35 0.46
  180 P   -5 -4 -6 -6 -7 -5 -5 -6 -6 -7 -7 -5 -7 -8  9 -5 -5 -8 -7 -7    0   1   0   0   0   0   0   0   0   0   0   0   0   0  99   0   0   0   0   0  3.34 0.84
  181 G   -3 -4  3 -2 -5 -4 -4  7 -4 -7 -5  0 -5 -6 -5 -3 -4 -6 -6 -6    0   0  15   1   0   0   0  76   0   0   1   6   0   0   0   0   0   0   0   0  1.69 0.51
  182 C    2 -4 -4 -5  2 -4 -4 -4 -5  1 -2 -4 -2 -4 -4 -2  3 -5 -4  5   18   0   0   0   4   0   0   0   0   6   1   0   0   0   0   1  23   0   0  46  0.86 0.38
  183 D    1 -1  0  3 -3  0  1 -3 -2  0 -3  2 -2 -4  1  2 -1 -4 -3  0   11   2   4  17   0   2   7   0   1   6   1  13   0   0   7  19   2   0   0   7  0.25 0.16
  184 V   -3 -5 -6 -6 -1 -5 -6 -6 -6  3  0 -4 -1 -4 -5 -4 -1 -2 -4  7    0   0   0   0   1   0   0   0   0  17   4   1   1   0   0   0   3   1   0  72  1.42 0.48
  185 D   -4 -1  4  7 -6  0 -1 -2 -2 -6 -6  0 -5 -6 -4  0 -2 -7 -5 -6    0   2  20  58   0   4   1   2   0   0   0   5   0   0   0   5   2   0   0   0  1.32 0.45
  186 L   -5 -6 -7 -7 -5 -5 -6 -7 -6 -1  7 -6  0 -1 -6 -6 -4 -5 -4 -2    0   0   0   0   0   0   0   0   0   2  96   0   1   1   0   0   0   0   0   0  1.86 0.57
  187 P   -5 -6 -6 -5 -7 -4 -5 -6 -5 -7 -7 -5 -6 -8  9 -5 -5 -8 -7 -6    0   0   0   0   0   0   0   0   0   0   0   0   0   0  98   0   0   0   0   0  3.25 0.81
  188 A    5 -4 -4 -4 -2 -4 -4  3 -4 -4 -4 -3 -4 -4 -1  0  1 -5 -5 -1   58   0   0   0   0   0   0  18   0   0   0   0   0   0   3   5  10   0   0   4  0.92 0.39
  189 V   -3 -5 -5 -6 -3 -5 -5 -6 -5  4  4 -5  1 -2 -5 -4 -3 -5 -4  4    0   0   0   0   0   0   0   0   0  22  39   0   3   0   0   0   0   0   0  33  1.01 0.36
  190 S   -2 -4 -3 -4 -4 -4 -4 -3 -4 -5 -5 -4 -3 -5 -4  5  6 -6 -5 -4    2   0   0   0   0   0   0   1   0   0   0   0   0   0   0  49  47   0   0   0  1.47 0.55
  191 A   -2 -3 -3  2 -7  0  7 -5 -3 -7 -6 -2 -5 -7 -2 -3 -3 -6 -5 -6    2   0   0  10   0   3  80   0   0   0   0   1   0   0   1   0   1   0   0   0  1.78 0.58
  192 K   -4  1 -3 -4 -7  1 -3 -5 -4 -6 -6  8 -5 -7 -5 -4 -4 -6 -4 -6    0   6   0   0   0   4   0   0   0   0   0  89   0   0   0   0   0   0   0   0  2.11 0.65
  193 D   -6 -6 -2  8 -8 -4 -1 -5 -5 -7 -8 -5 -7 -8 -5 -4 -5 -8 -7 -7    0   0   0  99   0   0   1   0   0   0   0   0   0   0   0   0   0   0   0   0  2.80 0.75
  194 R    1  1 -3 -4 -3 -1  0 -4 -3  3 -2  5 -1 -4 -4 -2 -1 -4 -4  1   14   8   0   0   0   1   4   0   0  20   1  37   1   0   0   0   2   0   0   9  0.54 0.29
  195 V    2 -1  1  1 -3  3  2 -1 -2 -4 -3  2 -2 -4 -3  1 -2 -5 -4 -3   21   2   8   6   0  14  16   3   0   0   1  13   1   0   0  13   0   0   0   1  0.39 0.22
  196 D   -6 -6 -2  9 -4 -4 -2 -5 -2 -7 -8 -5 -7 -8 -5 -4 -5 -8 -7 -7    0   0   0  99   0   0   0   0   1   0   0   0   0   0   0   0   0   0   0   0  2.80 0.76
  197 L   -4 -6 -6 -7 -4 -5 -6 -7 -6  5  5 -6 -1 -3 -6 -6 -4 -5 -3 -1    0   0   0   0   0   0   0   0   0  37  63   0   0   0   0   0   0   0   0   0  1.47 0.48
  198 Q   -2  3 -1 -3 -3  3  1 -4 -1  0  1  4 -1 -4 -4 -2 -2 -5 -3 -1    2  20   3   0   0  12   8   0   1   7  14  27   1   0   0   0   1   0   0   4  0.46 0.25
  199 F   -6 -7 -7 -8 -6 -7 -7 -7 -5 -4 -3 -7 -4  9 -8 -6 -6  5 -1 -5    0   0   0   0   0   0   0   0   0   0   0   0   0  92   0   0   0   8   0   0  2.93 0.75
  200 G    0 -6 -4 -5 -6 -5 -6  7 -6 -7 -7 -5 -6 -7 -6 -4 -5 -6 -7 -7    6   0   0   0   0   0   0  94   0   0   0   0   0   0   0   0   0   0   0   0  2.33 0.64
  201 V   -2 -6 -6 -6  4 -5 -6 -6 -6  5  0 -5 -1 -3 -5 -5 -3 -6 -4  6    1   0   0   0   8   0   0   0   0  31   5   0   0   0   0   0   0   0   0  55  1.33 0.45
  202 E   -2 -1 -3  0 -6  1  6 -3 -3 -6 -5  3 -4 -6  1 -2 -3 -6 -5 -4    3   2   0   4   0   4  58   1   0   0   0  16   0   0   8   1   0   0   0   1  1.12 0.43
  203 Q   -4 -3  5 -3 -5  7 -1 -5  3 -3 -5 -1  1 -6 -5 -3 -4 -6 -5 -4    0   0  30   0   0  53   2   0   5   1   0   1   4   0   0   0   0   0   0   1  1.54 0.56
  204 G   -3 -2  3  2 -5  0  1  5 -2 -6 -6  1 -5 -6 -4 -2 -4 -5 -5 -6    0   2  13  12   0   3   8  51   1   0   0  10   0   0   0   0   0   0   0   0  0.98 0.36
  205 V   -3 -6 -6 -6 -2 -5 -6 -6 -6  4 -1 -6  0 -2 -6 -5 -3 -6 -4  6    1   0   0   0   1   0   0   0   0  23   3   0   1   1   0   0   0   0   0  70  1.54 0.50
  206 D   -6 -5 -1  8 -7 -4 -2 -5  1 -7 -7 -4 -7 -7 -5 -4 -3 -8 -7 -7    0   0   2  93   0   0   0   0   3   0   0   0   0   0   0   0   1   0   0   0  2.53 0.70
  207 M   -4 -5 -6 -6  0 -5 -6 -6 -5  2  0 -4  8  6 -6 -5 -3 -3  0 -2    0   0   0   0   2   0   0   0   0  11   5   1  44  33   0   0   1   0   3   1  1.56 0.52
  208 I   -4 -4 -6 -6 -4 -6 -6 -7 -6  7 -2 -6 -2 -3 -6 -5 -4 -6 -4  4    0   1   0   0   0   0   0   0   0  66   0   0   0   0   0   0   0   0   0  32  1.70 0.52
  209 F    5 -5 -5 -6 -4 -5 -5 -4 -2 -4 -4 -5 -4  7 -3 -3 -4 -3 -1 -4   50   0   0   0   0   0   0   0   1   0   0   0   0  46   1   1   0   0   1   0  1.53 0.53
  210 A    7 -5 -5 -5 -4 -4 -4 -3 -4 -4 -1 -4 -3 -5 -3 -2 -3 -6 -5 -3   91   0   0   0   0   0   0   0   0   0   5   0   0   0   1   0   0   0   0   1  1.76 0.60
  211 S   -2 -5 -3 -4 -5 -4 -4 -4 -5 -6 -6 -4 -5 -6 -5  7 -2 -7 -5 -5    1   0   0   0   0   0   0   0   0   0   0   0   0   0   0  98   0   0   0   0  2.21 0.73
  212 F   -6 -7 -7 -7 -6 -7 -7 -7 -5 -4 -3 -7 -4  9 -8 -6 -4 -3 -1 -5    0   0   0   0   0   0   0   0   0   0   1   0   0  98   0   0   1   0   0   0  3.02 0.77
  213 I   -3 -6 -6 -6 -4 -6 -6 -5 -6  7 -2 -6 -2 -3 -6 -5 -2 -6 -4  5    1   0   0   0   0   0   0   1   0  58   0   0   0   0   0   0   1   0   0  38  1.56 0.50
  214 R   -5  8 -4 -5 -7 -1 -4 -5 -4 -7 -6 -2 -5 -7 -6 -5 -5 -7 -6 -6    0  96   0   0   0   2   0   0   0   0   0   0   0   0   0   0   0   0   0   0  2.63 0.73
  215 S   -3  4  2 -1 -1 -2 -2 -3 -2 -5 -5  5 -4 -5 -4  0  0 -6 -4 -5    0  25  11   2   2   0   0   1   1   0   0  44   0   0   0   8   6   0   0   0  0.96 0.38
  216 A    6 -2 -4 -4 -4 -3 -4  3 -5 -5 -5 -2 -4 -5  1 -1 -3 -6 -5 -3   68   2   0   0   0   0   0  18   0   0   0   2   0   0   6   2   0   0   0   0  1.18 0.46
  217 E    2 -2  0  2 -4  2  2 -2 -2 -4 -5 -1 -4 -5 -3  4 -1 -5 -4 -3   15   1   3  11   0  12  14   1   1   0   0   2   0   0   0  37   2   0   0   1  0.60 0.31
  218 Q   -1 -5 -2  8 -3 -1 -1  0 -4 -7 -7 -4 -6 -7 -2 -3 -4 -7 -6 -6    4   0   0  81   1   2   1   8   0   0   0   0   0   0   2   0   0   0   0   0  1.93 0.59
  219 V   -3 -6 -6 -6 -4 -5 -6 -5 -6  4  1 -5 -2 -4 -6 -5 -3 -6 -4  6    0   0   0   0   0   0   0   1   0  20   9   0   0   0   0   0   0   0   0  70  1.48 0.49
  220 G   -1  2 -2 -1 -3  0 -1 -4  3  1  2  1  0 -2 -2 -2 -1 -3 -2  0    3  15   1   3   0   2   3   0  11   7  29   9   2   1   2   2   3   0   0   7  0.24 0.17
  221 D    2 -3 -1  3 -5  0  5 -3  1 -5 -4 -2 -3 -5 -4 -1  0 -5 -3 -4   20   0   2  15   0   3  43   1   3   0   0   1   0   0   0   3   6   0   1   0  0.78 0.35
  222 V   -4 -4 -6 -6 -4 -6 -6 -7 -6  7 -1 -6 -1 -3 -6 -5 -4 -6 -4  4    0   1   0   0   0   0   0   0   0  73   1   0   1   0   0   0   0   0   0  24  1.77 0.54
  223 R   -5  8 -4 -5 -7 -2 -4 -6 -3 -7 -6  0 -5 -7 -6 -4 -3 -6 -5 -6    0  94   0   0   0   0   0   0   0   0   0   4   0   0   0   0   1   0   0   0  2.53 0.71
  224 K   -1  2  0  1 -4  2  4 -2 -2 -5 -5  4 -2 -5 -2 -1 -2 -5 -4 -4    5   8   3   6   0   8  28   2   1   0   0  32   1   0   1   3   1   0   0   0  0.70 0.30
  225 A    0 -5 -4 -5 -1 -4 -4 -5 -1  4  2 -4  0  0 -5 -3 -2 -4 -2  4    8   0   1   0   1   0   0   0   2  24  21   0   1   3   0   0   1   0   1  38  0.72 0.29
  226 L   -5 -6 -7 -7 -4 -6 -6 -5 -6 -1  7 -6  0 -2 -5 -6 -5 -5 -4 -2    0   0   0   0   0   0   0   1   0   1  95   0   1   1   0   0   0   0   0   1  1.82 0.57
  227 G   -2 -4 -1 -1 -5 -2  4  6 -4 -6 -6 -1 -5 -6 -5 -3 -3 -6 -5 -5    1   0   2   3   0   1  29  59   0   0   0   3   0   0   0   1   1   0   0   1  1.31 0.45
  228 P   -1  0 -1  1 -6  1  6 -4 -2 -5 -5  1 -4 -6  2 -2 -2 -6 -5 -5    5   4   2   8   0   4  52   0   0   1   1   8   0   0  12   2   1   0   0   0  0.92 0.37
  229 K    0  1  4  1 -4  1  2 -3  5 -5 -4  3 -4 -4 -3 -2 -3 -5 -1 -4    7   5  18   7   0   4  12   1  17   0   1  24   0   0   0   1   0   0   1   0  0.64 0.28
  230 G    1 -4  2 -2 -5 -4 -3  7 -4 -6 -6 -4 -4 -6 -5 -2 -4 -6 -6 -5   11   0   9   2   0   0   1  74   0   0   0   0   0   0   0   1   0   0   0   0  1.57 0.48
  231 R    2  1 -1 -2 -4  1  1  0 -1 -4 -4  5 -3 -5 -3  0 -1 -5 -2 -3   23   8   2   1   0   4   6   6   2   0   0  37   0   0   0   6   3   0   1   1  0.54 0.27
  232 D   -3 -2  4  4 -5 -1  0 -1  6 -4 -5  0 -4 -3 -4  0 -2 -5  0 -5    1   1  24  21   0   2   5   4  24   1   0   5   0   1   0   7   1   0   2   0  0.83 0.33
  233 I   -4 -6 -7 -7 -5 -5 -7 -7 -7  8 -1 -6  0 -4 -6 -6 -3 -6 -5  1    1   0   0   0   0   0   0   0   0  90   2   0   2   0   0   0   1   0   0   4  2.09 0.61
  234 M   -3  0 -2  0 -5  5 -1 -3  2 -4  0  5  1 -3 -3 -2 -3 -3 -3 -4    1   3   1   5   0  26   1   1   6   0   8  42   3   1   0   1   0   0   1   0  0.80 0.36
  235 I   -4 -6 -6 -6 -4 -6 -6 -7 -6  8  0 -4 -2 -3 -6 -6 -4 -6 -5  2    0   0   0   0   0   0   0   0   0  83   7   1   0   0   0   0   0   0   0   8  1.89 0.56
  236 I   -5 -6 -6 -6 -2 -6 -6 -7 -6  8 -2 -6  3  1 -4 -6 -4 -5 -3  0    0   0   0   0   1   0   0   0   0  83   0   0   6   5   1   0   0   0   0   2  1.89 0.57
  237 C    3 -4 -3 -4  0 -2 -3 -3 -4 -5 -5 -3 -4 -5  3  5 -2 -6 -5 -1   24   0   0   0   2   1   0   0   0   0   0   0   0   0  14  54   0   0   0   4  1.07 0.45
  238 K   -4 -1 -4 -4 -7 -2 -3 -5 -4 -7 -6  8 -5 -7 -3 -4 -4 -7 -6 -6    0   0   0   0   0   0   0   0   0   0   0  98   0   0   1   0   0   0   0   0  2.45 0.72
  239 I   -5 -6 -7 -7 -5 -6 -6 -7 -7  8 -1 -6 -2 -4 -6 -4 -4 -6 -5  2    0   0   0   0   0   0   0   0   0  87   1   0   0   0   0   1   0   0   0  11  2.04 0.59
  240 E   -5 -4 -4 -2 -7 -2  8 -6 -4 -7 -5 -3 -6 -7 -5 -4 -5 -7 -6 -6    0   0   0   0   0   0  98   0   0   0   1   0   0   0   0   0   0   0   0   0  2.47 0.74
  241 N   -4 -4  8 -2 -2 -4 -4 -4 -3 -7 -7 -4 -6 -7 -5  1 -1 -7 -6 -6    0   0  86   0   1   0   0   0   0   0   0   0   0   0   0  10   3   0   0   0  2.29 0.68
  242 H   -4  2 -3 -3 -6  7  1 -5  6 -5 -3 -2 -3 -5 -5 -3 -2 -5 -3 -4    1  12   0   0   0  52   8   0  20   0   2   1   0   0   0   0   2   0   0   1  1.41 0.51
  243 Q   -4 -3 -4 -2 -7  6  7 -5 -3 -7 -6 -2 -5 -7 -5 -2 -4 -6 -5 -6    0   0   0   0   0  32  65   0   0   0   0   0   0   0   0   2   0   0   0   0  1.86 0.62
  244 G   -2 -6 -4 -5 -6 -5 -6  8 -6 -7 -7 -5 -6 -7 -6 -4 -5 -6 -7 -7    3   0   0   0   0   0   0  97   0   0   0   0   0   0   0   0   0   0   0   0  2.44 0.66
  245 V   -3 -5 -6 -4  0 -5 -5 -6 -6  2  2 -5  2 -3 -5 -5 -3 -5 -4  6    0   0   0   1   2   0   0   0   0   9  16   0   6   0   0   0   0   0   0  66  1.26 0.44
  246 Q   -1  2  3  5 -4  1  2 -3  0 -2 -4  1 -1 -4 -3 -1 -1 -4 -4 -2    6  10  13  31   0   7  11   0   2   2   1   7   1   0   0   2   3   0   0   3  0.52 0.24
  247 N   -4  2  8 -2 -6 -3 -3 -4 -2 -7 -6  0 -6 -7 -6 -3 -4 -7 -6 -5    1   9  82   0   0   0   0   0   1   0   0   5   0   0   0   0   0   0   0   1  2.15 0.65
  248 I   -2 -6 -6 -6 -3 -6 -6 -6 -5  4  1 -6 -1  7 -6 -4 -4 -3  0 -1    4   0   0   0   0   0   0   0   0  28  13   0   1  49   0   1   0   0   1   2  1.29 0.43
  249 D   -3 -4  0  8 -7 -3  1 -5 -4 -7 -7 -1 -4 -7 -4 -3 -4 -8 -6 -6    2   0   3  82   0   0   6   0   0   0   0   3   1   0   0   0   0   0   0   0  2.03 0.60
  250 S   -1 -2 -3  2 -6  0  7 -3 -3 -6 -6 -2 -5 -6 -4 -1 -4 -6 -5 -6    6   1   0  11   0   2  73   2   0   0   0   1   0   0   0   4   0   0   0   0  1.52 0.53
  251 I   -5 -7 -7 -7 -5 -6 -7 -7 -7  8 -2 -6 -2 -4 -6 -6 -4 -6 -5  0    0   0   0   0   0   0   0   0   0  97   0   0   0   0   0   0   0   0   0   2  2.41 0.67
  252 I   -4 -5 -6 -7 -4 -5 -6 -7 -6  4  5 -5  1 -3 -6 -5 -4 -5 -4  0    0   0   0   0   0   0   0   0   0  28  68   0   2   0   0   0   0   0   0   2  1.39 0.46
  253 E    2  1 -2  0 -5  2  5 -4 -3 -5 -4  3 -3 -5 -4 -2 -3 -5 -4 -4   17   6   1   4   0   7  46   0   0   0   1  15   0   0   0   1   0   0   0   1  0.83 0.36
  254 E    3 -3 -1 -3 -3 -1  3 -4 -3 -1 -2 -2 -3 -2 -4 -2 -3 -5 -3  4   28   1   4   0   0   1  24   0   0   2   2   2   0   2   0   0   0   0   0  35  0.62 0.33
  255 S    2 -4 -3 -4 -3 -3 -3 -3 -4 -5 -5 -3 -4 -6 -4  6  3 -6 -5 -3   15   0   0   0   0   0   0   0   0   0   0   0   0   0   0  64  20   0   0   1  1.30 0.52
  256 D   -6 -5 -2  8 -8 -3 -2 -5 -4 -7 -8 -5 -7 -8 -5 -4 -5 -8 -7 -7    0   0   1  98   0   1   0   0   0   0   0   0   0   0   0   0   0   0   0   0  2.75 0.74
  257 G    0 -6 -4 -5 -6 -5 -5  7 -6 -7 -6 -5 -6 -7 -6 -2 -5 -6 -6 -6    8   0   0   0   0   0   0  90   0   0   0   0   0   0   0   1   0   0   0   0  2.18 0.61
  258 I   -4 -6 -6 -6 -4 -5 -6 -6 -6  6  2 -5 -1  1 -6 -5 -3 -5 -3  4    0   0   0   0   0   0   0   0   0  53  18   0   0   5   0   0   0   0   0  23  1.24 0.41
  259 M   -5 -6 -7 -8 -6 -5 -7 -7 -6 -3 -2 -6 11 -4 -7 -6 -5 -6 -5 -4    0   0   0   0   0   0   0   0   0   0   1   0  99   0   0   0   0   0   0   0  3.59 0.94
  260 V   -4 -6 -7 -7 -4 -6 -6 -7 -7  1 -3 -6 -3 -4 -6 -5 -3 -7 -5  7    0   0   0   0   0   0   0   0   0   6   0   0   0   0   0   0   0   0   0  94  2.11 0.64
  261 A    7 -5 -5 -4 -4 -4 -4 -3 -5 -5 -5 -4 -5 -6 -4 -2 -4 -6 -5 -4   98   0   0   1   0   0   0   1   0   0   0   0   0   0   0   0   0   0   0   0  2.06 0.67
  262 R   -5  9 -4 -6 -2 -3 -4 -6 -4 -7 -6 -2 -5 -7 -6 -5 -5 -7 -6 -7    0  99   0   0   1   0   0   0   0   0   0   0   0   0   0   0   0   0   0   0  2.77 0.77
  263 G   -3 -6 -4 -5 -6 -6 -6  8 -6 -8 -8 -5 -7 -7 -6 -4 -5 -6 -7 -7    0   0   0   0   0   0   0 100   0   0   0   0   0   0   0   0   0   0   0   0  2.57 0.68
  264 D   -6 -6 -2  8 -8 -4 -2 -5 -5 -7 -8 -5 -7 -8 -5 -3 -5 -8 -7 -7    0   0   1  99   0   0   0   0   0   0   0   0   0   0   0   1   0   0   0   0  2.79 0.75
  265 L   -5 -6 -7 -7 -5 -5 -6 -7 -6 -2  6 -6  4 -3 -6 -6 -4 -5 -4 -2    0   0   0   0   0   0   0   0   0   0  91   0   9   0   0   0   0   0   0   0  1.85 0.57
  266 G   -3 -6 -4 -5 -6 -6 -6  8 -6 -8 -7 -5 -6 -7 -6 -4 -5 -6 -7 -7    1   0   0   0   0   0   0  99   0   0   0   0   0   0   0   0   0   0   0   0  2.55 0.68
  267 V   -4 -6 -6 -6 -4 -5 -6 -7 -6  6 -2 -5  4 -3 -6 -5 -3 -6 -4  5    0   0   0   0   0   0   0   0   0  44   0   0  10   0   0   0   0   0   0  45  1.50 0.49
  268 E   -4 -4 -4 -2 -8 -1  8 -5 -4 -7 -7 -3 -6 -7 -5 -4 -5 -7 -6 -5    0   0   0   0   0   0  98   0   0   0   0   0   0   0   0   0   0   0   0   1  2.46 0.74
  269 I   -5 -7 -7 -7 -5 -6 -7 -8 -7  8 -2 -6  0 -4 -6 -6 -4 -6 -5  1    0   0   0   0   0   0   0   0   0  94   0   0   1   0   0   0   0   0   0   4  2.31 0.65
  270 P   -3 -5 -4 -5 -7 -4 -5 -4 -5 -7 -6 -5 -6 -8  9 -4 -5 -8 -7 -6    1   0   1   0   0   0   0   1   0   0   0   0   0   0  94   1   0   0   0   0  3.03 0.78
  271 A    4 -4 -4 -4 -2 -3 -4 -3 -4  1 -2 -3 -1 -3  3 -1  2 -5 -4  0   44   0   0   0   0   1   0   1   0  10   2   0   1   1  17   1  15   0   0   7  0.70 0.33
  272 E   -1 -4 -4 -2 -7  0  7 -5 -3 -7 -6 -2 -5 -7  0 -1 -3 -6 -5 -6    6   0   0   0   0   3  81   0   0   0   0   0   0   0   4   5   1   0   0   0  1.73 0.59
  273 K   -3  0 -2  0 -6  3  4 -4 -2 -6 -4  6 -3 -6 -4 -2 -3 -6 -5 -5    1   2   1   5   0  10  30   0   1   0   1  47   1   0   0   1   0   0   0   0  1.12 0.43
  274 V   -4 -6 -6 -7 -4 -6 -6 -7 -7  2 -2 -6 -2 -4 -6 -5 -3 -6 -5  7    0   0   0   0   0   0   0   0   0  10   1   0   0   0   0   0   0   0   0  88  1.92 0.59
  275 V   -3 -6 -6 -6 -2 -6 -5 -6 -5 -2 -3 -5 -4  7  6 -4 -4 -3 -1 -2    2   0   0   0   1   0   0   0   0   2   1   0   0  55  35   1   0   0   0   2  1.80 0.55
  276 V    0 -3 -5 -5 -3 -4 -5 -5 -4  3  5 -4  2  0 -4 -4 -2 -4 -2  1    8   1   0   0   0   0   0   0   0  16  56   0   3   2   0   0   1   0   1  10  0.80 0.31
  277 A    6 -5 -5 -5 -3 -4 -4 -4 -5  0 -3 -4 -2 -4 -4 -2 -3 -3 -4  4   63   0   0   0   0   0   0   0   0   4   1   0   1   0   0   0   0   0   0  29  1.20 0.47
  278 Q   -5 -3 -4 -4 -7  9 -2 -6 -4 -7 -6 -3 -5 -7 -5 -4 -5 -6 -6 -6    0   0   0   0   0 100   0   0   0   0   0   0   0   0   0   0   0   0   0   0  2.97 0.87
  279 K   -5 -1 -4 -5 -7 -2 -3 -5 -5 -7 -6  8 -3 -7 -5 -4 -5 -7 -6 -6    0   0   0   0   0   0   0   0   0   0   0  99   1   0   0   0   0   0   0   0  2.48 0.73
  280 I   -2 -1 -3 -2 -1  0  0 -5 -3 -1 -1  1  9 -3 -5 -1 -2 -4 -3 -1    3   4   1   2   1   4   6   0   0   2   3   8  55   0   0   5   2   0   0   3  1.14 0.46
  281 L   -4 -3 -6 -7 -4 -4 -6 -7 -5  4  3 -5  9 -3 -6 -5 -4 -5 -4 -2    0   1   0   0   0   0   0   0   0  20  26   0  52   0   0   0   0   0   0   0  1.73 0.56
  282 I   -5 -7 -7 -7 -5 -6 -7 -7 -7  8 -2 -6  0 -3 -6 -6 -2 -6 -5  0    0   0   0   0   0   0   0   0   0  95   0   0   1   0   0   0   2   0   0   1  2.30 0.66
  283 S    3  1 -2 -2 -3  0  1  2 -1 -4 -4  2 -3 -3 -3  1 -1 -4  0 -3   29   7   0   1   0   3  11  14   1   0   0  12   0   1   0  12   2   0   4   0  0.37 0.22
  284 K   -4  4 -3 -4 -4 -1 -2 -5 -3 -4 -3  7  2 -6 -5 -3 -4 -6 -5 -5    0  23   0   0   0   2   0   0   0   1   2  67   5   0   0   0   0   0   0   0  1.56 0.53
  285 C   -2 -8 -7 -8 12 -7 -8 -6 -7 -6 -6 -7 -6 -7 -7 -4 -4 -7 -7 -5    3   0   0   0  95   0   0   0   0   0   0   0   0   0   0   1   1   0   0   0  3.91 0.90
  286 N   -5 -4  9 -3 -7 -3 -4 -4 -3 -6 -6 -3 -6 -6 -6 -3 -4 -8 -4 -7    0   0  96   0   0   0   0   0   0   0   1   1   0   0   0   1   0   0   1   0  2.74 0.77
  287 V    0  3 -2 -2 -3  0  0 -3 -2  2  1  2  1 -2 -3 -1 -1 -4 -2  0    7  19   1   1   0   3   5   0   1  15  18  13   4   1   0   4   2   0   0   6  0.21 0.15
  288 A    5 -3 -3 -5 -3  0 -3 -3 -4 -1  0 -1  0 -4 -4 -2 -2 -5 -3  2   61   0   1   0   0   4   1   0   0   2  11   3   2   0   0   0   1   0   1  13  0.81 0.37
  289 G   -1 -3 -3 -5 -5 -5 -6  7 -4 -7 -7 -5 -6 -7 -6 -3 -5 -6 -7 -7    3   1   0   0   0   0   0  94   0   0   0   0   0   0   0   1   0   0   0   0  2.29 0.63
  290 K   -5 -1 -4 -5 -7 -2 -3 -5 -5 -6 -6  8 -5 -7 -5 -4 -4 -7 -6 -6    0   1   0   0   0   0   0   0   0   0   0  99   0   0   0   0   0   0   0   0  2.46 0.73
  291 P   -3 -6 -6 -6 -7 -5 -5 -6 -6 -6 -6 -5 -3 -5  9 -3 -4 -8 -6 -4    1   0   0   0   0   0   0   0   0   0   0   0   1   0  94   1   1   0   0   1  3.03 0.78
  292 V   -3 -6 -6 -7 -2 -6 -6 -6 -7  1 -3 -6 -3 -4 -6 -4 -3 -6 -5  7    1   0   0   0   1   0   0   0   0   4   0   0   0   0   0   1   0   0   0  92  2.00 0.62
  293 I   -4 -6 -7 -7 -5 -6 -7 -7 -7  8 -2 -6 -2 -4 -6 -6 -3 -6 -5  3    1   0   0   0   0   0   0   0   0  84   0   0   0   0   0   0   1   0   0  14  2.02 0.59
  294 C   -4 -6 -5 -6  9 -5 -6 -6 -6 -2 -5 -5 -4 -6 -5 -3  6 -6 -6 -2    0   0   0   0  46   0   0   0   0   1   0   0   0   0   0   0  50   0   0   2  2.22 0.65
  295 A    7 -5 -5 -5 -4 -4 -5 -3 -5 -5 -5 -4 -5 -6 -4 -2 -4 -6 -5 -4   99   0   0   0   0   0   0   0   0   0   0   0   0   0   0   0   0   0   0   0  2.13 0.68
  296 T   -3 -5 -2 -5 -5 -4 -5 -5 -6 -3 -5 -4 -2 -6 -5 -2  8 -6 -5 -4    1   0   1   0   0   0   0   0   0   1   0   0   1   0   0   0  96   0   0   0  2.35 0.74
  297 Q   -5 -3 -4 -4 -7  9 -2 -6 -1 -7 -6 -3 -3 -7 -5 -4 -5 -6 -5 -6    0   0   0   0   0  98   0   0   1   0   0   0   0   0   0   0   0   0   0   0  2.88 0.85
  298 M   -5 -6 -7 -8 -6 -5 -6 -7 -6 -3 -1 -6 11 -4 -7 -6 -5 -6 -5 -4    0   0   0   0   0   0   0   0   0   0   2   0  98   0   0   0   0   0   0   0  3.53 0.93
  299 L   -5 -6 -7 -7 -5 -6 -6 -7 -6 -2  7 -6 -1 -3 -6 -6 -5 -5 -5 -3    0   0   0   0   0   0   0   0   0   0 100   0   0   0   0   0   0   0   0   0  2.03 0.61
  300 E   -5 -4 -3  5 -7 -2  6 -5 -4 -7 -7 -3 -6 -7 -5 -4 -4 -7 -3 -6    0   0   0  37   0   0  62   0   0   0   0   0   0   0   0   0   0   0   1   0  1.84 0.59
  301 S   -2 -5 -3 -4 -5 -4 -4 -3 -3 -6 -6 -4 -5 -6 -5  7 -2 -7 -6 -6    0   0   0   0   0   0   0   1   1   0   0   0   0   0   0  98   0   0   0   0  2.19 0.73
  302 M   -5 -6 -7 -8 -6 -5 -6 -7 -6 -3 -2 -4 11 -4 -7 -6 -5 -6 -5 -3    0   0   0   0   0   0   0   0   0   0   0   1  98   0   0   0   0   0   0   0  3.52 0.93
  303 T   -3 -4 -4 -5 -4  4 -3 -5 -5  6 -2 -4  1 -4 -5 -3  3 -5 -4  2    0   0   0   0   0  18   1   0   0  46   0   0   3   0   0   0  20   0   0  11  1.01 0.42
  304 Y   -3  5 -1 -3 -5  0 -2 -4  2 -4 -4  5 -4 -2 -4 -1  0 -4  3 -2    1  29   3   1   0   3   1   0   5   0   0  34   0   1   0   2   5   0  12   3  0.80 0.34
  305 N   -3 -2  7 -2 -5 -3 -3 -3  0 -6 -6  4 -5 -5 -5  0 -3 -7 -4 -5    2   1  64   0   0   0   0   0   2   0   0  23   0   0   0   6   0   0   0   0  1.59 0.54
  306 P   -3 -6 -4 -5 -7 -5 -5 -6 -6 -6 -7 -4 -6 -8  9 -4 -5 -8 -7 -6    2   0   1   0   0   0   0   0   0   0   0   0   0   0  96   0   0   0   0   0  3.12 0.80
  307 R   -5  9 -4 -6 -7 -3 -4 -6 -4 -6 -6 -2 -5 -7 -6 -4 -5 -7 -6 -6    0  99   0   0   0   0   0   0   0   0   0   0   0   0   0   0   0   0   0   0  2.75 0.76
  308 P   -2 -6 -6 -5 -2 -5 -5 -6 -6 -7 -7 -5 -6 -8  9 -5 -5 -8 -7 -6    4   0   0   0   1   0   0   0   0   0   0   0   0   0  95   0   0   0   0   0  3.07 0.78
  309 T   -4 -5 -4 -5 -5 -5 -5 -5 -6 -5 -5 -5 -5 -6 -2 -2  8 -6 -6 -4    0   0   0   0   0   0   0   0   0   0   0   0   0   0   2   0  98   0   0   0  2.42 0.75
  310 R   -5  9 -4 -5 -7 -3 -4 -6 -4 -6 -6 -1 -5 -6 -5 -4 -5 -6 -5 -6    0  97   0   0   0   0   0   0   0   0   0   0   0   0   0   0   0   0   0   0  2.65 0.73
  311 A    7 -5 -5 -5 -4 -4 -4 -3 -5 -5 -5 -4 -4 -6 -4 -2 -3 -6 -5 -4   97   0   0   0   0   0   0   0   0   0   0   0   0   0   0   1   0   0   0   0  2.02 0.64
  312 E   -4 -4 -4 -2 -7 -2  8 -6 -4 -7 -6 -3 -6 -7 -5 -4 -4 -6 -6 -6    0   0   0   0   0   0  98   0   0   0   0   0   0   0   0   0   0   0   0   0  2.44 0.72
  313 V    4 -4 -3 -4  1 -3 -3  1 -4  0 -3 -3 -3 -4 -3  1  1 -5 -4  3   41   0   0   0   3   0   0  12   0   4   1   0   0   0   0   8   7   0   0  23  0.59 0.30
  314 S   -2 -4 -1 -4 -2 -3 -3 -1 -4 -5 -5 -3 -4 -5 -4  6  3 -6 -5 -4    1   0   1   0   1   0   0   4   0   0   1   0   0   0   0  71  20   0   0   0  1.39 0.53
  315 D   -5 -5 -2  8 -7 -4 -2 -5 -5 -7 -7 -4 -7 -7 -5 -4 -5 -8 -5 -7    0   0   0  98   0   0   0   0   0   0   0   0   0   0   0   0   0   0   0   0  2.73 0.73
  316 V   -4 -6 -6 -6 -4 -6 -6 -6 -6  1 -3 -6 -3 -4 -6 -5 -3 -6 -5  8    0   0   0   0   0   0   0   0   0   3   0   0   0   0   0   0   0   0   0  95  2.10 0.63
  317 A    7 -5 -5 -5 -2 -4 -4  0 -5 -5 -5 -4 -4 -5 -4 -2 -3 -6 -5 -4   90   0   0   0   1   0   0   7   0   0   0   0   0   0   0   1   0   0   0   0  1.75 0.59
  318 N   -5 -4  9 -2 -6 -4 -4 -4 -3 -7 -7 -3 -6 -7 -6 -3 -3 -7 -6 -7    0   0  97   0   0   0   0   0   0   0   0   0   0   0   0   0   1   0   0   0  2.79 0.76
  319 A    7 -5 -5 -5 -4 -4 -4 -3 -5 -5 -5 -4 -4 -6 -4 -2 -3 -6 -5 -4   98   0   0   0   0   0   0   0   0   0   0   0   0   0   0   1   0   0   0   0  2.04 0.65
  320 V   -4 -6 -6 -6 -4 -5 -6 -6 -6  6 -2 -5 -2 -3 -5 -5 -3 -6 -4  6    0   0   0   0   0   0   0   0   0  44   0   0   0   0   0   0   0   0   0  55  1.60 0.50
  321 F   -4 -5 -5 -6 -4 -5 -5 -6 -4 -1  5 -5  1  5 -5 -5 -2 -3  1 -1    0   0   0   0   0   0   0   0   0   2  60   0   2  26   0   0   2   0   4   1  1.17 0.40
  322 N   -5 -5 -1  8 -7 -3 -2 -5 -5 -7 -7 -4 -7 -7 -5 -4 -5 -8 -7 -7    0   0   2  96   0   1   1   0   0   0   0   0   0   0   0   0   0   0   0   0  2.62 0.70
  323 G   -3 -6 -4 -5 -6 -5 -6  8 -5 -7 -7 -5 -6 -6 -6 -3 -5 -6 -6 -6    0   0   0   0   0   0   0  98   0   0   0   0   0   0   0   1   0   0   0   0  2.46 0.65
  324 A    4 -4 -3 -4 -3 -3 -4 -3 -4 -3 -4 -3 -4 -5 -4  1  5 -5 -4 -1   42   0   0   0   0   0   0   0   0   1   0   0   0   0   0   8  45   0   0   3  1.13 0.46
  325 D   -5 -5 -2  8 -7 -4 -2 -5 -5 -7 -7 -4 -7 -7 -5 -3 -5 -8 -7 -7    0   0   0  97   0   0   0   0   0   0   0   0   0   0   0   1   0   0   0   0  2.70 0.72
  326 C    4 -6 -6 -6 10 -5 -6 -4 -6 -5 -4 -5 -5 -6 -5 -2 -4 -6 -6 -4   37   0   0   0  60   0   0   0   0   0   1   0   0   0   0   1   0   0   0   0  2.39 0.65
  327 V   -3 -6 -6 -6 -2 -5 -6 -6 -6  5 -1 -5 -2 -3 -5 -5 -2 -6 -4  6    0   0   0   0   1   0   0   0   0  36   1   0   0   0   0   0   1   0   0  60  1.53 0.49
  328 M   -5 -5 -6 -7 -6 -5 -6 -7 -6 -3 -2 -5 11 -4 -6 -6 -5 -6 -5 -3    0   0   0   0   0   0   0   0   0   0   0   0  98   0   0   0   0   0   0   0  3.49 0.91
  329 L   -5 -5 -7 -7 -5 -5 -6 -7 -6 -2  7 -6 -1 -3 -6 -6 -4 -5 -4 -2    0   0   0   0   0   0   0   0   0   0  98   0   0   0   0   0   0   0   0   0  1.94 0.59
  330 S   -2 -4 -3 -4 -2 -4 -4 -3 -4 -6 -6 -4 -5 -6 -4  7 -1 -6 -5 -5    1   0   0   0   1   0   0   1   0   0   0   0   0   0   0  95   1   0   0   0  2.05 0.69
  331 G   -2 -5 -4 -4 -6 -5 -5  7 -5 -7 -7 -5 -6 -6 -5 -4 -5 -6 -6 -6    2   0   0   0   0   0   0  96   0   0   0   0   0   0   0   0   0   0   0   0  2.37 0.63
  332 E   -5 -4 -4 -2 -7 -2  8 -6 -4 -7 -6 -3 -6 -7 -5 -4 -5 -6 -6 -6    0   0   0   0   0   0  98   0   0   0   0   0   0   0   0   0   0   0   0   0  2.47 0.73
  333 T   -3 -5 -4 -5 -5 -4 -5 -5 -5 -5 -5 -4 -4 -6 -5  1  8 -6 -5 -4    0   0   0   0   0   0   0   0   0   0   0   0   0   0   0   8  92   0   0   0  2.23 0.71
  334 A    7 -5 -5 -6 -4 -4 -5 -3 -5 -5 -5 -4 -5 -3 -4 -2 -3 -6 -5 -4   99   0   0   0   0   0   0   0   0   0   0   0   0   1   0   0   0   0   0   0  2.10 0.67
  335 K    4 -1  1 -4 -5 -2 -3 -2 -4 -4 -4  6 -2 -6 -4 -1 -3 -6 -5 -4   33   1   7   0   0   0   0   1   0   0   1  52   1   0   0   3   0   0   0   0  1.07 0.44
  336 G   -3 -6 -4 -5 -6 -6 -6  8 -6 -8 -8 -5 -7 -7 -6 -4 -5 -6 -7 -7    0   0   0   0   0   0   0 100   0   0   0   0   0   0   0   0   0   0   0   0  2.59 0.69
  337 K    0 -1  1  4 -4  0  0 -3  0 -3 -1  3 -2 -5 -3  1 -1 -5 -4 -3    9   1   7  26   0   3   3   0   2   1   6  26   0   0   0  12   2   0   0   0  0.48 0.25
  338 Y   -6 -6 -5 -7 -7 -6 -6 -7  1 -5 -5 -6 -5  2 -7 -6 -6  2 10 -5    0   0   0   0   0   0   0   0   2   0   0   0   0   6   0   0   0   2  90   0  2.99 0.79
  339 P   -5 -6 -6 -6 -7 -5 -5 -6 -6 -7 -7 -5 -7 -8  9 -5 -5 -8 -7 -6    0   0   0   0   0   0   0   0   0   0   0   0   0   0  99   0   0   0   0   0  3.34 0.84
  340 N   -2 -4 -1 -3 -2 -3  0 -5 -4  3  2 -3 -1 -2 -4 -2 -2 -5 -3  5    1   0   3   1   1   0   7   0   0  16  19   1   0   1   0   2   1   0   0  44  0.62 0.28
  341 E   -3 -3 -2 -1 -7  2  7 -5 -3 -4 -1 -2 -4 -6 -5 -3 -4 -6 -5 -4    1   0   2   2   0   6  80   0   0   1   6   0   0   0   0   0   0   0   0   1  1.67 0.57
  342 V    6 -4 -4 -5  4 -4 -4 -3 -5 -4 -4 -4 -4 -5 -4  2  0 -6 -5 -1   67   0   0   0   8   0   0   0   0   0   0   0   0   0   0  18   5   0   0   3  1.23 0.48
  343 V   -3 -6 -6 -7 -4 -6 -6 -7 -7  1  0 -6 -2 -3 -6 -5 -3 -6 -5  7    1   0   0   0   0   0   0   0   0   3   6   0   0   0   0   0   0   0   0  89  1.88 0.59
  344 Q    0  3 -1 -2 -3  4  1 -3 -1 -3 -1  3 -1 -4 -3  0  1 -5 -3 -3    6  18   1   1   0  19   9   0   1   0   6  23   1   0   0   5   8   0   0   1  0.50 0.25
  345 Y   -2 -4 -4 -5 -4 -4 -1 -5 -3  2 -2 -4  7 -4 -5 -3  5 -5  0  0    2   0   0   0   0   0   4   0   0  10   0   0  30   0   0   0  46   0   3   4  1.21 0.49
  346 M   -4 -5 -6 -7 -6  2 -5 -7 -5 -3 -2 -5 11 -4 -7 -5 -5 -6 -5 -4    1   0   0   0   0  11   0   0   0   0   0   0  88   0   0   0   0   0   0   0  3.04 0.85
  347 A    4 -2  0 -2 -3 -2 -3 -3  7 -5 -5 -3 -4 -4 -4  1 -2 -5 -2 -2   41   2   4   2   0   0   0   0  32   0   0   0   0   0   0  12   2   0   1   3  1.06 0.42
  348 R   -1  4  3  0 -4  1  2 -3 -1 -4 -1  3 -2 -3 -3  0 -1 -4 -2 -4    5  23  14   3   0   6  13   0   1   0   6  18   1   1   0   6   3   0   1   0  0.43 0.22
  349 I   -3 -6 -6 -6 -3 -6 -6 -7 -6  8 -1 -6 -2 -4 -6 -4  2 -6 -5  0    1   0   0   0   0   0   0   0   0  79   2   0   0   0   0   1  15   0   0   2  1.75 0.56
  350 C    5 -6 -6 -6  9 -5 -5 -4 -6 -4 -5 -5 -5 -6 -5 -2 -4 -6 -6 -3   48   0   0   0  48   0   0   0   0   1   0   0   0   0   0   1   0   0   0   1  2.11 0.62
  351 L   -2  3 -2 -3 -1  0  1 -3 -2  1  1  2  0 -2 -3 -1 -1 -4 -1  0    2  23   1   0   2   3  10   0   0   8  19  14   1   1   0   3   2   0   2   8  0.27 0.18
  352 E   -2  4 -3 -2 -4  1  5 -5 -2 -2 -1  2 -1 -4 -4 -2 -2 -5 -4 -3    2  21   0   0   0   3  45   0   1   3   8  10   1   0   0   2   2   0   0   1  0.77 0.34
  353 A    6 -5 -4 -5 -4 -4 -4 -3 -5 -2 -4 -4 -3 -5 -4 -1  2 -6 -5 -2   78   0   0   0   0   0   0   0   0   2   0   0   0   0   0   3  15   0   0   2  1.44 0.53
  354 Q   -4 -4 -4 -1 -7  0  8 -6 -4 -7 -7 -3 -6 -7 -5 -4 -5 -7 -6 -6    0   0   0   2   0   3  95   0   0   0   0   0   0   0   0   0   0   0   0   0  2.34 0.71
  355 S    3 -1  1 -1 -1  1  1 -1 -1 -3 -2  0 -1 -4 -3  3  0 -4 -3 -1   27   3   7   2   1   6   8   3   1   1   3   7   1   0   0  23   6   0   0   3  0.30 0.19
  356 A    5 -3 -3 -3  0 -1 -2 -2 -3 -2 -4 -2 -1 -2 -3  2  1 -5 -1  0   56   0   0   1   2   2   1   1   0   1   0   1   2   1   0  14  10   0   2   5  0.72 0.35
  357 L   -3 -4 -5 -4 -3 -2 -4 -5 -5  5  3 -4  3  0 -4 -4  0 -4 -2  1    0   0   0   0   0   2   1   0   0  38  33   0   8   3   0   0   5   0   0   8  0.80 0.31
  358 N   -1 -2  2  4  2 -1 -1 -3  0 -3 -3 -1 -3  3  1  0 -2  4  2 -3    4   2  12  25   4   2   3   1   2   1   0   2   0  13   8   5   1   6   9   1  0.44 0.22
  359 E   -3 -4 -1 -4 -5 -1 -2 -4  7 -5 -4 -4 -4  0 -5 -3 -4 -2  8 -5    2   1   3   1   0   3   2   1  28   0   1   0   0   2   0   1   1   0  55   0  1.84 0.56
  360 Y   -1  3  0  0 -3  1  1 -1  1 -2 -1  2 -1 -2  1  0  0 -2 -1  0    4  19   3   6   0   7   6   5   3   1   4  15   1   1   5   4   5   1   2   8  0.16 0.10
  361 V    1  0  0  1 -3  3  2 -2  0 -3 -2  1 -2 -3  1  1  0 -4 -2 -1   10   3   5   7   0  18  14   2   2   1   2  10   0   0   7  10   4   0   1   4  0.26 0.15
  362 F   -1 -2 -2 -4 -2 -2 -2 -4  2  3  3 -2  1  0 -4 -2 -1 -2  0  2    4   1   2   0   0   1   2   0   6  18  38   2   4   4   0   1   3   0   2  12  0.40 0.19
  363 F   -4 -4 -5 -5 -4 -4 -5 -5 -1 -2  2 -5 -2  7 -5 -3 -4 -2  3 -1    1   0   0   0   0   1   0   1   1   1  20   0   0  57   0   2   0   0  10   4  1.37 0.42
  364 N   -1  1  2  2 -4  1  3 -2  0 -3 -3  1 -3 -3 -2  1 -1 -4 -2 -3    4   7  11  11   0   6  26   1   2   1   1  10   0   1   1  10   3   0   1   1  0.37 0.18
  365 S    0  0  1  2 -4  1  5 -2 -1 -4 -3  1 -3 -4 -2  0 -1 -4 -3 -3    9   5   5  11   0   4  40   2   1   1   2   7   0   0   1   7   3   0   1   1  0.51 0.23
  366 I   -1  1 -3 -3 -3 -2 -3 -3 -3  2  4 -1  3 -1 -3 -2 -2 -2 -2  0    4  10   1   1   0   1   1   2   1  14  45   4   8   1   1   2   2   0   1   3  0.44 0.20
  367 K   -1  5 -2 -3  2 -1 -2 -3 -1 -1 -1  2  1 -2 -3  0 -1 -4 -2 -1    3  38   1   1   5   2   1   1   1   4   7  13   5   1   0   8   4   0   1   5  0.46 0.22
  368 K    0  4  2 -1 -1  1  0 -1  0 -3 -2  2  0 -2 -3  1  0 -3 -3 -2    6  24   9   3   1   6   5   3   2   1   4  16   2   1   0  10   5   0   0   2  0.29 0.16
  369 L    0 -1  0 -1  1  0  0 -2  2  0  2 -1  0 -2 -2  1  0 -2 -1  0   10   2   5   2   4   4   4   2   6   4  28   4   2   1   1  10   5   0   2   3  0.09 0.10
  370 Q    2 -1 -1 -1 -2  1 -1 -2  0  0 -2  0 -1 -3 -1  1  3 -3 -2  1   18   3   2   2   0   7   3   2   2   4   2   5   1   0   1  11  25   0   0  10  0.23 0.17
  371 H    0  0 -1 -1 -4  0  1 -1  2 -2 -2  1 -2 -2  5  0 -1 -4 -2 -2    7   5   3   3   0   4   8   3   5   1   3  12   1   1  29   8   3   0   1   3  0.45 0.19
  372 I   -1  2 -1 -2 -2  0 -1 -1  2  0  1  2  1 -1  1 -1 -1 -2 -2  0    3  17   1   1   1   3   1   4   6   7  16  13   3   1   7   3   3   0   1   8  0.12 0.10
  373 P   -2 -1  0  0 -2  0  0 -2 -2 -3 -3 -2 -3 -3  6  1  1 -4 -3 -3    3   3   5   5   1   4   5   2   1   1   2   1   0   1  46  11   8   0   1   1  0.93 0.30
  374 M   -1  1 -1 -2 -1 -1 -2 -3 -1  1  0 -1  4 -2 -2  0  4 -3 -2  1    2   7   2   1   1   2   1   1   2   8   9   2  16   1   2   7  28   0   0   8  0.31 0.19
  375 S   -1 -2  2  4 -3 -2  1 -2 -3 -3 -4 -2 -3 -5 -1  3  3 -5 -4 -3    3   2   8  30   0   0   7   2   0   1   0   1   0   0   2  25  17   0   0   1  0.65 0.30
  376 A   -1 -3 -3 -4 -3 -3 -3 -4 -2  3 -1 -3  2 -2  4 -2  3 -3 -3  3    4   1   0   0   0   0   1   1   1  19   4   0   5   1  21   2  20   0   0  20  0.57 0.27
  377 D    1 -3 -2 -3 -3 -2 -1 -3 -4 -2 -1 -3  0 -4  0  0  6 -5 -4  1   10   0   1   0   0   1   3   1   0   1   7   0   2   0   4   5  54   0   0   9  0.77 0.36
  378 E   -3 -2  1  3 -5  0  6 -3  4 -5 -5 -2 -4 -6 -4 -2 -3 -6 -4 -5    1   1   7  17   0   3  57   2   9   0   1   0   0   0   0   1   1   0   0   0  1.22 0.45
  379 A    5 -4 -3 -4 -3 -3 -3 -3 -4 -3 -4 -3 -3 -5 -4  3  4 -5 -4  0   44   0   0   0   0   0   0   1   0   1   0   0   0   0   0  21  26   0   0   8  0.90 0.40
  380 V   -3 -5 -5 -5  3 -5 -5 -6 -5  6  1 -5  1 -3 -5 -4  2 -5 -4  3    1   0   0   0   5   0   0   0   0  49  10   0   3   0   0   0  12   0   0  19  1.00 0.37
  381 C    5 -4 -3 -4  4 -4 -4  1 -4 -4 -4 -4 -4 -5 -4  3 -1 -5 -5 -3   54   0   0   0   7   0   0  10   0   0   0   0   0   0   0  26   2   0   0   0  1.04 0.43
  382 S   -1 -1 -3 -3  1  3 -2 -4  3  3  0 -1  4 -2 -4  2 -2 -4 -1  0    2   3   0   0   3  15   1   0   7  23   5   2  13   1   0  16   0   0   2   6  0.37 0.24
  383 S    5 -4 -3 -4 -4 -3 -4  2 -4 -5 -5 -3 -4 -5 -4  4 -2 -5 -3 -3   49   0   0   0   0   0   0  15   0   0   0   0   0   0   0  33   0   0   1   1  1.05 0.43
  384 A    6 -4 -4 -5 -3 -4 -4 -3 -5 -3 -4 -4 -3 -5 -4  0  2 -5 -4  3   63   0   0   0   0   0   0   0   0   0   0   0   0   0   0   6  12   0   0  19  1.08 0.44
  385 V    1 -5 -3 -6  5 -4 -5 -3 -5 -1 -3 -5 -3 -4 -5 -2  0 -6 -4  6   13   0   1   0  12   0   0   2   0   1   0   0   0   0   0   2   4   0   0  65  1.18 0.45
  386 N    0  2  2 -1 -4  0  3 -2  4 -3 -4  1 -3 -4 -3  1  1 -4 -1 -3    8  10   8   2   0   3  21   2  11   1   0   7   0   0   0  13   9   0   2   1  0.37 0.21
  387 S    5 -4 -3 -4 -2 -3 -4 -3 -4 -1 -3 -3 -1 -5 -4  1  5 -5 -4 -1   46   0   0   0   0   0   0   0   0   4   1   0   1   0   0  10  35   0   0   2  0.97 0.42
  388 V    5 -4 -4 -4 -2 -3 -4 -3 -4 -4 -5 -4 -4 -5 -4  4 -2 -6 -5 -1   60   0   0   0   0   1   0   0   0   1   0   0   0   0   0  33   1   0   0   3  1.22 0.48
  389 Y   -1 -1  1 -2 -3  0 -1 -3  0  1  2 -1  2  3 -3 -1 -1  0  2  0    4   3   8   1   0   4   5   1   3   9  20   2   5  15   0   3   2   1   9   5  0.17 0.12
  390 E   -2 -1  3  4 -4  0  3 -3 -2 -4 -4  3 -4 -5 -3  0 -2 -5 -4 -5    1   2  15  21   0   2  24   0   0   1   1  23   0   0   0   8   2   0   0   0  0.71 0.30
  391 T   -1 -4 -3 -4  7  2 -4 -5 -4  0  4 -4 -1 -3 -5 -2 -2 -4 -3  0    4   0   1   1  23  11   0   0   0   4  46   0   1   0   0   3   2   0   1   4  0.86 0.35
  392 K   -2  0  3  2  3  0  0  1  1 -3 -1  1 -1 -4 -3 -1 -2 -4 -3 -3    2   5  20  10   9   5   4  13   4   0   9  12   2   0   1   3   0   0   1   0  0.30 0.18
  393 A    6 -5 -5 -5 -1 -4 -4 -3 -5 -1 -4 -4 -4 -5 -4  0 -3 -6 -5  1   80   0   0   0   1   0   0   0   0   3   1   0   0   0   0   4   1   0   0  10  1.41 0.52
  394 K    2 -1 -1 -1 -3 -1 -1  2 -2 -4 -4  3 -3 -5 -1  3  0 -5 -4 -3   21   1   2   2   0   2   2  16   1   0   0  19   0   0   2  26   3   0   0   1  0.45 0.25
  395 A    6 -4 -4 -5 -2 -4 -4 -1 -5 -2  1 -4  0 -4 -3 -1 -1 -5 -4 -2   73   0   0   0   0   0   0   4   0   2  12   0   2   0   0   2   3   0   0   2  1.10 0.44
  396 M   -5 -6 -7 -7 -5 -6 -6 -7 -7  8  0 -6  0 -3 -6 -6 -3 -6 -5  1    0   0   0   0   0   0   0   0   0  87   5   0   1   0   0   0   1   0   0   5  2.01 0.59
  397 V   -4 -6 -6 -6 -4 -5 -6 -6 -6  6  2 -5 -1 -2 -6 -5 -3 -5 -4  4    0   0   0   0   0   0   0   0   0  54  19   0   1   0   0   0   0   0   0  25  1.30 0.43
  398 V    1 -5 -4 -5  3 -4 -4 -5 -5  0 -1 -4 -2 -4 -4 -1  4 -5 -4  5   10   0   0   0   6   0   0   0   0   2   4   0   0   0   0   3  25   0   0  50  0.91 0.39
  399 L    1 -4 -4 -4 -1 -4 -4 -4 -5  1  4 -4  1 -2  2  0 -2 -1 -3  0   16   0   0   0   1   0   0   0   0   7  49   0   3   0  11   7   1   1   0   4  0.60 0.29
  400 S   -3 -5 -3 -4 -4 -4 -4 -5 -5 -5 -5 -4 -4 -6 -5  3  7 -6 -5 -4    0   0   0   0   0   0   0   0   0   0   0   0   0   0   0  18  81   0   0   0  1.95 0.65
  401 N   -1  1  0 -1 -3  2  3 -3 -1 -3 -4  1 -3 -5 -3  0  4 -5 -3 -1    2   7   3   1   0   7  25   1   1   1   0  10   0   0   0   6  31   0   0   4  0.54 0.28
  402 T   -2 -4 -3 -4 -4 -3 -3  1 -4 -5 -5 -3 -4 -5 -4  6  4 -6 -5 -4    1   0   0   0   0   0   0   8   0   0   0   0   0   0   0  63  26   0   0   0  1.31 0.52
  403 G   -3 -6 -4 -3 -6 -5 -6  8 -6 -7 -7 -5 -6 -7 -6 -4 -5 -6 -7 -7    0   0   0   1   0   0   0  98   0   0   0   0   0   0   0   0   0   0   0   0  2.49 0.66
  404 R   -1  4  2 -2 -4 -1  0 -3  5 -4 -2  0 -3 -1 -4  0  0 -3  3 -3    3  26  10   2   0   1   5   0  15   0   3   5   0   3   0   8   7   0  11   1  0.50 0.25
  405 S   -2 -4 -3 -4 -4 -4 -4 -4 -5 -4 -4 -4 -4 -5 -4  4  7 -6 -5 -3    2   0   0   0   0   0   0   0   0   0   0   0   0   0   0  33  63   0   0   0  1.55 0.56
  406 A    7 -5 -5 -5 -3 -4 -4 -2 -5 -5 -5 -4 -4 -6 -2 -1 -2 -6 -5 -3   91   0   0   0   0   0   0   1   0   0   0   0   0   0   2   3   1   0   0   0  1.77 0.59
  407 R   -2  6 -3 -4 -3  1 -2 -4  5 -3 -4  2 -2 -4 -4 -2 -3 -3 -1 -4    3  55   0   0   1   6   1   1  13   1   1  12   1   1   0   1   1   0   2   0  1.16 0.42
  408 L   -2 -1 -3 -5 -1  0 -4 -5 -4 -1  4 -3  7 -1 -5 -2 -2 -4 -3 -1    2   3   1   0   1   5   0   0   0   2  47   1  30   1   0   3   2   0   0   1  0.96 0.38
  409 V   -3 -5 -5 -6  2 -5 -5 -5 -6  5  2 -5 -1 -2 -5 -4 -2 -5 -4  5    1   0   0   0   4   0   0   0   0  31  18   0   1   0   0   0   1   0   0  43  1.03 0.36
  410 A    3 -1 -3 -3  1 -3 -3 -3 -4 -5 -5 -3 -4 -5 -4  6 -2 -6 -5 -4   22   3   0   0   2   0   0   0   0   0   0   0   0   0   0  71   0   0   0   0  1.40 0.54
  411 K   -3  4 -3 -4 -6  0 -2 -5 -1 -6 -5  7 -4 -6 -4 -3 -4 -4 -5 -5    1  20   0   0   0   2   0   0   1   0   0  73   0   0   0   1   0   0   0   0  1.69 0.55
  412 Y   -5 -5 -5 -7 -1 -5 -6 -7  0 -5 -5 -5 -5  3 -7 -5 -5 -1 10 -5    0   0   0   0   2   0   0   0   2   0   0   0   0   8   0   1   0   0  86   0  2.78 0.74
  413 R   -5  8 -3 -5 -5 -2 -3 -5 -2 -6 -5  1 -5 -2 -5 -4 -4 -6 -5 -5    0  87   0   0   0   0   0   1   1   0   0   7   0   2   0   0   0   0   0   0  2.21 0.64
  414 P   -4 -6 -6 -5 -6 -5 -5 -6 -6 -6 -7 -5 -6 -7  9 -4 -4 -7 -7 -6    0   0   0   0   0   0   0   0   0   0   0   0   0   0  96   1   1   0   0   0  3.14 0.79
  415 N    0  3  1  0 -3  1  0 -1  0 -2 -2  2  0 -3  1  1 -1 -4 -2  0    6  21   6   4   0   5   4   3   2   1   1  17   2   0   7   9   2   0   1   7  0.25 0.15
  416 C    3 -5 -4 -5  8 -3 -4 -4 -5 -1 -3 -4  1 -4 -3  1 -1 -5 -4  2   29   0   0   0  35   1   0   0   0   3   1   0   4   0   1   9   2   0   0  16  1.09 0.40
  417 P   -2 -5 -2 -2 -6 -4 -4 -5 -1 -5 -4 -3 -4 -5  8 -3 -2 -7 -5 -5    2   0   2   2   0   1   0   0   2   1   2   1   0   0  82   2   2   0   0   0  2.32 0.64
  418 I   -4 -6 -6 -6 -2 -6 -6 -7 -6  8 -2 -6 -2 -3 -6 -5 -4 -6 -5  2    0   0   0   0   1   0   0   0   0  84   1   0   0   0   0   0   0   0   0  13  1.98 0.58
  419 V   -3 -5 -6 -6 -4 -5 -5 -6 -5  6  3 -5  1  1 -5 -5 -3 -4 -2  3    0   0   0   0   0   0   0   0   0  53  22   0   3   5   0   0   0   0   1  15  1.11 0.38
  420 C    5 -4 -4 -4  3 -3 -4 -2 -4 -3 -2 -4  3 -4 -4  1  1 -5 -4 -1   62   0   0   0   6   0   0   1   0   0   2   0  10   0   0   9   7   0   0   3  0.98 0.41
  421 V    0 -5 -5 -6 -2 -5 -5 -6 -6  3  0 -5 -1 -3 -5 -4 -1 -5 -4  6    6   0   0   0   1   0   0   0   0  12   5   0   0   0   0   1   3   0   0  71  1.29 0.45
  422 T   -2 -5 -4 -5  3 -4 -4 -5 -5 -3 -5 -4 -4 -5 -5  0  7 -6 -5 -2    1   0   0   0   5   0   0   0   0   1   0   0   0   0   0   6  83   0   0   2  1.84 0.62
  423 T   -1  6 -2 -2 -5 -1 -2 -3 -2 -4 -4 -1 -4 -1  4  2  0 -5 -3 -2    5  42   1   2   0   1   1   1   0   0   0   1   0   3  18  16   6   0   1   2  0.80 0.35
  424 R   -3 -1  5  3 -1 -1  0 -3  2 -4 -4 -1 -3 -1 -3  2 -1 -1 -1 -3    1   3  34  19   2   1   4   0   4   0   1   2   0   3   1  18   2   1   3   1  0.67 0.31
  425 L    2 -2 -2  1 -4  0  5 -2  1 -3 -3 -1 -2 -5  3 -1 -2 -4 -4 -3   16   2   0   7   0   3  40   3   3   1   3   2   1   0  14   2   1   0   0   2  0.60 0.29
  426 Q   -1  3 -1 -1 -3  5  0 -2  1 -2 -3  2 -1 -3 -2  1  1 -4 -1 -2    5  15   2   2   0  29   3   2   4   2   1  11   1   1   1   9   8   0   2   2  0.42 0.24
  427 T    1 -4 -4 -5 -3 -3 -4 -5 -5  1 -3 -3 -2 -4  1 -2  5 -5 -4  5    9   0   0   0   0   1   0   0   0   5   0   0   0   0   6   1  35   0   0  41  0.87 0.39
  428 C    5 -2 -2 -4  3 -1 -3 -3 -4 -2 -2 -3  2 -3 -4  1 -1 -3 -2 -1   59   2   1   0   5   2   0   0   0   1   4   1   5   1   0  11   2   0   1   4  0.77 0.36
  429 R   -3  8 -3 -5 -7 -2 -4 -6 -1 -6 -4  1 -5 -6 -6 -4 -5 -6 -5 -6    2  88   1   0   0   1   0   0   1   0   1   5   0   0   0   0   0   0   0   0  2.24 0.66
  430 Q   -3  2 -2 -3 -4  7 -2 -3  3 -4 -4  2 -2  0 -4 -1 -3 -4  1 -4    1  11   1   0   0  50   0   1   7   1   1  12   0   5   0   3   1   0   5   0  1.05 0.44
  431 L    2 -4 -4 -5  3 -4 -4 -3 -4  0  4 -4  3 -3 -4  1 -2 -4 -3 -1   15   0   0   0   7   0   0   2   0   5  47   0   6   0   0  14   1   0   0   3  0.61 0.30
  432 N    2 -2  1 -3  1  1 -2 -3  8 -3  0 -3 -2 -3 -4  1  0 -3 -1 -3   16   1   7   0   3   6   0   1  37   0  12   0   1   0   0   9   5   0   1   1  0.77 0.34
  433 I   -3 -5 -6 -6 -4 -5 -6 -5 -5  2  6 -5  0 -1 -5 -5 -3 -4 -4  1    1   0   0   0   0   0   0   1   0  10  77   0   1   1   0   0   0   0   0   7  1.29 0.44
  434 T   -2 -4 -1 -4  1 -3 -4 -4  3 -1 -1 -4 -2  2 -4  1  1  2  6  3    1   0   2   0   3   0   0   0   8   2   5   0   0   7   0  10   8   2  29  21  0.60 0.29
  435 Q   -5  7 -4 -6 -5 -2 -4 -6 -2 -6 -5 -1 -5 -2 -6 -4 -5  9 -2 -6    0  60   0   0   0   1   0   0   1   0   0   3   0   1   0   1   0  31   1   0  2.25 0.65
  436 G   -1 -6 -3 -4 -4 -5 -5  7 -5 -7 -7 -5 -6 -6 -5 -1 -5 -6 -6 -6    3   0   1   0   0   0   0  92   0   0   0   0   0   0   0   3   0   0   0   0  2.20 0.62
  437 V   -2 -5 -6 -6  4 -5 -5 -6 -6  3  0 -5 -2 -3 -5 -4 -2 -5 -4  6    3   0   0   0   8   0   0   0   0  17   8   0   0   0   0   0   2   0   0  61  1.20 0.43
  438 E   -4 -2 -2 -4 -3 -1 -2 -5  2  2  0 -2 -1  5 -5 -3 -1  1  6  0    0   1   2   0   0   4   3   0   5  12   7   2   1  23   0   1   3   1  30   5  0.73 0.30
  439 S   -1 -6 -5 -5 -2 -5 -5 -5 -6 -6 -6 -5 -6 -7  8 -2 -3 -7 -6 -6    5   0   0   0   1   0   0   1   0   0   0   0   0   0  87   3   1   0   0   0  2.66 0.71
  440 V   -2 -3 -4 -5 -1 -2 -4 -5 -3  3  2 -4  1  3 -4 -4 -2 -2  0  4    2   1   0   0   1   2   0   0   1  18  22   0   4  16   0   0   1   0   2  28  0.58 0.25
  441 F   -3 -3 -3 -4 -2 -2 -3 -3  3  1  3 -3  1  1 -3 -3 -2  2  2  3    1   1   1   0   1   1   1   1   7   6  38   1   2   6   1   1   1   3   7  21  0.49 0.22
  442 F    0 -2 -3 -3  3 -3 -3  1 -1 -1 -2 -2 -2  3 -3 -1 -1  0  6  0   10   1   1   1   6   1   1  10   1   2   2   2   1  12   1   5   4   1  30   9  0.48 0.22
  443 D   -1  0  0  3 -3  1  3 -2 -1 -3 -3  1 -2 -3  3  0  0 -3 -2 -3    4   4   4  15   0   4  22   2   2   1   3   9   0   1  15   4   7   0   1   1  0.37 0.16
  444 A    1  0 -1 -1 -2  0  2  1 -1 -2 -2  2 -1 -2  2  0 -1 -3 -2 -1   11   5   1   2   1   3  18  13   1   2   3  15   1   2  11   4   3   0   1   4  0.22 0.11
  445 D    0 -1 -1  0 -2  0  1 -1 -2 -1 -2 -1 -1 -3  4  1  1 -3 -2  1    9   3   2   4   1   3   9   3   1   3   4   3   1   1  22  12   8   0   1  11  0.28 0.12
  446 K    1  3  0 -1 -2  2  0 -1  0 -2 -2  3 -1 -2  0  0  0 -3 -2 -1   12  16   3   2   1   8   4   3   2   1   3  22   1   1   5   7   4   0   1   4  0.24 0.13
  447 L    1 -1 -1  0 -1  0  0  0 -1  0  0  0  0 -1  1  0  1 -2 -1  1   11   3   2   4   1   2   7   7   2   5   7   6   2   2   8   7  10   0   1  13  0.05 0.04
  448 G    1 -1  1  3 -2  0  0  1 -1 -1 -2  0 -2 -2  0  1  0 -2 -2 -1   13   3   8  18   1   5   6  11   1   3   3   4   1   1   4  10   4   0   1   5  0.16 0.07
  449 H   -2 -2 -1 -1 -3 -1 -1 -2  1 -2 -2 -1 -2 -1 -2  1  0 10  0 -3    3   2   3   4   0   2   4   2   3   2   3   3   1   2   2  11   6  42   2   2  1.27 0.33
  450 D    2 -1 -1  1 -2  3 -1 -1 -1 -1  0  0  2  0  0  0  0 -1 -1 -1   20   3   2   9   1  17   2   2   1   3   7   3   7   4   3   5   5   1   1   4  0.13 0.11
  451 E   -1 -1  0  2 -3  1  4 -2  0 -1 -3  1 -2 -3 -2 -1  1 -3 -2 -1    5   2   4  12   0   4  35   3   2   4   2   7   1   1   1   3   8   0   1   4  0.37 0.18
  452 G   -2 -3  1  6 -4 -2 -1  1 -3 -4 -5 -2 -4 -5 -3  3  0 -5 -4 -4    1   0   5  47   0   0   2  10   0   0   1   1   0   0   0  24   7   0   0   1  0.97 0.37
  453 K   -3 -3 -4 -5 -3 -4 -4 -5 -4  1 -2 -2 -1 -4 -4 -1  6 -5 -4  5    1   1   0   0   0   0   0   0   0   5   2   2   1   0   0   2  48   0   0  37  1.12 0.46
  454 E   -4 -5 -1  8 -7 -3  3 -5 -3 -6 -7 -3 -6 -7 -5 -4 -5 -7 -3 -7    1   0   1  77   0   0  18   0   1   0   0   1   0   0   0   0   0   0   1   0  2.08 0.64
  455 H    0  1  2  1 -4  0  4 -2  0 -3 -1  0 -2 -3 -3  0 -2 -5 -3 -2    8   8  11   8   0   3  33   1   2   1   7   5   0   0   0   8   1   0   0   3  0.39 0.22
  456 R   -2  6 -4 -5 -4 -2 -4 -6 -4  1  1 -2  6 -1 -5 -4 -3 -5 -4  0    3  47   0   0   0   0   0   0   0   8  10   0  22   3   0   0   1   0   0   5  1.09 0.44
  457 V   -4 -5 -6 -6 -4 -5 -5 -6 -5  5  3 -5  1  2 -5 -5 -3 -4 -1  3    0   0   0   0   0   0   0   0   0  36  26   0   3   9   0   0   1   0   2  23  0.95 0.35
  458 A    0  1  3  2 -4  2  3 -2  0 -3 -4  2 -2 -4 -3  0 -1 -2 -2 -3    8   8  14  12   0  11  18   2   1   1   1  11   1   0   0   6   3   0   1   1  0.38 0.20
  459 A   -1  0  0 -2 -1 -1 -1 -3  1 -1  1  0 -1  4 -4 -1 -1  5  3 -1    6   5   5   2   1   2   3   0   3   4  12   5   1  20   0   5   4   9   9   3  0.27 0.16
  460 G    5 -5 -3 -4  1 -4 -4  4 -5 -5 -5 -4 -4 -5 -4  2 -2 -6 -5 -2   51   0   0   0   2   0   0  30   0   0   0   0   0   0   0  12   2   0   0   2  1.08 0.44
  461 V   -3 -4 -5 -6 -2 -4 -5 -5 -5  4  2 -2  4 -2 -5 -3 -1 -5 -4  4    1   0   0   0   1   0   0   0   0  28  18   2  13   1   0   1   2   0   0  32  0.87 0.34
  462 E    0  0  2  3 -5  2  4 -2  0 -4 -4  2 -2 -5 -3  1 -1 -5 -4 -3    6   4  10  15   0   9  26   1   2   0   0  12   1   0   0   8   3   0   0   1  0.50 0.25
  463 F    0  0  0 -2 -1  0  1 -1  1  1 -1  0  0  1 -2  0  0 -1  1  1    8   5   4   0   2   4  10   4   5   9   5   5   3   6   0   6   5   1   6  12  0.03 0.06
  464 A    5 -5 -4 -3 -1 -4 -4  4 -5 -5 -5 -4 -4 -5 -4  1 -2 -6 -5 -3   51   0   0   1   1   0   0  33   0   0   0   0   0   0   0  10   1   0   0   1  1.12 0.45
  465 K   -3  0 -3 -4 -4  0 -2 -5 -3  1  3  5  1 -2 -4 -3 -1 -5 -3  1    0   3   0   0   0   3   2   0   0   7  29  39   3   1   0   1   3   0   0   9  0.62 0.32
  466 S    2  0  1  1 -4  2  3 -2  0 -4 -3  3 -3 -5 -3  1 -1 -1 -3 -3   16   3   5   7   0   8  23   2   2   0   2  19   0   0   0   8   3   1   0   1  0.40 0.23
  467 K    0  3  0 -3 -3  0 -1 -3  2 -2  1  1  2 -2 -3  1  0 -3 -2 -2    9  22   3   0   0   3   3   0   5   0  16  10   5   1   0  13   6   0   1   1  0.27 0.19
  468 G   -3 -2  2 -2 -6 -2 -1  6 -3 -7 -7  0 -6 -6 -5 -2 -4 -6 -5 -6    1   2  10   2   0   2   3  71   1   0   0   7   0   0   0   2   0   0   0   0  1.47 0.49
  469 Y   -4 -3 -5 -5 -3 -4 -4 -6 -2  3  3 -4  1  5 -5 -4 -3  1  4  1    0   1   0   0   0   0   1   0   1  14  24   0   3  28   0   0   1   1  15   9  0.82 0.32
  470 V   -1 -5 -5 -6  4 -5 -5 -4 -5  4  2 -5 -1  3 -5 -4 -3 -4 -3  4    6   0   0   0  10   0   0   1   0  26  16   0   0  11   0   0   0   0   0  30  0.80 0.32
  471 Q   -1  1  2 -2 -4  1  0 -3  2 -4 -4  5 -4 -5 -3  0  0 -4 -3 -3    4   7   9   1   0   6   5   1   4   0   1  45   0   0   0   8   6   0   0   1  0.69 0.33
  472 T    0  1  0  0 -3  0  1 -3  3 -2 -3  3 -2 -3  2  1  1 -4 -2 -1    6   6   5   3   0   4   7   1   8   1   2  19   0   1  12  14   7   0   1   4  0.28 0.17
  473 G   -3 -5 -1 -1 -6 -5 -4  7 -6 -8 -8 -5 -7 -7 -6 -3 -5 -6 -7 -7    0   0   3   3   0   0   1  91   0   0   0   0   0   0   0   1   0   0   0   0  2.23 0.66
  474 D   -4 -5 -1  8 -5 -2  0 -5 -5 -7 -7 -4 -4 -7 -5 -1 -2 -8 -7 -6    1   0   2  83   0   1   5   0   0   0   0   0   0   0   0   4   2   0   0   0  2.11 0.65
  475 Y    0 -1 -1 -3 -2 -2 -3 -4 -2  0  3 -2  2  0  0  0  2 -2 -2  1    6   4   3   0   0   1   0   0   1   4  32   1   4   4   5   9  15   0   1  10  0.25 0.18
  476 C   -2 -6 -6 -6 -1 -5 -6 -6 -6  4  0 -6 -2 -3 -6 -5 -2 -6 -4  6    2   0   0   0   1   0   0   0   0  20   6   0   0   0   0   0   1   0   0  68  1.46 0.51
  477 V   -3 -6 -6 -7 -4 -6 -6 -7 -7  5 -1 -6 -2 -4 -6 -5 -3 -6 -5  6    1   0   0   0   0   0   0   0   0  32   2   0   0   0   0   0   0   0   0  64  1.66 0.55
  478 V    2 -5 -5 -5  1 -5 -5 -4 -5  5  0 -5  1 -2 -5 -3 -2 -5 -4  4   16   0   0   0   3   0   0   1   0  36   6   0   3   1   0   1   2   0   0  31  0.86 0.35
  479 I   -1 -5 -5 -5 -3 -5 -5 -6 -6  3  1 -5 -1 -3 -5 -3  2 -5 -4  5    3   0   0   0   0   0   0   0   0  13  14   0   1   0   0   1  16   0   0  52  0.98 0.40
  480 H    2 -3 -1 -4 -3  3 -3 -4  5 -4 -4 -3 -4 -5  3  1  4 -5 -4 -3   19   1   2   0   0  17   0   0  14   0   0   0   0   0  14   8  24   0   0   1  0.74 0.37
  481 A   -1  0 -4 -5 -5 -5 -5  7 -5 -4 -5 -3 -5 -6 -5 -3 -4 -6 -6  2    4   5   0   0   0   0   0  74   0   0   0   1   0   0   0   1   0   0   0  15  1.56 0.52
  482 D   -3 -6 -4 -1 -6 -5 -5  7 -6 -6 -7 -5 -5 -6 -6 -3 -5  4 -6 -5    1   0   0   4   0   0   0  87   0   0   0   0   0   0   0   1   0   5   0   1  2.09 0.62
  483 H   -1 -1  2 -2 -2 -1  1 -1  5 -2 -3  0 -2  2 -2  1  2 -3  2 -1    5   2  10   0   1   2   8   4  18   2   0   4   0   9   1   9  14   0   7   4  0.30 0.20
  484 A    1 -3 -3 -4 -4 -3 -4 -4 -4 -4 -5 -3 -4 -6 -2  2  7 -6 -5 -3   12   1   0   0   0   1   0   0   0   0   0   1   0   0   2  15  67   0   0   0  1.42 0.56
  485 N   -4 -4  8 -1 -6 -4 -4  3 -2 -6 -7 -4 -6 -7 -6  1 -4 -7 -4 -6    0   0  68   2   0   0   0  21   0   0   0   0   0   0   0   8   0   0   0   0  1.82 0.61
  486 Q   -3 -4 -3 -4 -3 -1 -4 -5 -5  1  1 -4  2 -4 -4  0  6 -5 -4  1    1   0   0   0   0   3   0   0   0   6  12   0   6   0   0   6  57   0   0   8  1.00 0.45
  487 T   -4 -5 -5 -5 -3 -4 -5 -6 -5  3  3 -4  7 -1 -5 -3  3 -5 -4  0    0   0   0   0   0   0   0   0   0  16  24   0  29   2   0   1  23   0   0   5  1.00 0.42
  488 R   -4  6  4 -4 -6 -1 -3 -5 -3 -6 -6  4 -5 -6 -5 -2 -3 -6 -5 -6    0  50  21   0   0   2   0   0   0   0   0  25   0   0   0   1   1   0   0   0  1.51 0.53
  489 I   -2 -5 -6 -6 -4 -5 -6 -6 -6  5  2 -5  1 -3 -5 -5 -3 -5 -4  5    2   0   0   0   0   0   0   0   0  37  21   0   3   0   0   0   0   0   0  36  1.13 0.41
  490 L   -3 -4 -4 -5  0 -3 -4 -5  4  3  3 -4  4 -2 -5 -3 -2 -4 -3  3    0   0   0   0   2   1   0   0  13  20  25   0  12   0   0   1   1   0   0  24  0.72 0.32
  491 L   -2  0  0 -2 -3  0 -1 -4 -2  1 -2  4 -1 -3  1  0  3 -4  0  1    1   4   4   1   0   3   1   0   0   7   3  28   1   0   8   6  19   0   3   9  0.32 0.22
  492 V    2 -6 -4 -6 -4 -5 -4 -6 -6  3 -2 -5 -2 -4 -5 -4 -3 -6 -4  7   14   0   1   0   0   0   1   0   0  12   0   0   0   0   0   0   0   0   0  72  1.42 0.51
  493 E   -3 -1 -2  3 -6  3  5 -4 -2 -5 -5  3 -4 -5 -3 -2 -3 -5 -4 -5    0   0   0  20   0  16  42   0   0   0   0  23   0   0   0   0   0   0   0   0  1.01 0.31
