    1 P   -1 -3 -3 -2 -4 -2 -2 -3 -3 -4 -4 -2 -3 -4  8 -1 -2 -5 -4 -3    0   0   0   0   0   0   0   0   0   0   0   0   0   0 100   0   0   0   0   0  2.25 0.10
    2 Q   -1  1 -1 -1 -4  7  2 -3  0 -4 -3  1 -1 -4 -2 -1 -1 -3 -2 -3    0   0   0   0   0 100   0   0   0   0   0   0   0   0   0   0   0   0   0   0  0.98 0.11
    3 I   -2 -4 -4 -4 -2 -3 -4 -4 -4  6  1 -3  1 -1 -3 -3 -1 -3 -2  2    0   0   0   0   0   0   0   0   0  97   1   0   0   0   0   0   1   0   0   1  0.60 0.08
    4 T   -1 -2  0 -2 -1 -1 -1 -2 -2 -1 -2 -1 -1 -3 -1  1  6 -3 -2 -1    0   0   1   0   0   0   0   0   0   0   0   0   0   0   1   1  97   0   0   0  0.70 0.09
    5 L   -2 -3 -4 -4 -2 -3 -3 -4 -3  1  5 -3  2  0 -3 -3 -2 -2 -1  1    0   0   0   0   0   0   0   0   0   1  98   0   0   0   0   0   0   0   0   0  0.60 0.07
    6 W   -3 -3 -5 -5 -3 -3 -4 -3 -3 -4 -3 -4 -2  0 -5 -4 -3 12  2 -4    0   1   0   0   0   0   0   0   0   0   0   0   0   0   0   0   0  99   0   0  2.86 0.14
    7 K   -1  1 -1 -1 -4  7  2 -2  0 -4 -3  1 -1 -4 -2 -1 -1 -3 -2 -3    0   0   0   0   0  98   0   0   0   0   0   1   0   0   0   0   0   0   0   0  0.94 0.11
    8 R   -2  7 -1 -2 -4  1 -1 -2 -1 -4 -3  2 -2 -4 -2 -1 -2 -3 -2 -3    0  98   0   0   0   0   0   1   0   0   0   0   0   0   1   0   0   0   0   0  0.98 0.09
    9 P   -1 -3 -3 -2 -4 -2 -2 -3 -3 -4 -4 -2 -3 -4  8 -1 -2 -5 -4 -3    0   0   0   0   0   0   0   0   0   0   0   0   0   0 100   0   0   0   0   0  2.25 0.10
   10 L   -2 -2 -4 -4 -2 -3 -3 -4 -3  3  3 -3  1  1 -3 -3 -1 -2 -1  2    0   1   0   0   0   0   0   0   0  40  41   0   0   7   0   0   0   0   0  10  0.36 0.04
   11 V   -1 -3 -4 -4 -1 -3 -3 -4 -4  2  0 -3  0 -1 -3 -2  0 -3 -2  5    0   0   0   0   0   0   0   0   0   2   0   0   0   0   0   0   0   0   0  96  0.53 0.08
   12 T    0 -1  0 -1 -1 -1 -1 -2 -2 -1 -2 -1 -1 -3  1  1  5 -3 -2 -1    1   0   1   0   0   0   1   0   0   0   0   1   0   0   5   3  86   0   0   1  0.57 0.08
   13 I   -1 -3 -4 -4 -2 -3 -4 -4 -4  5  1 -3  1 -1 -3 -3 -1 -3 -2  3    0   0   0   0   0   0   0   0   0  76   0   0   1   0   0   0   0   0   0  22  0.50 0.06
   14 K   -1  3  0 -1 -4  1  0 -2 -1 -3 -3  6 -2 -4 -2 -1 -1 -4 -2 -3    0  11   1   0   0   0   0   0   0   0   0  87   0   0   0   0   0   0   0   0  0.68 0.07
   15 I   -1 -3 -4 -4 -2 -3 -4 -4 -4  5  1 -3  1 -1 -3 -3 -1 -3 -2  3    0   0   0   0   0   0   0   0   0  73   2   0   0   0   0   0   0   0   0  24  0.50 0.06
   16 G    0 -3 -1 -2 -3 -2 -1  6 -2 -4 -4 -2 -3 -4 -3 -1 -2 -3 -4 -4    1   0   0   0   0   0   6  93   0   0   0   0   0   0   0   0   0   0   0   0  1.10 0.07
   17 G    0 -3 -1 -1 -3 -2 -2  6 -3 -4 -4 -2 -3 -4 -3 -1 -2 -3 -4 -4    0   0   0   1   0   0   1  98   0   0   0   0   0   0   0   0   0   0   0   0  1.20 0.08
   18 Q   -1  1 -1 -1 -4  7  2 -3  0 -4 -3  1 -1 -4 -2 -1 -1 -3 -2 -3    0   0   0   0   0  98   1   0   1   0   0   0   0   0   0   0   0   0   0   0  0.95 0.10
   19 L   -2 -3 -4 -4 -2 -1 -3 -4 -3  2  4 -3  2  0 -3 -3 -1 -2 -1  1    0   0   0   0   0   3   0   0   0  12  81   0   0   0   0   0   1   0   0   1  0.46 0.05
   20 K   -1  3 -1 -1 -3  1  0 -2 -1 -2 -2  5  0 -3 -2 -1 -1 -3 -2 -2    0  13   0   0   0   0   0   0   0   3   0  78   3   0   0   0   2   0   0   0  0.55 0.07
   21 E   -1 -1 -1  1 -4  2  6 -3 -1 -4 -4  0 -3 -4 -2 -1 -1 -4 -3 -3    0   0   0   0   0   0 100   0   0   0   0   0   0   0   0   0   0   0   0   0  0.97 0.09
   22 A    5 -2 -2 -2 -1 -1 -1  0 -2 -2 -2 -1 -1 -3 -1  1  0 -3 -2 -1  100   0   0   0   0   0   0   0   0   0   0   0   0   0   0   0   0   0   0   0  0.60 0.08
   23 L   -2 -3 -4 -4 -2 -3 -3 -4 -3  2  5 -3  2  0 -3 -3 -2 -2 -2  1    0   0   0   0   0   0   0   0   0   2  98   0   0   0   0   0   0   0   0   0  0.61 0.07
   24 L   -2 -3 -4 -4 -2 -3 -3 -4 -3  2  5 -3  2  0 -3 -3 -2 -2 -2  1    0   0   0   0   0   0   0   0   0   4  96   0   0   0   0   0   0   0   0   0  0.60 0.06
   25 D   -2 -2  1  7 -4 -1  1 -2 -2 -4 -4 -1 -4 -4 -2 -1 -2 -5 -4 -4    0   0   0  99   0   0   1   0   0   0   0   0   0   0   0   0   0   0   0   0  1.17 0.09
   26 T   -1 -2 -1 -2 -1 -1 -1 -2 -2 -1 -2 -1 -1 -3 -2  1  6 -3 -2 -1    0   0   0   0   0   0   0   0   0   0   0   0   0   0   0   0 100   0   0   0  0.73 0.09
   27 G    0 -3 -1 -2 -3 -2 -3  6 -3 -5 -4 -2 -3 -4 -3 -1 -2 -3 -4 -4    0   0   0   0   0   0   0 100   0   0   0   0   0   0   0   0   0   0   0   0  1.25 0.08
   28 A    5 -2 -2 -2 -1 -1 -1  0 -2 -2 -2 -1 -1 -3 -1  1  0 -3 -2 -1  100   0   0   0   0   0   0   0   0   0   0   0   0   0   0   0   0   0   0   0  0.60 0.08
   29 D   -2 -2  1  7 -4 -1  1 -2 -2 -4 -4 -1 -4 -4 -2 -1 -2 -5 -4 -4    0   0   0 100   0   0   0   0   0   0   0   0   0   0   0   0   0   0   0   0  1.20 0.09
   30 N   -2 -2  2  7 -4 -1  1 -2 -2 -4 -4 -1 -4 -4 -2 -1 -2 -5 -4 -4    0   0   5  95   0   0   0   0   0   0   0   0   0   0   0   0   0   0   0   0  1.12 0.08
   31 T   -1 -2 -1 -2 -1 -1 -1 -2 -2 -1 -2 -1 -1 -3 -2  1  6 -3 -2 -1    0   0   0   0   0   0   0   0   0   0   0   0   0   0   0   0 100   0   0   0  0.73 0.09
   32 V   -1 -3 -4 -4 -1 -3 -3 -4 -4  3  1 -3  0 -1 -3 -2  0 -3 -2  5    0   0   0   0   0   0   0   0   0   7   0   0   0   0   0   0   1   0   0  93  0.53 0.07
   33 I   -2 -3 -4 -4 -2 -3 -3 -4 -3  2  4 -3  2  2 -3 -3 -2 -2 -1  1    0   0   0   0   0   0   0   0   0   3  87   0   1   7   0   0   0   0   0   1  0.52 0.06
   34 E   -1 -1 -1  1 -4  2  6 -3 -1 -4 -4  1 -3 -4 -2 -1 -1 -4 -3 -3    0   0   1   0   0   1  97   0   0   0   0   1   0   0   0   0   0   0   0   0  0.93 0.09
   35 E   -1 -1  0  4 -4  1  5 -2 -1 -4 -4  0 -3 -4 -2 -1 -1 -4 -3 -3    0   0   0  31   0   1  67   0   0   0   0   0   0   0   0   0   0   0   0   0  0.78 0.07
   36 M   -2 -2 -3 -4 -2 -2 -3 -4 -3  3  2 -2  6  0 -3 -2 -1 -2 -2  1    0   0   0   0   0   0   0   0   0  33   2   0  64   0   0   0   0   0   0   1  0.52 0.08
   37 S   -1 -1  6  3 -2  0  0 -1  1 -4 -4 -1 -3 -3 -2  1  0 -4 -1 -3    0   0  66  14   1   0   1   0   2   0   0   1   0   0   0  12   1   0   2   0  0.62 0.06
   38 L   -2 -3 -4 -4 -2 -3 -3 -4 -3  1  5 -3  2  0 -4 -3 -2 -2 -2  1    0   0   0   0   0   0   0   0   0   1  99   0   0   0   0   0   0   0   0   0  0.62 0.07
   39 P   -1 -3 -3 -2 -4 -2 -2 -3 -3 -4 -4 -2 -3 -4  8 -1 -1 -4 -4 -3    0   0   0   0   0   1   0   0   0   0   0   0   0   0  97   1   1   0   0   0  2.16 0.10
   40 G    0 -3 -1 -2 -3 -2 -3  6 -3 -5 -4 -2 -3 -4 -3 -1 -2 -3 -4 -4    0   0   0   0   0   0   0 100   0   0   0   0   0   0   0   0   0   0   0   0  1.25 0.08
   41 R   -2  5 -1 -2 -4  1  0 -3 -1 -3 -3  4 -2 -4 -2 -1 -1 -3 -2 -3    0  60   1   0   0   0   0   0   0   0   0  39   0   0   0   0   0   0   0   0  0.72 0.06
   42 W   -3 -4 -5 -5 -3 -3 -4 -3 -3 -4 -3 -4 -2  0 -5 -4 -3 12  2 -4    0   0   0   0   0   0   0   0   0   0   0   0   0   0   0   0   0 100   0   0  2.90 0.15
   43 K   -1  2 -1 -1 -4  1  0 -2 -1 -3 -3  6 -2 -4 -2 -1 -1 -4 -2 -3    0   2   0   0   0   0   0   0   0   0   0  95   0   0   0   0   3   0   0   0  0.69 0.08
   44 P   -1 -3 -3 -2 -4 -2 -2 -3 -3 -4 -4 -2 -3 -4  8 -1 -2 -5 -4 -3    0   0   0   0   0   0   0   0   0   0   0   0   0   0 100   0   0   0   0   0  2.25 0.10
   45 K   -1  2  0 -1 -4  1  0 -2 -1 -3 -3  6 -2 -4 -2 -1 -1 -4 -2 -3    0   3   0   0   0   0   0   0   0   0   0  97   0   0   0   0   0   0   0   0  0.73 0.08
   46 M   -2 -2 -3 -4 -2 -1 -3 -4 -3  2  2 -2  7  0 -3 -2 -1 -2 -2  1    0   0   0   0   0   0   0   0   0  18   9   0  71   0   0   0   0   0   0   1  0.54 0.08
   47 I   -2 -4 -4 -4 -2 -3 -4 -4 -4  5  1 -3  1 -1 -3 -3 -1 -3 -2  3    1   0   0   0   0   0   0   0   0  95   0   0   0   0   0   0   0   0   0   4  0.59 0.08
   48 G    0 -3 -1 -2 -3 -2 -3  6 -3 -4 -4 -2 -3 -4 -3 -1 -2 -3 -4 -3    1   0   0   0   0   0   0  96   0   0   0   0   0   0   0   0   0   0   0   3  1.15 0.07
   49 G    0 -3 -1 -2 -3 -2 -3  6 -3 -5 -4 -2 -3 -4 -3 -1 -2 -3 -4 -4    0   0   0   0   0   0   0 100   0   0   0   0   0   0   0   0   0   0   0   0  1.25 0.08
   50 I   -2 -4 -4 -4 -2 -3 -4 -4 -4  6  1 -3  1 -1 -3 -3 -1 -3 -2  2    0   0   0   0   0   0   0   0   0  97   1   0   1   0   0   0   0   0   0   1  0.61 0.08
   51 G    0 -3 -1 -2 -3 -2 -3  6 -3 -5 -4 -2 -3 -4 -3 -1 -2 -3 -4 -4    0   0   0   0   0   0   0 100   0   0   0   0   0   0   0   0   0   0   0   0  1.25 0.08
   52 G    0 -3 -1 -2 -3 -2 -3  6 -3 -5 -4 -2 -3 -4 -3 -1 -2 -3 -4 -4    0   0   0   0   0   0   0 100   0   0   0   0   0   0   0   0   0   0   0   0  1.25 0.08
   53 F   -3 -3 -4 -4 -3 -4 -4 -4 -2 -1  0 -4  0  7 -4 -3 -3  0  3 -1    0   0   0   0   0   0   0   0   0   0   2   0   0  97   0   0   0   0   0   0  1.03 0.09
   54 I   -1 -3 -4 -4 -2 -3 -4 -4 -4  5  1 -3  1 -1 -3 -2 -1 -3 -2  3    1   0   0   0   0   0   0   0   0  75   2   0   0   0   0   0   1   0   0  19  0.48 0.06
   55 K   -1  2 -1 -1 -4  1  0 -2 -1 -3 -3  6 -2 -4 -2 -1 -1 -4 -2 -3    0   5   0   0   0   0   1   0   0   0   0  94   0   0   0   0   0   0   0   0  0.71 0.08
   56 V   -1 -3 -4 -4 -1 -3 -3 -4 -4  2  1 -3  0 -1 -3 -2  0 -4 -2  5    0   0   0   0   0   0   0   0   0   1   1   0   0   0   0   0   0   0   0  98  0.55 0.08
   57 R   -2  6 -1 -2 -4  1  0 -2 -1 -4 -3  3 -2 -4 -2 -1 -2 -3 -2 -3    0  84   0   0   0   0   0   1   0   0   0  15   0   0   0   0   0   0   0   0  0.86 0.08
   58 Q   -1  1 -1 -1 -4  7  2 -2  0 -4 -3  1 -1 -4 -2 -1 -1 -3 -2 -3    0   0   0   0   0  95   5   0   0   0   0   0   0   0   0   0   0   0   0   0  0.92 0.10
   59 Y   -2 -2 -3 -4 -2 -2 -3 -4  1 -2 -2 -3 -2  3 -4 -2 -2  2  8 -2    0   0   0   0   0   0   0   0   0   0   0   0   0   1   0   1   0   0  97   0  1.21 0.11
   60 D   -2 -2  1  7 -4  0  2 -2 -1 -4 -4 -1 -4 -4 -2 -1 -2 -5 -4 -4    2   0   0  87   0   0  12   0   0   0   0   0   0   0   0   0   0   0   0   0  1.01 0.08
   61 Q   -1  1  0  0 -4  7  2 -2  1 -4 -3  1 -1 -4 -2 -1 -1 -3 -2 -3    0   0   2   1   0  91   4   0   1   0   0   0   0   0   0   0   0   0   0   0  0.86 0.10
   62 I   -1 -3 -4 -4 -1 -3 -3 -4 -4  4  1 -3  1 -1 -3 -3 -1 -3 -2  4    0   0   0   0   0   0   0   0   0  60   0   0   0   0   0   0   0   0   0  39  0.47 0.06
   63 I   -1 -2 -2 -2 -1 -1 -1 -3 -2 -2 -1 -1 -2 -3  7 -1  0 -4 -3 -2    2   0   1   0   1   1   1   0   1   1   6   0   0   0  76   3   5   0   0   0  1.44 0.07
   64 I   -1 -3 -4 -4 -2 -3 -4 -4 -4  5  1 -3  1 -1 -3 -3 -1 -3 -2  3    0   0   0   0   0   0   0   0   0  73   3   0   2   0   0   0   0   0   0  20  0.47 0.06
   65 E   -1 -1 -1  2 -4  2  6 -3 -1 -4 -4  0 -3 -4 -2 -1 -1 -4 -3 -3    0   0   0   4   0   0  96   0   0   0   0   0   0   0   0   0   0   0   0   0  0.92 0.09
   66 I   -2 -4 -4 -4 -2 -3 -4 -4 -4  6  1 -3  1  0 -3 -3 -1 -3 -2  2    0   0   0   0   0   0   0   0   0  98   0   0   0   1   0   0   1   0   0   1  0.61 0.08
   67 A   -1 -4 -3 -4 10 -4 -4 -3 -4 -2 -2 -4 -2 -3 -4 -1 -1 -3 -3 -1    1   0   0   0  97   0   0   0   0   0   0   0   0   0   0   1   0   0   0   0  1.68 0.12
   68 G    0 -3 -1 -2 -3 -2 -2  6 -3 -5 -4 -2 -3 -4 -3 -1 -2 -3 -4 -4    0   0   0   1   0   0   1  99   0   0   0   0   0   0   0   0   0   0   0   0  1.22 0.08
   69 H   -2 -1  0 -2 -4  1  0 -3  9 -4 -3  0 -2 -2 -3 -1 -2 -3  2 -4    0   0   0   0   0   7   0   0  87   0   0   5   0   0   0   0   0   0   2   0  1.11 0.10
   70 K   -1  2 -1 -1 -4  1  0 -2 -1 -3 -3  6 -2 -4 -2 -1 -1 -4 -2 -3    0   4   0   0   0   0   0   0   0   0   0  93   0   0   0   0   1   0   0   0  0.69 0.08
   71 A    3 -2 -2 -2 -1 -1 -2 -1 -2  0 -1 -1 -1 -2 -2  0  1 -3 -2  2   58   0   0   0   0   0   0   0   0   1   0   0   0   0   0   0  13   0   0  27  0.28 0.05
   72 I   -1 -3 -3 -3 -2 -3 -3 -4 -4  5  1 -3  1 -1 -3 -2  0 -3 -2  3    0   0   0   0   0   0   1   0   0  76   2   1   2   0   0   0   8   0   0  11  0.42 0.06
   73 G    0 -3 -1 -2 -2 -2 -3  6 -3 -4 -4 -2 -3 -4 -3  0 -1 -3 -4 -4    0   0   0   0   0   0   0  93   0   0   0   0   0   0   0   4   3   0   0   0  1.09 0.07
   74 T    0 -2  0 -2 -1 -1 -1 -2 -2 -1 -2 -1 -1 -3 -2  2  6 -3 -2 -1    1   0   0   0   0   0   0   0   0   0   0   0   0   0   0   5  93   0   0   0  0.66 0.08
   75 V   -1 -3 -4 -4 -1 -3 -3 -4 -4  2  1 -3  0 -1 -3 -2  0 -3 -2  5    0   0   0   0   0   0   0   0   0   0   1   0   0   0   0   0   0   0   0  98  0.54 0.08
   76 L   -2 -3 -4 -4 -2 -3 -3 -4 -3  1  5 -3  2  0 -3 -3 -2 -2 -2  1    0   0   0   0   0   0   1   0   0   0  97   0   0   0   0   0   0   0   0   2  0.59 0.06
   77 V   -1 -3 -4 -4 -1 -3 -3 -4 -4  4  1 -3  1 -1 -3 -2  0 -3 -2  4    0   0   0   0   0   0   0   0   0  29   1   0   0   0   0   0   1   0   0  69  0.46 0.06
   78 G    0 -2 -1 -2 -3 -2 -3  6 -3 -4 -4 -2 -3 -4 -3 -1 -2 -3 -4 -4    0   1   0   0   0   0   0  99   0   0   0   0   0   0   0   0   0   0   0   0  1.21 0.08
   79 P   -1 -3 -3 -2 -4 -2 -2 -3 -3 -4 -3 -2 -3 -4  8 -1 -2 -5 -4 -3    0   0   0   1   0   0   0   0   0   0   0   0   0   0  98   1   0   0   0   0  2.19 0.10
   80 T    0 -2 -1 -2 -1 -1 -1 -2 -2 -1 -2 -1 -1 -3 -2  1  6 -3 -2 -1    0   0   0   0   0   0   0   0   0   0   0   0   0   0   0   1  99   0   0   0  0.72 0.09
   81 P   -1 -3 -3 -2 -4 -2 -2 -3 -3 -4 -4 -2 -3 -4  8 -1 -2 -5 -4 -3    0   0   0   0   0   0   0   0   0   0   0   0   0   0 100   0   0   0   0   0  2.25 0.10
   82 S    2 -3 -3 -3 -1 -2 -2 -2 -3  2  0 -2  0 -1 -2 -1  0 -3 -2  4   22   0   0   0   1   0   0   0   0   4   0   0   0   2   0   2   2   0   0  66  0.28 0.05
   83 N   -2 -1  7  1 -3  0 -1 -1  0 -4 -4 -1 -3 -4 -3  0 -1 -5 -3 -4    0   0  99   1   0   0   0   0   0   0   0   0   0   0   0   0   0   0   0   0  1.03 0.10
   84 I   -2 -4 -4 -4 -2 -3 -4 -4 -4  5  1 -3  1 -1 -3 -3 -1 -3 -2  3    0   0   0   0   0   0   0   0   0  84   0   0   0   0   0   0   0   0   0  15  0.54 0.07
   85 I   -2 -4 -4 -4 -2 -3 -4 -4 -4  5  1 -3  1 -1 -3 -3 -1 -3 -2  3    0   0   0   0   0   0   0   0   0  94   0   0   0   0   0   0   1   0   0   5  0.58 0.07
   86 G    0 -2 -1 -2 -3 -2 -3  6 -3 -4 -4 -2 -3 -4 -3 -1 -2 -3 -4 -4    0   1   0   0   0   0   0  99   0   0   0   0   0   0   0   0   0   0   0   0  1.21 0.08
   87 R   -2  7 -1 -2 -4  1 -1 -3 -1 -4 -3  2 -2 -4 -3 -1 -2 -3 -2 -3    0  99   0   0   0   0   0   0   0   0   0   1   0   0   0   0   0   0   0   0  1.02 0.09
   88 N   -2 -1  7  2 -3  0 -1 -1  0 -4 -4 -1 -3 -4 -3  0 -1 -5 -3 -4    0   0  94   6   0   0   0   0   0   0   0   0   0   0   0   1   0   0   0   0  0.96 0.09
   89 L   -2 -3 -4 -4 -2 -2 -3 -4 -3  1  4 -3  3  0 -3 -3 -2 -2 -1  1    0   0   0   0   0   0   0   0   0   1  87   0   8   0   0   0   0   0   0   2  0.54 0.06
   90 L   -2 -2 -4 -4 -2 -2 -3 -4 -3  1  4 -3  5  0 -3 -3 -1 -2 -1  1    0   0   0   0   0   0   0   0   0   0  69   0  31   0   0   0   0   0   0   0  0.52 0.06
   91 T   -1 -2  0 -2 -1 -1 -1 -2 -2 -1 -2 -1 -1 -3 -2  1  6 -3 -2 -1    0   0   1   0   0   0   0   0   0   0   0   0   0   0   0   0  99   0   0   0  0.72 0.09
   92 Q   -1  1 -1 -1 -4  7  2 -2  0 -4 -3  1 -1 -4 -2 -1 -1 -3 -2 -3    0   1   0   0   0  97   0   0   0   0   0   2   0   0   0   0   0   0   0   0  0.94 0.10
   93 I   -2 -3 -3 -4 -2 -3 -4 -4 -4  4  3 -3  1  0 -3 -3 -1 -3 -2  2    0   0   1   0   0   0   0   0   0  64  34   0   1   0   0   0   0   0   0   0  0.44 0.05
   94 G    0 -3 -1 -2 -3 -2 -2  6 -3 -5 -4 -2 -3 -4 -3 -1 -2 -3 -4 -4    0   0   0   0   0   0   1  99   0   0   0   0   0   0   0   0   0   0   0   0  1.23 0.08
   95 A   -1 -4 -3 -4 10 -4 -4 -3 -4 -2 -2 -4 -2 -3 -4 -1 -2 -3 -3 -1    1   0   0   0  98   0   0   0   0   0   0   0   0   0   0   1   0   0   0   0  1.71 0.12
   96 T    0 -2  0 -2 -1 -1 -1 -2 -2 -1 -2 -1 -1 -3 -1  1  6 -3 -2 -1    0   0   0   0   0   0   0   0   0   0   0   0   0   0   1   1  98   0   0   0  0.69 0.09
   97 L   -2 -3 -4 -4 -2 -3 -3 -4 -3  1  5 -3  2  1 -3 -3 -2 -2 -1  1    0   0   0   0   0   0   0   0   0   0  98   0   0   2   0   1   0   0   0   0  0.59 0.06
   98 N   -2 -1  7  1 -3  0 -1 -1  0 -4 -4  0 -3 -4 -3  0 -1 -5 -3 -4    0   0  98   0   0   0   0   0   0   1   0   2   0   0   0   0   0   0   0   0  0.98 0.09
   99 F   -3 -4 -4 -4 -3 -4 -4 -4 -2 -1  0 -4  0  8 -4 -3 -3  1  3 -1    0   0   0   0   0   0   0   0   0   0   0   0   0 100   0   0   0   0   0   0  1.07 0.09
