    1 A    3 -2 -1 -2 -1 -1 -1  3 -2 -3 -3 -1 -2 -3 -2  3  1 -3 -3 -2   44   0   0   0   0   0   0  22   0   0   0   0   0   0   0  27   7   0   0   0  0.45 0.08
    2 A    2  0 -1 -2 -3 -1 -2 -1 -2 -3 -3  1 -3 -4  4  2  2 -4 -3 -2   19   4   2   0   0   1   0   2   0   0   0  10   0   0  24  22  16   0   0   0  0.53 0.16
    3 G    1  0  3  1 -3  2  0  3  0 -4 -4  0 -3 -4 -1  0  0 -4 -3 -3   17   4  16   6   0  11   6  22   2   0   0   5   0   0   2   5   5   0   0   0  0.32 0.12
    4 P    1 -3 -3 -3  3  0 -1 -2 -3 -1 -3 -2 -3 -3  5  0  2 -4 -4  1   10   0   0   0   8   6   4   2   0   2   1   0   0   1  36   5  15   0   0  11  0.69 0.22
    5 E   -3  1 -4 -1 -5  1  3 -5 -2 -4 -4 -2 -4  0 -3 -2 -3 -2  7 -2    1   8   0   3   0   7  22   0   0   0   0   1   0   3   1   2   1   0  50   2  1.14 0.42
    6 M   -2  0  4 -2 -4 -1  1 -3 -3 -1 -1  0  4 -1 -2 -1  1 -4 -2  0    1   5  24   0   0   1  11   1   0   3   5   6  16   2   1   3  11   0   1   8  0.35 0.24
    7 V   -3 -6 -6 -5 -4 -4 -6 -2 -6  5  0 -5 -1 -4 -2 -2 -3 -6 -4  5    1   0   0   1   0   1   0   3   0  35   6   0   1   0   3   3   0   0   0  47  1.12 0.44
    8 R   -4  4  2 -4  1 -3 -4 -3  2 -3  0  1 -2  5 -5 -1 -3  1  3 -4    0  23  10   0   3   0   0   2   4   1   8   7   1  26   0   3   1   2   8   0  0.65 0.33
    9 G   -3  0  3 -2 -3 -1 -2  5 -2 -5 -3  2 -1 -5 -4 -2 -1 -5 -5 -5    1   5  13   2   1   3   2  49   1   0   3  13   1   0   0   2   4   0   0   0  0.88 0.37
   10 Q   -3 -1  3 -2 -5  4  0 -4 -1  1 -4 -2 -2 -5 -4  0  4 -5 -3 -1    1   3  16   2   0  22   6   0   1   8   1   1   1   0   0   5  30   0   0   3  0.71 0.37
   11 V   -1 -1 -1  0 -2  0  0 -3  0  1  1 -2 -1 -2 -2  1  2 -4 -3  2    4   3   3   6   1   4   7   0   2   9  15   1   1   1   2  10  17   0   0  15  0.16 0.15
   12 F   -7 -8 -8 -9 -7 -8 -8 -8 -6 -3 -5 -8 -1  9 -9 -8 -7  6  0 -6    0   0   0   0   0   0   0   0   0   1   0   0   1  87   0   0   0   8   2   0  3.12 0.86
   13 D   -4 -3  3  3 -3 -1  6 -5 -2  0 -4 -2 -3 -4 -4 -3 -2 -2 -4 -1    1   1  15  12   1   1  47   0   1   6   2   1   0   1   0   1   2   1   1   6  0.94 0.45
   14 V   -3 -7 -7 -7  1 -4 -6 -6 -7  4 -1 -6 -2 -5  0 -6 -2 -7 -5  6    1   0   0   0   2   1   0   1   0  21   5   0   1   0   5   0   2   0   0  62  1.47 0.55
   15 G   -2 -3 -2  3 -5 -3 -3  4 -3 -6 -5 -3 -5 -5  3  2  2 -6 -4 -5    1   1   0  17   0   1   1  34   1   0   0   0   0   0  14  13  15   0   0   0  0.82 0.40
   16 P    0  0 -1  1 -3 -1  1 -2 -2 -4 -4  0 -2 -6  5  2  1 -6 -5 -3    7   5   3   8   0   2  11   2   1   1   1   4   1   0  25  19   9   0   0   1  0.54 0.29
   17 R   -3  6 -1  0 -3  0  0 -4  2 -4 -6  4 -3 -5 -5 -2 -3 -6 -3 -5    1  50   2   5   1   3   5   1   4   1   0  21   1   0   0   3   1   0   1   0  1.16 0.47
   18 Y   -2  0 -7 -8 -7 -6 -7 -8 -3 -6 -4 -6 -6  2 -8 -6 -6  5  9 -4    4   5   0   0   0   0   0   0   0   0   1   0   0   6   0   0   0   6  77   1  2.62 0.80
   19 T   -2  0 -2 -2 -4  4  1 -3 -1 -2 -2  1 -2 -3 -2  0  2  4 -3  1    1   4   1   2   0  22   8   2   1   1   4   9   0   0   2   8  16   6   1  12  0.39 0.27
   20 N   -1 -3  2  2 -2  0  0 -3 -2  1  0 -2  0  0  4 -2 -2 -5 -2  1    4   1  13  11   1   5   5   1   1   8   9   1   2   4  20   1   1   0   1  12  0.34 0.21
   21 L   -1 -3 -4 -5 -2 -2 -3 -5 -2  3  3 -2  1 -1  1 -3  0  5 -3  1    4   1   1   0   1   2   1   0   1  21  37   2   2   1   7   1   6   9   0   6  0.52 0.27
   22 S    0  2  1  1 -2  1  2 -3  0 -3 -1  2  0 -3 -3  2 -1 -4 -2 -2    6  14   7   6   1   5  12   0   3   1   6  16   4   1   0  17   2   0   1   1  0.26 0.18
   23 Y   -2 -3 -3 -3 -2 -2  0 -3 -2 -1 -2 -3 -2 -1  5 -2 -1  3  5  2    2   1   1   1   1   1   7   2   1   3   3   1   1   1  31   1   4   4  20  16  0.71 0.33
   24 I   -1 -3 -3 -4 -2 -3 -3 -4  2  5  2 -3  1 -2 -4  0 -1 -4 -2  2    2   0   0   0   0   0   0   0   7  45  16   0   2   0   0  11   2   0   0  16  0.51 0.23
   25 G    0  0 -2 -3 -4 -1 -4  6 -4 -5 -5 -3 -4  0 -4 -2 -3 -4 -4 -5    5   6   0   0   0   3   0  80   0   0   0   0   0   6   0   0   0   0   0   0  1.31 0.37
   26 E    0  2  0  0 -3  1  2  0  0 -1  0  0  1 -2 -2  0 -1 -3 -1 -1    9  18   5   4   0   4  15   7   2   1  12   2   6   1   0   6   2   0   2   3  0.11 0.09
   27 G    0 -1 -1 -1 -3  0 -2  5 -2 -3 -3 -2 -3 -2 -3 -1 -2 -2  1 -2    8   3   0   3   0   5   1  64   0   0   1   1   0   0   0   1   1   0   8   3  0.73 0.20
   28 A    4  1 -2 -2 -2 -1 -1  1 -2 -2 -2 -1 -2 -3 -2  1  2 -3 -3 -1   46  11   0   0   0   0   4   8   0   0   1   0   0   0   0  10  13   0   0   4  0.36 0.18
   29 Y   -2 -2  2  0  1 -2 -2 -3  0 -2 -2 -2 -2  2  1  0  0  0  6 -2    1   1  11   4   3   1   1   1   0   1   1   1   0   9   7   8   7   0  42   1  0.57 0.21
   30 G    1 -3 -2 -2 -3 -2  2  5 -3 -4 -4 -2 -3 -4 -3  2 -2 -3 -3 -3   11   1   1   1   0   1  16  49   0   1   1   1   0   1   1  14   1   0   0   1  0.76 0.25
   31 M    0  2 -2 -2  1  0 -1  0 -2  1  0 -1  2  0  1 -1  0 -3 -2  1    4  14   1   1   4   5   4   8   0   7   5   1   8   4   7   5   5   0   0  17  0.08 0.08
   32 V   -3 -6 -6 -6 -4 -5 -6 -6 -6  0 -2 -5 -2 -4 -6 -5 -3 -6 -4  7    0   0   0   0   0   0   0   0   0   1   1   0   0   0   0   0   0   0   0  97  2.00 0.60
   33 C   -1 -6 -6 -6 11 -6 -6 -5 -6 -1 -4 -6 -4 -4 -6 -2 -4 -3 -4  2    4   0   0   0  75   0   0   0   0   3   0   0   0   0   0   3   0   0   0  13  2.57 0.64
   34 S    3 -3 -3 -3  0 -3 -3 -3 -4 -5 -3 -2 -4 -5 -4  6 -2 -6 -4 -4   21   0   0   0   2   0   0   0   0   0   2   1   0   0   0  73   0   0   0   0  1.31 0.51
   35 A    7 -4 -4 -5 -3 -4 -4 -2 -5 -3 -3 -4 -4 -5 -4  0 -3 -6 -5 -1   88   0   0   0   0   0   0   1   0   0   1   0   0   0   0   5   0   0   0   4  1.54 0.54
   36 Y   -2  1 -2 -2 -3 -1 -1 -4  0  2  1  1  1  0 -3 -2  0 -2  2  2    0   9   1   1   0   2   2   0   2  13  15  11   4   3   0   1   6   0   8  21  0.19 0.14
   37 D   -4 -2  5  6 -3 -2 -1 -4  6 -6 -6 -3 -5 -4 -5 -3 -3 -6 -2 -5    0   1  29  44   1   0   1   0  20   0   0   1   0   1   0   0   0   0   1   1  1.39 0.46
   38 N   -1  2  2 -1 -2  1 -1 -2  0 -1 -2  2 -1 -3 -3  2  3 -2 -2 -1    3  11  10   1   1   6   1   0   3   3   3  14   1   0   0  17  21   0   0   3  0.27 0.18
   39 L   -1  0 -2  0 -4  1  3 -2 -1 -2  0  1 -2 -3  3 -1 -2 -3 -3  1    3   5   0   5   0   7  28   2   1   1  10   7   0   0  16   1   1   0   0  12  0.34 0.19
   40 N   -2 -1  1 -2 -2 -3 -2 -4 -3 -3 -3 -3 -3 -4 -4  2  6 -5 -3 -3    2   3   7   2   0   0   2   0   0   0   2   0   0   0   0  14  65   0   1   0  1.12 0.45
   41 K   -2  1  4  0 -5  1 -2  4  1 -5 -5  2 -4 -5 -4 -1 -3 -5 -4 -5    1   7  23   3   0   6   1  39   3   0   1  13   0   0   0   2   0   0   0   0  0.76 0.30
   42 V   -2  1 -1  0 -3  3  5 -3 -1 -1 -3  0 -1 -4 -3 -1  1 -5 -3 -1    2   7   2   4   0  14  41   1   1   3   2   3   2   0   0   2  12   0   0   4  0.56 0.27
   43 R   -2  3  0 -2 -4  1  1 -1  0 -3 -2  5  1 -4 -2 -1 -1 -4 -2 -3    1  15   4   1   0   5  10   4   2   1   4  40   4   0   2   4   2   0   1   1  0.48 0.23
   44 V   -3 -6 -6 -6  0 -5 -6 -6 -6  1 -2 -5 -1 -4 -5 -5 -3 -6 -4  7    1   0   0   0   2   0   0   0   0   2   1   0   1   0   0   0   0   0   0  93  1.82 0.56
   45 A    7 -5 -5 -5 -4 -4 -4 -3 -5 -5 -5 -4 -4 -5 -4 -2 -3 -6 -5 -3  100   0   0   0   0   0   0   0   0   0   0   0   0   0   0   0   0   0   0   0  1.95 0.61
   46 I   -4 -6 -6 -6 -4 -6 -6 -7 -6  8 -1 -6  0 -3 -6 -5 -4 -6 -4  2    0   0   0   0   0   0   0   0   0  89   1   0   1   0   0   0   0   0   0   9  1.93 0.55
   47 K   -4 -1 -3 -4 -7 -2 -2 -5 -4 -6 -6  8 -5 -7 -4 -3 -4 -6 -5 -6    0   0   0   0   0   0   0   0   0   0   0 100   0   0   0   0   0   0   0   0  2.31 0.67
   48 K   -4  1 -2 -4 -6 -2 -2 -5 -4 -6 -5  8 -3 -6 -4 -3 -4 -6 -5 -6    0   6   1   0   0   0   0   0   0   0   0  93   1   0   0   0   0   0   0   0  2.04 0.61
   49 I   -4 -6 -6 -6 -3 -5 -6 -6 -6  7  1 -5  0 -2 -5 -4 -3 -5 -4  3    0   0   0   0   0   0   0   0   0  74   8   0   1   0   0   0   0   0   0  15  1.50 0.46
   50 S    0 -1  4 -2 -1  0  0 -2 -1 -4 -3  1 -3 -4 -3  3  2 -5 -4 -3    6   2  26   0   1   4   4   0   1   0   2  10   0   0   1  26  17   0   0   1  0.52 0.27
   51 P    3 -3  2 -3 -4 -3 -3 -3 -4 -3 -5 -3 -4 -5  7 -2 -3 -6 -5 -1   32   1  10   0   0   0   0   0   0   1   0   1   0   0  48   1   0   0   0   5  1.29 0.43
   52 F   -6 -6 -7 -7 -3 -7 -7 -7 -5 -2 -3 -7 -3  9 -7 -6 -6 -2  0 -4    0   0   0   0   0   0   0   0   0   2   0   0   0  96   0   0   0   0   1   0  2.76 0.69
   53 E   -2 -3  0  5 -5  2  4 -2 -2 -5 -5 -2 -4 -5 -3  2 -2 -6 -4 -3    1   0   4  33   0   8  34   2   0   0   1   0   0   0   0  15   1   0   0   1  0.90 0.35
   54 H   -3  0  5  1 -5 -2 -2 -4  7 -5 -5  2 -3 -5 -4  0  0 -5 -2 -3    1   4  29   6   0   0   0   0  31   0   0  14   0   0   0   6   7   0   0   2  0.94 0.36
   55 Q    0  2 -1 -2 -3  3 -1 -3  1 -1  0  1 -2 -3  2  0  0 -2 -1 -1    6  14   1   0   0  17   1   0   4   4  10   9   0   0  11   9   6   0   2   4  0.23 0.15
   56 T   -3 -4 -4 -5 -3 -3 -4 -5 -5  5  1 -3  5 -3 -4 -3  3 -4 -3  3    0   0   0   0   0   0   1   0   0  36   8   1  15   0   0   0  22   0   0  16  0.77 0.32
   57 Y   -3 -3 -1  5 -3 -3 -2 -4  3 -2  1 -3 -2  4 -4 -3 -3 -3  3 -3    1   0   1  33   0   0   1   0   8   2  18   0   0  22   0   0   1   0  12   1  0.71 0.30
   58 C    5 -5 -4 -5  8 -3 -4 -3 -5 -4 -4 -4 -4 -5 -4  0  0 -5 -5 -2   54   0   0   0  33   1   0   1   0   0   0   0   0   0   0   4   6   0   0   1  1.40 0.46
   59 Q   -3  0 -3 -3 -5  4 -1 -4 -3 -3  2  6 -2 -4 -4 -3 -2 -5 -4 -3    0   3   0   0   0  17   1   0   0   0  19  57   0   0   0   0   2   0   0   0  1.00 0.41
   60 R   -5  8 -4 -5 -7 -2 -3 -6 -4 -6 -6 -1 -5 -6 -6 -4 -4 -6 -5 -6    0  99   0   0   0   0   0   0   0   0   0   1   0   0   0   0   0   0   0   0  2.54 0.69
   61 T    0 -4 -3 -4  0 -4 -4 -4 -5  0 -3 -4 -3 -5 -4 -1  7 -5 -5 -2    7   0   0   0   2   0   0   0   0   6   1   0   0   0   0   2  80   0   0   1  1.53 0.54
   62 L   -4 -5 -6 -6 -3 -5 -5 -6 -2 -1  6 -5 -1 -1 -6 -5 -4 -3  4 -1    0   0   0   0   0   0   0   0   1   0  79   0   0   1   0   0   0   0  16   3  1.33 0.45
   63 R   -5  8 -4 -5 -4 -2 -3 -6 -4 -6 -5 -1 -5 -6 -4 -4 -4 -6 -5 -6    0  97   0   0   0   0   0   0   0   0   0   0   0   0   1   0   1   0   0   0  2.47 0.68
   64 E   -4 -3 -4 -2 -7 -1  8 -6 -3 -7 -6 -2 -5 -7 -5 -3 -4 -6 -5 -6    0   0   0   0   0   1  99   0   0   0   0   0   0   0   0   1   0   0   0   0  2.31 0.68
   65 I   -4 -5 -6 -6 -4 -5 -6 -6 -6  7  3 -5  2 -2 -5 -5 -3 -5 -4  1    0   0   0   0   0   0   0   0   0  63  29   0   3   0   0   0   1   0   0   4  1.30 0.42
   66 K   -4  3 -3 -4 -5 -1 -2 -5 -1 -5 -5  7 -1 -6 -4 -3 -3 -4 -5 -4    0  15   0   0   0   1   0   0   1   0   0  79   2   0   0   0   1   0   0   1  1.64 0.53
   67 I   -4 -5 -6 -6 -4 -5 -6 -6 -5  4  5 -5  1 -2 -5 -5 -4 -4 -4 -1    0   0   0   0   0   0   0   0   0  24  72   0   3   0   0   0   0   0   0   0  1.30 0.43
   68 L   -4 -5 -6 -7 -4 -5 -6 -7 -5 -1  6 -5  1 -2 -6 -5 -4 -5 -4 -2    0   0   0   0   0   0   0   0   0   0  97   0   2   0   0   0   0   0   0   0  1.75 0.53
   69 L   -3  5 -1 -3  0  1 -2 -4  0 -4 -1  4 -3 -5 -3 -1  1 -5 -4 -3    0  40   1   0   3   6   0   0   2   0   6  27   0   0   1   4   8   0   0   1  0.74 0.31
   70 R   -4  3 -2 -4 -3 -2 -3 -5 10 -6 -4 -1 -4  1 -5 -3 -4 -3  2 -6    0  16   0   0   1   1   0   0  65   0   1   2   0   6   0   1   0   0   6   0  1.94 0.56
   71 F   -4 -5 -6 -6 -5 -5 -6 -6 -4  0  2 -5  6  7 -6 -5 -4 -3 -1 -2    0   0   0   0   0   0   0   0   0   3  19   0  20  57   0   0   0   0   0   0  1.57 0.48
   72 R   -2  4  3  4 -3  1  0 -3  1 -5 -5  3 -3 -5 -3 -1 -2 -5 -3 -4    1  24  14  22   1   6   3   1   4   0   0  20   0   0   0   3   1   0   0   0  0.66 0.27
   73 H   -5 -4 -1 -4 -7 -3 -2 -5 11 -7 -6 -4 -5 -5 -6 -4 -5 -6 -2 -7    0   0   2   0   0   0   2   0  95   0   0   0   0   0   0   1   0   0   0   0  3.34 0.81
   74 E   -4 -1 -3  2 -7 -1  7 -5 -2 -6 -6  1 -4 -6 -3 -3 -4 -6 -5 -5    0   2   0   9   0   0  80   0   0   0   0   6   0   0   1   0   0   0   0   0  1.65 0.54
   75 N   -5 -4  9 -2 -6 -3 -4 -4 -3 -7 -7 -4 -6 -7 -6 -3 -3 -7 -4 -6    0   0  99   0   0   0   0   0   0   0   0   0   0   0   0   0   0   0   0   0  2.67 0.73
   76 I   -3 -6 -6 -6 -4 -5 -6 -6 -6  7  0 -5  0 -3 -5 -5 -3 -5 -4  5    0   0   0   0   0   0   0   0   0  62   3   0   1   0   0   0   0   0   0  34  1.48 0.46
   77 I   -4 -6 -5 -5 -4 -5 -6 -6 -6  7 -1 -5  0 -3 -5 -4  1 -5 -4  2    0   0   0   0   0   0   0   0   0  79   1   0   1   0   0   0   9   0   0   8  1.58 0.50
   78 G    2 -2  1  1  4 -2 -2  3 -3 -4 -4 -1 -3 -4 -2  3  0 -4 -4 -3   19   2   6   7  10   1   0  22   0   0   0   3   0   0   1  25   4   0   0   1  0.46 0.23
   79 I   -4 -5 -6 -6 -4 -5 -5 -6 -5  6  4 -5  0 -2 -5 -5 -3 -5 -4  1    0   0   0   0   0   0   0   0   0  56  37   0   1   0   0   0   0   0   0   5  1.25 0.41
   80 N   -2  2  0 -2 -2  1 -2 -3  0 -1  2  3  0  0 -3 -1 -1 -3  2 -1    0  15   6   1   1   7   1   0   1   3  23  19   1   4   0   4   2   0  10   3  0.24 0.17
   81 D   -4 -4 -1  8 -7 -3  1 -4 -4 -6 -7 -4 -6 -7 -5 -3 -3 -7 -6 -4    1   0   1  90   0   0   5   0   0   0   0   0   0   0   0   0   1   0   0   1  2.20 0.61
   82 I   -3 -5 -5 -5 -1 -4 -5 -5 -5  6  1 -3  1 -2 -5 -4 -3 -5 -3  4    1   0   0   0   1   0   0   0   0  58   7   1   4   0   0   0   0   0   0  26  1.12 0.37
   83 I   -3 -4 -4 -3 -3  1 -4 -5 -3  5  2 -4  4  3 -5 -3 -2 -3 -1  1    0   0   0   1   0   8   0   0   0  37  16   0  10  15   0   1   1   0   1   8  0.63 0.27
   84 R   -2  5 -2 -1 -3  0 -2 -4  0  0 -1  2  0 -2  2 -1  0 -4 -3 -1    0  33   1   4   0   2   0   0   2   8   6  15   3   2  11   2   5   0   0   3  0.41 0.22
   85 A    1 -5 -3 -4 -5 -3 -2 -4 -4 -1 -5 -4 -5 -5  8  1 -2 -6 -4 -2   12   0   1   0   0   0   2   1   0   4   0   0   0   0  67   9   1   0   0   2  1.69 0.49
   86 P    0 -1 -1  0 -4 -2 -1 -3  0 -2 -3 -1 -3 -3  6  0  1 -5 -2 -1    7   3   3   6   0   1   3   1   2   2   1   2   0   1  45   8   7   0   2   5  0.81 0.28
   87 T    0  0  1  1 -2  1  0 -2  1 -2 -1  0 -2 -3 -2  3  2 -4 -2 -1    3   4   7   6   1   9   2   2   5   1   6   4   0   0   1  29  15   0   1   3  0.25 0.16
   88 I   -1  2 -1 -2 -3 -1 -2 -3 -2  1  1  1  0  2  1 -2 -1 -1  1  0    3  18   2   2   0   1   1   1   0  13  15  11   2   9   8   1   2   1   7   5  0.16 0.11
   89 E   -1  1  0  3 -4  1  4  0 -1 -4 -4  0 -2 -4 -2 -1 -1 -4 -2 -2    4   6   4  21   0   4  37   6   1   1   1   3   1   0   1   3   4   0   1   2  0.52 0.22
   90 Q    1 -1  2  2 -2  2  2  0  0 -3 -3  0 -2 -3 -2  1  0 -4 -3 -3   10   1  14  13   1  11  15   5   2   1   2   4   1   1   1  12   6   0   0   1  0.29 0.15
   91 M   -4 -5 -5 -5 -4 -5 -5 -6 -4 -2  0 -5  5  8 -6 -5 -4  0  1 -3    1   0   0   1   0   0   0   0   0   0   8   0  16  69   0   0   0   1   2   0  1.72 0.48
   92 K   -3  1  5  1 -4  1  2 -3  0 -5 -5  4 -4 -5 -3 -1  0 -1 -3 -4    0   5  33   6   0   5  14   0   1   0   0  26   0   0   0   3   5   1   1   0  0.69 0.28
   93 D   -3 -3  0  7 -6 -1  4 -3 -1 -5 -6 -3 -5 -6 -4 -2 -3 -6 -4 -4    2   0   3  63   0   2  25   1   1   0   0   0   0   0   0   2   1   0   0   1  1.42 0.43
   94 V   -3 -5 -5 -6 -1 -5 -5 -6 -6  4  0 -5 -1 -3 -5 -4 -2 -5 -4  6    0   0   0   0   1   0   0   0   0  21   5   0   0   0   0   0   1   0   0  70  1.27 0.41
   95 Y   -5 -5 -5 -6 -6 -5 -5 -6 -1 -5 -4 -5 -4  0 -6 -5 -5 -1 10 -5    0   0   0   0   0   0   0   0   0   0   0   0   0   0   0   0   0   0  98   0  3.00 0.73
   96 I   -3 -5 -5 -5 -3 -5 -5 -6 -5  6  3 -5  1  2 -5 -4 -2 -4 -2  1    0   0   0   0   0   0   0   0   0  49  32   0   2   9   0   0   1   0   0   6  0.97 0.33
   97 V    0 -5 -5 -5 -3 -4 -5 -4 -4  3 -2 -4 -1 -2 -5 -3 -1 -4  2  6    6   0   0   0   0   0   0   1   0  13   0   0   0   0   0   1   2   0   8  69  1.07 0.39
   98 Q   -2 -2 -2 -3 -4  5  1 -4 -1 -3 -2 -2 -2  0 -4  0  3  0  4 -3    1   0   1   0   0  34   9   0   1   0   3   0   1   3   0   5  22   1  19   0  0.72 0.33
   99 D   -3 -3 -1  3  2 -1  6 -4  2 -5 -5 -2 -3 -5 -3 -1 -2 -5 -4 -5    0   0   2  14   6   0  66   0   5   0   0   1   0   0   1   2   2   0   0   0  1.22 0.42
  100 L   -4 -2 -6 -6 -2 -4 -5 -6 -5 -1  6 -5  0  0 -5 -4 -4 -4  0 -2    0   2   0   0   1   0   0   0   0   0  90   0   0   2   0   0   0   0   3   0  1.39 0.44
  101 M   -4 -5 -5 -6 -5 -2 -5 -4 -5 -1  1 -5 10 -3 -6 -5 -4 -5 -4 -2    0   0   0   0   0   1   0   1   0   1   6   0  88   0   0   0   0   0   0   1  2.60 0.69
  102 E   -3 -3 -2  5 -6  1  5  1 -2 -5 -5 -2 -4 -5 -2 -2 -3 -5 -5 -5    1   0   0  31   0   5  47  13   0   0   0   0   0   0   1   0   0   0   0   0  1.09 0.38
  103 T    1 -4 -3 -4  2 -3 -3 -3 -3 -3 -4 -3 -3 -4 -4  1  7 -5 -3 -2   13   0   0   0   5   0   0   0   1   0   0   0   0   0   0   6  72   0   1   1  1.27 0.46
  104 D   -4 -5 -2  8 -6 -3 -1 -4 -4 -6 -7 -4 -6 -6 -5 -3 -4 -7 -6 -6    1   0   0  98   0   0   0   0   0   0   0   0   0   0   0   0   0   0   0   0  2.46 0.63
  105 L   -3 -5 -6 -6 -4 -5 -5 -6 -5 -1  6 -5  3 -2 -5 -5 -4 -4 -4 -2    1   0   0   0   0   0   0   0   0   0  91   0   7   0   0   0   0   0   0   0  1.52 0.46
  106 Y   -2 -2  2 -4 -3 -1 -3 -4 10 -5 -5 -3 -4 -2 -5 -2 -4 -4  4 -5    4   1   9   0   1   2   1   0  64   0   1   0   0   1   0   2   0   0  16   0  1.90 0.52
  107 K   -1  4  1 -3 -5  5 -1 -3  1 -5 -4  3 -3 -5 -2 -2 -3 -4 -2 -4    5  27   8   0   0  32   0   1   4   0   0  19   0   0   1   1   0   0   1   0  0.85 0.33
  108 L   -2 -5 -5 -5 -3 -4 -5 -5 -5  6  2 -5 -1 -2 -3 -4 -2 -4 -3  3    2   0   0   0   0   0   0   0   0  55  20   0   0   0   1   0   1   0   0  19  1.02 0.34
  109 L   -4 -3 -5 -5 -4 -5 -5 -6 -5  7  3 -5 -1 -2 -5 -4 -3 -5 -4  1    0   2   0   0   0   0   0   0   0  67  23   0   0   0   0   1   0   0   0   6  1.24 0.39
  110 K   -2  5 -1 -3 -3  0 -2 -4  2 -4 -4  4 -3 -3 -4 -1  0 -4  2 -3    3  39   2   0   0   2   0   0   6   0   0  27   0   0   0   3   7   0   7   1  0.77 0.30
  111 T   -2 -3 -1 -3  1 -3 -2 -3 -3 -3 -4 -3 -3 -4 -2  6  4 -5 -4 -3    0   0   1   0   3   0   1   1   0   1   0   0   0   0   1  62  29   0   0   1  1.12 0.44
  112 Q   -4  1 -2 -3 -6  8 -1 -5  0 -6 -5 -1 -4 -6 -4 -3 -3 -5 -4 -5    0   6   1   0   0  87   0   0   2   0   0   1   0   0   0   1   0   0   0   0  2.12 0.63
  113 H    0  0  0  0 -3  2  1 -2  2 -4 -4  1 -3 -4  5  0  0 -4 -3 -2    6   6   5   4   0  10  10   2   5   0   0  10   0   0  30   4   5   0   0   2  0.55 0.20
  114 L   -4 -5 -6 -6 -4 -5 -5 -6 -5  0  6 -5  0  0 -5 -5 -4 -4 -3 -2    0   0   0   0   0   0   0   0   0   2  94   0   0   2   0   0   0   0   0   0  1.57 0.47
  115 S   -2 -3  0 -2 -3 -2  0 -3 -3 -4 -4 -2 -3 -5 -3  5  5 -5 -4 -3    1   0   2   1   0   0   6   0   0   0   0   0   0   0   0  52  35   0   0   0  1.04 0.41
  116 N   -4 -2  4  6 -5 -2  2 -3 -2 -4 -5  0 -4 -5 -1 -2 -2 -6 -4 -5    0   1  19  56   0   0  10   1   0   1   1   6   0   0   2   1   1   0   0   0  1.14 0.37
  117 D    0 -3  0  6 -5  1  3 -3 -3 -5 -4 -1 -4 -5 -3 -1 -3 -6 -4 -5    8   0   2  56   0   7  20   0   0   0   1   2   0   0   0   2   0   0   0   0  1.11 0.37
  118 H   -5 -4 -3 -4 -6 -2 -3 -5 11 -6 -5 -4 -5  1 -4 -4 -5 -5 -1 -6    0   0   0   0   0   1   0   0  90   0   0   0   0   6   1   0   0   0   0   0  2.99 0.70
  119 I   -2 -5 -5 -5  8 -4 -5 -4 -4  4 -1 -4 -2  2 -5 -2 -1 -3  1  2    2   0   0   0  32   0   0   0   0  29   1   0   0   9   0   2   2   0   6  15  0.96 0.32
  120 C   -4  1 -3 -4  6  8 -1 -5 -3 -5 -5  0 -2 -6 -4 -3 -3 -5 -4 -5    0   7   0   0  17  68   1   0   0   0   0   3   1   0   0   0   0   0   0   0  1.69 0.54
  121 Y   -4 -4 -4 -5 -5 -4 -5 -5 -1 -4 -3 -4 -4  4 -5  0 -4 -1  9 -3    0   0   0   0   0   0   0   0   0   0   1   0   0  13   0   8   0   0  75   1  2.05 0.55
  122 F   -5 -5 -5 -6 -5 -5 -6 -6 -4 -3  1 -5 -2  9 -6 -5 -5 -2  0 -3    0   0   0   0   0   0   0   0   0   0  10   0   0  87   0   0   0   0   0   0  2.20 0.55
  123 L   -3 -4 -5 -5 -3 -4 -4 -5 -4  4  4 -4  2 -2 -4 -4 -1 -4 -3  2    1   0   0   0   0   0   0   0   0  25  53   0   4   0   0   0   4   0   0  11  0.80 0.28
  124 Y   -5 -5 -5 -6 -4 -4 -5 -6 -1 -4 -4 -5 -4  2 -6 -5 -5 -1 10 -4    0   0   0   0   0   0   0   0   0   0   0   0   0   4   0   0   0   0  92   0  2.72 0.66
  125 Q   -4 -2 -3 -4 -6  9 -1 -5 -3 -6 -5 -2 -4 -6 -4 -3 -4 -5 -5 -5    0   0   0   0   0  97   0   0   0   0   0   0   0   0   0   0   0   0   0   0  2.53 0.70
  126 I   -3 -4 -4 -5 -3 -4 -5 -5 -5  6  2 -3  1 -2 -4 -3  2 -4 -3  1    1   0   0   0   0   0   0   0   0  58  17   1   3   0   0   0  15   0   0   4  0.95 0.34
  127 L   -4 -5 -6 -6  0 -5 -5 -6 -2 -1  6 -5  1 -2 -5 -5 -4 -4 -4 -2    0   0   0   0   2   0   0   0   1   1  92   0   2   0   0   0   0   0   0   0  1.50 0.46
  128 R   -4  8 -3 -5  4 -2 -3 -5 -3 -6 -5  0 -4 -6 -5 -4 -4 -5 -5 -4    0  87   0   0   8   0   0   0   0   0   0   2   0   0   0   0   0   0   0   1  2.03 0.56
  129 G    2 -5 -3 -4 -5 -4 -4  7 -5 -6 -6 -4 -5 -5 -4 -2 -4 -5 -5 -5   18   0   0   0   0   0   0  80   0   0   0   0   0   0   0   0   0   0   0   0  1.71 0.47
  130 L   -4 -5 -6 -6 -2 -5 -5 -6 -5  0  6 -5  1 -2 -5 -5 -4 -4 -4 -1    0   0   0   0   1   0   0   0   0   1  92   0   2   0   0   0   0   0   0   3  1.50 0.46
  131 K   -4  0 -2 -4 -6 -1 -2 -3 -2 -5 -3  8 -4 -6 -4 -3 -3 -6 -3 -5    0   3   1   0   0   1   0   1   0   0   3  90   0   0   0   0   0   0   1   0  1.77 0.54
  132 Y    1 -4 -5 -5 -2 -4 -3 -5  0 -4 -3 -4 -2  1 -5 -2 -2 -1  9 -3   11   0   0   0   1   0   1   0   1   0   1   0   1   2   0   2   2   0  75   1  1.86 0.54
  133 I   -3 -5 -5 -5 -3 -5 -5 -6 -5  6  2 -5  2 -2 -5 -4 -3 -5 -3  3    0   0   0   0   0   0   0   0   0  64  14   0   5   0   0   0   0   0   0  16  1.18 0.37
  134 H   -5 -4 -3 -5 -6 -3 -4 -5 11 -7 -6 -4 -5 -5 -6 -4 -5 -6 -2 -6    0   0   0   0   0   0   0   0  98   0   0   0   0   0   0   0   0   0   0   0  3.43 0.78
  135 S   -2 -4 -2 -3 -3 -3 -3 -2 -4 -5 -4 -3 -4 -5 -3  7 -1 -6 -5 -4    1   0   0   0   0   0   0   2   0   0   1   0   0   0   0  92   2   0   0   0  1.69 0.57
  136 A    7 -4 -4 -4 -1 -4 -4 -2 -4 -4 -4 -3 -4 -5 -4 -1 -3 -5 -4 -2   92   0   0   0   1   0   0   2   0   0   0   0   0   0   0   2   0   0   0   1  1.57 0.51
  137 N   -3 -3  7  2 -5 -1 -2  2  1 -6 -6 -1 -5 -5 -4 -1 -3 -6 -4 -5    1   0  62  11   0   2   1  15   3   0   0   3   0   0   0   1   0   0   0   0  1.29 0.41
  138 V   -2 -5 -5 -5 -3 -4 -5 -5 -5  4 -1 -4 -2 -3 -4 -4 -2 -5 -3  6    1   0   0   0   0   0   0   0   0  20   1   0   0   0   0   0   0   0   0  75  1.35 0.42
  139 L   -3 -4 -5 -5 -3 -4 -5 -5 -5  4  5 -4  0 -1 -5 -4 -3 -4 -3  1    0   0   0   0   0   0   0   0   0  31  57   0   1   1   0   0   0   0   0   8  1.00 0.33
  140 H   -5 -4 -3 -4 -6 -3 -3 -5 11 -6 -6 -4 -5 -4 -5 -4 -5 -5 -2 -6    0   0   0   0   0   0   0   0  97   0   0   0   0   0   0   0   0   0   0   0  3.32 0.75
  141 R   -4  8 -3 -4 -2 -1 -3 -5 -3 -6 -4 -1 -4 -5 -5 -4 -4 -5 -4 -5    0  94   0   0   1   1   0   0   0   0   1   0   0   0   0   0   0   0   0   0  2.20 0.59
  142 D   -4 -4 -2  8 -6 -3 -1 -3 -4 -6 -6 -4 -6 -6 -4 -3 -4 -7 -6 -4    0   0   0  94   0   0   0   1   0   0   0   0   0   0   0   0   0   0   0   1  2.29 0.59
  143 L   -4 -5 -6 -6 -4 -4 -5 -6 -2 -1  6 -5  0 -2 -5 -5 -4 -4 -3 -2    0   0   0   0   0   0   0   0   1   1  95   0   0   0   0   0   0   0   0   1  1.55 0.46
  144 K   -3  0 -3 -3 -6 -2 -2 -4 -3 -5 -5  8 -4 -6 -4 -2 -3 -6 -3 -5    0   1   0   0   0   0   0   0   0   0   0  94   0   0   0   1   0   0   1   0  1.97 0.57
  145 P   -4 -5 -5 -5 -6 -5 -4 -5 -5 -6 -5 -4 -6 -6  9 -4 -4 -7 -3 -6    0   0   0   0   0   0   0   0   0   0   1   0   0   0  97   0   0   0   1   0  3.00 0.69
  146 S   -1 -2 -1 -3 -2 -2 -3  2 -4 -5 -5 -3 -4 -5 -4  6 -1 -5 -4 -4    2   1   1   0   1   1   0  16   0   0   0   0   0   0   0  77   0   0   0   0  1.29 0.48
  147 N   -5 -4  9 -2 -6 -3 -3 -4 -3 -6 -7 -3 -5 -6 -3 -3 -3 -7 -5 -6    0   0  97   0   0   0   0   0   0   0   0   0   0   0   1   0   0   0   0   0  2.52 0.66
  148 L   -4 -5 -6 -6 -4 -5 -5 -6 -2  3  6 -5  0 -2 -5 -5 -3 -4 -3 -1    0   0   0   0   0   0   0   0   1  19  77   0   0   0   0   0   0   0   0   1  1.25 0.40
  149 L    0 -5 -6 -6 -4 -5 -5 -5 -5 -1  6 -5 -1 -1 -5 -4 -4 -4 -3 -2    7   0   0   0   0   0   0   0   0   0  89   0   0   2   0   0   0   0   0   0  1.39 0.45
  150 L   -3 -4 -5 -5 -2 -4 -5 -5 -5  3  4 -4  0 -2 -5 -4 -3 -4 -3  4    0   0   0   0   0   0   0   0   0  12  49   0   1   0   0   0   0   0   0  37  0.96 0.33
  151 N   -5 -3  9 -2 -6 -3 -3 -4 -3 -6 -6 -3 -5 -6 -5 -2 -3 -7 -3 -6    0   1  95   0   0   0   0   0   0   0   0   0   0   0   0   2   0   0   1   0  2.40 0.64
  152 T    4 -2 -2 -2 -3 -1  3  0 -3 -3 -4 -1 -3 -4 -3  2  2 -4 -4 -2   40   1   1   0   0   1  19   5   0   0   0   3   0   0   0  18  12   0   0   0  0.54 0.27
  153 T   -3 -3  7  4 -4 -2 -2 -3 -2 -5 -5 -2 -3 -5 -4 -1  2 -6 -5 -5    0   0  60  20   0   1   0   0   0   0   0   1   1   0   0   3  11   0   0   0  1.35 0.43
  154 C   -4 -6 -5 -7 12 -6 -7 -6 -6 -5 -5 -6 -5 -6 -6 -4 -4 -6 -6 -4    0   0   0   0  98   0   0   0   0   0   0   0   0   0   0   0   0   0   0   0  3.75 0.78
  155 D   -4 -4 -1  7 -6 -1  3 -4 -1 -5 -4 -2 -5 -6 -4 -3 -3 -6 -5 -4    0   0   1  71   0   2  20   0   1   0   2   1   0   0   0   0   0   0   0   1  1.57 0.46
  156 L   -4 -5 -6 -6 -4 -5 -5 -6 -5 -1  6 -5  0 -2 -5 -5 -4 -4 -4 -1    0   0   0   0   0   0   0   0   0   1  96   0   0   0   0   0   0   0   0   1  1.63 0.48
  157 K   -4  1 -3 -4 -6 -1 -2 -4 -3 -5 -5  8 -4 -6 -4 -3 -3 -6 -5 -5    0   5   0   0   0   0   0   0   0   0   0  91   0   0   0   1   0   0   0   0  1.90 0.56
  158 I   -4 -6 -4 -6 -4 -5 -6 -6 -6  7  0 -5 -1 -3 -5 -5 -3 -5 -4  3    0   0   1   0   0   0   0   0   0  81   4   0   0   0   0   0   0   0   0  14  1.61 0.47
  159 C   -1 -6 -5 -6 11 -5 -6  1 -6 -2  0 -5 -4 -5 -5 -4 -4 -5 -5 -3    3   0   0   0  73   0   0  12   0   2   8   0   0   0   0   0   0   0   0   0  2.33 0.56
  160 D   -5 -5 -2  8 -6 -3 -1 -4 -4 -6 -6 -4 -6 -6 -4 -3 -4 -7 -6 -5    0   0   0  96   0   0   0   1   0   0   0   0   0   0   0   0   0   0   0   1  2.40 0.61
  161 F   -5 -6 -6 -6 -5 -6 -6 -6 -4 -3 -1 -6 -3  9 -6 -5 -5 -2  0 -4    0   0   0   0   0   0   0   0   0   0   3   0   0  94   0   0   0   0   0   0  2.55 0.62
  162 G   -3 -5 -3 -4 -5 -5 -5  7 -5 -6 -6 -4 -5 -6 -5 -3 -4 -5 -6 -6    0   0   0   0   0   0   0  97   0   0   0   0   0   0   0   0   0   0   0   0  2.24 0.55
  163 L   -4 -5 -6 -6 -4 -5 -5 -6 -5 -1  6 -5  2 -2 -5 -5 -4 -4 -4 -2    0   0   0   0   0   0   0   0   0   0  93   0   4   1   0   0   0   0   0   0  1.56 0.47
  164 A    7 -4 -4 -4 -3 -4 -4 -3 -4 -4 -4 -4 -4 -5 -4  0 -2 -5 -5 -3   94   0   0   1   0   0   0   0   0   0   0   0   0   0   0   4   1   0   0   0  1.67 0.54
  165 R   -4  8 -3 -5 -6 -2 -3 -5 -3 -6 -5 -1 -4 -6 -5 -2 -4 -6 -5 -6    0  96   0   0   0   0   0   0   0   0   0   0   0   0   0   3   0   0   0   0  2.36 0.63
  166 V   -1 -3 -2 -3 -2 -1 -3  2 -1  1 -1 -2 -1 -3  1  1  2 -4 -3  2    2   0   0   0   1   3   0  21   2  10   3   0   0   0   8  12  20   0   0  17  0.27 0.17
  167 A    2 -3 -1 -1  0  0 -2 -2 -2  0 -1 -2 -1  0 -3  1  3 -3  1  0   25   0   1   2   1   5   1   1   0   4   3   0   0   5   0   8  29   0   6   7  0.28 0.19
  168 D    0  0  1  4 -2  0  2 -2 -1 -2 -3 -1 -3 -4 -2  3  0 -4 -3 -3    5   4   4  32   1   2  11   1   1   2   2   1   0   0   1  27   4   0   1   1  0.49 0.21
  169 P    0 -2  0  0 -2 -1  1 -1 -2 -2 -2 -1 -1 -2  5  1  0 -3 -2 -1    6   1   4   4   0   2  10   3   1   2   3   2   2   2  35  11   6   0   1   3  0.54 0.15
  170 D   -1  1  2  2 -3  2  2 -1  0 -3 -2  0 -1 -3  1  0  0 -3 -2 -2    4   6  10  15   0   8  19   5   2   1   2   4   1   1   8   7   4   0   1   2  0.24 0.09
  171 H    0  0  2  1  0  0  2  0  4 -2 -2  0 -1 -2  1  0 -1 -2 -1 -2    7   2  10   7   2   4  14   7  15   2   3   7   1   1   5   4   4   0   2   3  0.17 0.07
  172 D   -1 -1  1  4 -2  1  2  0  0 -2 -2  0 -1 -2  0  0  0 -2 -2 -2    5   2   6  30   1   5  11   9   2   1   3   3   2   2   4   5   6   0   1   2  0.27 0.09
  173 H   -1 -1  2  1 -1  1  3 -1  5 -3 -2  0 -2 -2 -1  0  0 -3 -1 -2    4   2  11   5   1   4  25   3  18   1   3   5   1   1   2   5   5   0   2   2  0.32 0.14
  174 T    1 -1  1  0 -1  0 -1  0 -1 -1 -2  0  0 -2 -1  1  3 -2 -2 -1   11   2   7   4   1   4   2   6   1   2   3   4   2   2   1  12  31   0   1   3  0.20 0.11
  175 G   -1 -2  0  3 -3  0  0  4 -2 -3 -3 -1 -2 -3 -1  0  0 -3 -1 -2    4   1   3  17   0   5   6  39   1   1   3   2   1   1   2   6   5   0   2   2  0.43 0.14
  176 F   -2 -3 -3 -3 -2 -3 -2 -2  0 -1  0 -3  1  7 -2 -2 -2 -1  2 -1    3   1   1   2   1   1   2   3   2   3   5   1   3  60   2   2   2   0   4   3  0.97 0.27
  177 L   -4 -4 -5 -6 -4 -3 -5 -5 -4 -2  3 -3  9 -3 -5 -4 -3 -4 -2 -2    0   0   0   0   0   0   0   0   0   0  27   1  67   0   0   0   0   0   1   0  1.86 0.54
  178 T   -3 -4 -3 -4 -4 -4 -4 -4 -5 -4 -4 -4 -2 -5 -4  0  8 -5 -4 -2    0   0   0   0   0   0   0   0   0   0   0   0   1   0   0   3  93   0   0   1  1.95 0.59
  179 E   -3 -3 -3 -1 -6  0  7  1 -2 -6 -5 -2 -5 -6 -3 -3 -4 -5 -5 -3    0   0   0   1   0   1  80  13   0   0   0   0   0   0   1   0   0   0   0   2  1.53 0.49
  180 Y   -5 -5 -6 -7 -2 -5 -6 -7 -2 -5 -4 -5 -4  0 -6 -5 -5 -1 10 -5    0   0   0   0   1   0   0   0   0   0   0   0   0   1   0   0   0   0  97   0  3.00 0.74
  181 V   -3 -6 -6 -6 -3 -5 -5 -6 -6  0 -2 -5 -2 -4 -5 -5 -3 -6 -4  7    0   0   0   0   0   0   0   0   0   2   0   0   0   0   0   0   0   0   0  97  1.91 0.57
  182 A    5 -4 -4 -4  0 -3 -4 -3 -4 -1 -3 -3 -2 -4 -4  0 -2 -5 -4  4   59   0   0   0   2   0   0   0   0   1   0   0   0   0   0   6   0   0   0  32  0.96 0.39
  183 T   -3 -4 -3 -4 -4 -4 -4 -5 -5 -4 -4 -4 -4 -5 -4 -1  8 -6 -5 -3    0   0   0   0   0   0   0   0   0   0   0   0   0   0   0   2  98   0   0   0  2.16 0.65
  184 R   -5  8 -4 -5 -2 -1 -3 -6 -2 -6 -5 -1 -5 -6 -5 -4 -2 -6 -5 -6    0  96   0   0   1   1   0   0   1   0   0   0   0   0   0   0   2   0   0   0  2.32 0.63
  185 W   -6 -6 -7 -7 -6 -5 -6 -6 -5 -6 -5 -6 -5 -2 -7 -6 -6 13  2 -6    0   0   0   0   0   0   0   0   0   0   0   0   0   0   0   0   0  91   6   0  4.20 0.83
  186 Y   -5 -5 -5 -6 -4 -5 -5 -6 -1 -4 -4 -5 -4  0 -6 -5 -5 -1 10 -4    0   0   0   0   0   0   0   0   0   0   0   0   0   0   0   0   0   0  96   0  2.92 0.71
  187 R   -4  8 -3 -4 -4 -2 -3 -5 -3 -6 -4 -1 -4 -5 -5 -4 -4 -5 -5 -5    0  95   0   0   1   0   0   0   0   0   1   0   0   0   0   0   0   0   0   0  2.28 0.60
  188 A    7 -4 -4 -4 -3 -3 -4 -3 -4 -4 -4 -3 -4 -5 -3 -1 -3 -5 -4 -3   95   0   0   0   0   0   0   0   0   0   0   0   0   0   1   1   0   0   0   0  1.69 0.53
  189 P   -4 -5 -5 -5 -6 -4 -4 -5 -5 -6 -6 -4 -5 -6  9 -4 -4 -6 -6 -5    0   0   0   0   0   0   0   0   0   0   0   0   0   0  97   0   0   0   0   0  3.01 0.67
  190 E   -4 -3 -3 -1 -6 -1  8 -5 -3 -6 -6 -2 -5 -6 -4 -3 -4 -6 -5 -4    0   0   0   0   0   0  96   0   0   0   0   0   0   0   0   0   0   0   0   1  2.10 0.60
  191 I   -3 -5 -4 -5 -3 -4 -5 -5 -5  6  3 -4 -1 -2 -5 -4 -3 -4 -3  2    0   0   1   0   0   0   0   0   0  53  34   0   0   0   0   0   0   0   0  10  1.06 0.34
  192 M   -4 -4 -5 -6 -4 -4 -5 -5 -5  1  4 -4  9 -2 -5 -4 -3 -4 -4 -2    0   0   0   0   0   0   0   0   0   5  32   0  60   0   0   0   0   0   0   1  1.70 0.51
  193 L   -3 -4 -6 -6 -2 -3 -5 -6 -5 -1  6 -5  0 -1 -5 -5 -4 -4 -3 -1    1   0   0   0   1   1   0   0   0   0  92   0   0   1   0   0   0   0   0   1  1.47 0.45
  194 N   -2 -3  6 -1  1 -2 -2 -2 -2 -4 -5 -2 -2 -5 -4  3  3 -5 -4 -4    2   0  41   1   3   0   1   1   0   0   0   1   1   0   0  28  18   0   0   0  0.90 0.36
  195 S    0 -4 -2 -4  6 -4 -4 -4 -3 -3 -2 -4 -2  4 -4  3 -2  7  0 -3    5   0   1   0  19   0   0   0   0   0   3   0   1  23   0  26   1  17   2   0  0.99 0.35
  196 K    0  0  0  0 -2  3  0 -3  0 -3 -3  3  2 -4 -2  3 -1 -4 -2 -3    5   3   2   4   0  17   2   0   2   0   1  25   7   0   1  25   2   0   1   0  0.43 0.24
  197 G   -2 -1  2  2 -2  1  3  2  3 -4 -4  1 -1 -4 -3  0 -1 -4 -3 -3    1   2  10   9   1   7  26  16   9   0   0   8   2   0   0   4   1   0   0   1  0.41 0.19
  198 Y   -4 -5 -5 -6 -6 -5 -5 -6 -2 -5 -4 -5 -4  0 -6 -5 -5 -1 10 -5    1   0   0   0   0   0   0   0   0   0   0   0   0   1   0   0   0   0  97   0  2.96 0.72
  199 T   -2 -3  1  1 -4 -3 -3  0 -2 -4 -4 -3 -3 -5 -4  1  6 -5 -4 -3    0   0   7   8   0   0   0   7   1   0   0   0   0   0   0  11  65   0   0   0  1.08 0.41
  200 K    1  1 -1 -2 -3  1 -1 -2 -2 -2 -3  4 -1 -3 -2  0  2 -4 -3 -1   15   4   1   1   0   7   1   1   0   1   1  38   2   1   1   7  14   0   0   5  0.42 0.23
  201 S    5 -3 -3 -3 -3 -2 -1 -2 -4 -4 -3 -2 -3 -4 -2  3  1 -5 -4 -3   63   0   0   0   0   1   3   1   0   0   1   1   0   0   1  19   7   0   0   0  0.89 0.36
  202 I   -3 -5 -5 -6 -4 -5 -5 -6 -6  7  0 -5  2 -3 -5 -5 -3 -5 -4  3    1   0   0   0   0   0   0   0   0  72   2   0   5   0   0   0   0   0   0  19  1.43 0.43
  203 D   -5 -5 -2  8 -6 -3 -1 -4 -3 -6 -7 -4 -6 -7 -5 -3 -4 -7 -6 -6    0   0   0  98   0   0   0   0   1   0   0   0   0   0   0   0   0   0   0   0  2.48 0.63
  204 I   -3 -4 -5 -5 -3 -4 -5 -5 -5  6  0 -4  4 -2 -5 -4 -2 -4 -2  4    0   0   0   0   0   0   0   0   0  46   4   0  13   0   0   0   0   0   1  34  1.06 0.35
  205 W   -6 -6 -7 -7 -6 -5 -6 -6 -6 -6 -5 -6 -5 -3 -7 -5 -6 13 -1 -6    0   0   0   0   0   0   0   0   0   0   0   0   0   0   0   1   0  96   1   0  4.47 0.88
  206 S    0 -4 -2 -3 -4 -1 -3 -3 -4 -5 -5 -3 -4 -4 -4  7 -1 -6 -5 -4    6   0   0   0   0   2   0   0   0   0   0   0   0   1   0  91   0   0   0   0  1.66 0.56
  207 V   -1 -5 -5 -6  2 -5 -5 -5 -5  1 -1 -5 -2 -3 -5 -4 -1 -5 -4  7    5   0   0   0   4   0   0   0   0   5   1   0   0   0   0   0   2   0   0  82  1.37 0.45
  208 G   -2 -5 -3 -4 -5 -5 -5  7 -5 -7 -6 -4 -6 -6 -5 -3 -4 -5 -6 -6    1   0   0   0   0   0   0  98   0   0   0   0   0   0   0   0   0   0   0   0  2.27 0.56
  209 C   -4 -7 -6 -7 12 -6 -7 -6 -6 -5 -5 -7 -5 -6 -6 -4 -4 -6 -6 -4    0   0   0   0  98   0   0   0   0   0   0   0   0   0   0   0   0   0   0   0  3.79 0.79
  210 I   -4 -6 -6 -6 -4 -6 -6 -7 -6  8 -1 -6 -1 -3 -6 -5 -4 -5 -4  1    0   0   0   0   0   0   0   0   0  94   0   0   0   0   0   0   0   0   0   4  2.01 0.55
  211 L   -4 -4 -5 -6 -3 -4 -5 -6 -4 -1  5 -5  3  6 -5 -4 -3 -3  0 -1    0   0   0   0   0   0   0   0   0   0  54   0   9  32   0   0   0   0   2   1  1.12 0.37
  212 A    6 -4 -4 -4 -3 -3 -4  2 -4 -3 -2 -3  3 -3 -3 -1 -3 -5 -4 -2   75   0   0   0   0   0   0  12   0   1   2   0   8   1   0   0   0   0   0   0  1.14 0.43
  213 E   -4 -3 -3 -1 -7 -1  8 -5 -3 -6 -6 -2 -5 -6 -4 -3 -4 -6 -5 -6    0   0   0   0   0   0  99   0   0   0   0   0   0   0   0   0   0   0   0   0  2.24 0.63
  214 M   -4 -4 -5 -6 -2 -4 -5 -6 -5  3  4 -4  8 -1 -5 -4 -3 -4 -3 -1    0   0   0   0   1   0   0   0   0  13  38   0  46   1   0   0   0   0   0   0  1.38 0.44
  215 L   -3 -4 -5 -6 -3 -4 -5 -5 -5  2  5 -4  5  2 -5 -4 -3 -3 -2  0    0   0   0   0   0   0   0   0   0   8  64   0  14   7   0   0   0   0   1   4  1.00 0.34
  216 S   -1 -1  2 -1 -1 -1  0  3 -2 -3 -2 -1 -1 -4 -3  2  3 -4 -3 -3    2   3  12   2   1   1   4  27   0   1   3   1   1   0   0  21  20   0   0   0  0.42 0.21
  217 N   -2  6  3 -3 -2 -2 -3  4 -3 -5 -5  0 -4 -5 -4 -1 -3 -5 -3 -5    1  44  14   0   1   0   0  33   0   0   0   2   0   0   0   3   0   0   1   0  1.00 0.36
  218 R   -2  5 -2 -3 -5  1  1 -4 -3 -5 -4  5 -3 -5 -4 -2 -1 -5 -4 -4    2  35   0   0   0   5   8   0   0   0   0  43   0   0   0   0   3   0   0   1  1.05 0.36
  219 P   -2 -5 -4 -4 -6 -2 -4 -5 -1 -4 -6 -4 -5 -7  8 -3  1 -7 -6 -3    2   0   0   0   0   2   0   0   1   1   0   0   0   0  83   1   8   0   0   1  2.36 0.59
  220 I   -4 -5 -6 -6 -4 -5 -5 -6 -5  3  5 -5  1  1 -5 -4 -3 -4 -3  0    0   0   0   0   0   0   0   0   0  19  71   0   2   5   0   0   0   0   0   2  1.14 0.37
  221 F   -5 -6 -6 -7 -6 -6 -6 -6 -4 -3 -2 -6 -3  9 -7 -4 -5 -2  0 -3    0   0   0   0   0   0   0   0   0   0   2   0   0  95   0   1   0   0   0   1  2.60 0.64
  222 P   -3 -2 -5 -4 -6 -2 -4 -5 -4 -6 -6  1 -5 -7  8 -3 -3 -7 -6 -5    1   2   0   0   0   1   0   0   0   0   0   8   0   0  85   1   1   0   0   0  2.48 0.60
  223 G   -2 -5 -3 -4 -5 -5 -5  7 -5 -7 -7 -4 -6 -6 -5 -3 -5 -2 -6 -6    2   0   0   0   0   0   0  97   0   0   0   0   0   0   0   0   0   1   0   0  2.23 0.56
  224 K   -2  5  0 -1 -5 -1 -1 -4 -2 -4 -4  6 -3 -5 -4 -1  1 -5 -4 -4    1  28   3   2   0   1   1   0   1   1   1  51   0   0   0   2   9   0   0   0  1.01 0.37
  225 H   -4 -4  1  7 -6 -3  0 -4  6 -6 -6 -3 -5 -6 -3 -2 -4 -7 -4 -6    0   0   4  72   0   0   3   0  18   0   0   0   0   0   1   1   0   0   0   0  1.78 0.51
  226 Y   -5 -4 -4 -4  1 -2 -4 -6  6 -5 -4 -5 -4  0 -3 -4 -3 -1  9 -5    0   0   0   1   4   1   0   0  20   0   0   0   0   0   1   0   1   0  71   0  2.11 0.59
  227 L   -2 -1 -4 -4 -3 -3 -3 -4  4  3  2 -3  0 -2 -4 -2 -2 -4 -2  4    1   3   0   0   0   0   0   1  11  18  23   1   1   0   0   3   0   0   0  36  0.57 0.25
  228 D   -4 -3  3  5 -6  0 -1 -4  8 -6 -6 -2 -5 -5 -3 -2 -3 -6 -3 -6    0   0  13  37   0   4   2   0  41   0   0   1   0   0   1   1   0   0   0   0  1.49 0.45
  229 Q   -4 -2 -3 -4 -6  9 -1 -5 -1 -6 -6 -1 -4 -7 -5 -3 -4 -5 -5 -6    0   0   0   0   0  97   0   0   1   0   0   1   0   0   0   0   0   0   0   0  2.56 0.72
  230 L   -3 -5 -6 -6 -4 -4 -5 -6 -5  1  6 -5  3  1 -5 -5 -4 -4 -3 -1    0   0   0   0   0   0   0   0   0   5  81   0   6   6   0   0   0   0   0   2  1.27 0.41
  231 N   -2  3  4 -1 -2  1 -1 -2  0 -3 -3  2 -1 -4 -2  1  1  1 -3 -3    1  18  29   2   1   6   1   2   2   1   1  12   1   0   1  11   9   2   0   0  0.46 0.22
  232 H   -3  0 -4 -5 -3  1 -3 -5  3  2  5 -2  1 -2 -5 -4 -3 -4 -2 -1    0   7   0   0   0   7   0   0  10  10  61   1   2   0   0   0   0   0   0   0  0.76 0.31
  233 I   -4 -6 -6 -5 -4 -4 -6 -6 -4  8  0 -5 -1 -3 -5 -5 -2 -5 -4  1    0   0   0   1   0   0   0   0   0  87   5   0   0   0   0   0   2   0   0   4  1.71 0.50
  234 L   -3 -4 -3 -4 -1 -3 -4 -5 -4  2  4 -4  3  1 -4 -3  3 -3 -2  0    0   0   1   0   1   0   0   0   0  12  43   0   9   7   0   0  24   0   0   3  0.63 0.27
  235 G    0 -1  1  2 -1  1  4  2  1 -4 -4 -1 -2 -4 -3  0 -2 -4 -3 -4    6   3   5  13   1   5  36  14   4   0   1   2   1   0   0   7   1   0   0   0  0.49 0.22
  236 I   -2 -4 -5 -5 -2 -3 -4 -5 -4  3  3 -3  1 -1 -4 -3 -1 -2  0  4    2   0   0   0   0   0   0   0   0  16  34   1   1   1   0   0   3   1   3  35  0.64 0.25
  237 L   -3 -5 -5 -6 -1 -4 -5 -6 -5  3  5 -5  1 -2 -5 -4 -2 -4 -3  1    0   0   0   0   1   0   0   0   0  19  67   0   1   0   0   0   2   0   0   8  1.05 0.35
  238 G   -2 -5 -3 -4 -6 -5 -5  7 -5 -7 -7 -5 -6 -6 -5 -3 -5 -6 -6 -6    0   0   0   0   0   0   0 100   0   0   0   0   0   0   0   0   0   0   0   0  2.36 0.59
  239 S   -2 -3 -1 -3 -4 -3 -3 -3 -3 -4 -4 -2 -4 -5 -3  5  6 -5 -3 -3    1   0   1   1   0   0   0   0   0   0   0   1   0   0   1  41  54   0   1   0  1.24 0.47
  240 P   -4 -5 -5 -5 -6 -1 -4 -6 -5 -5 -5 -4 -4 -7  9 -4 -4 -7 -6 -4    0   0   0   0   0   3   0   0   0   0   1   0   0   0  94   1   0   0   0   1  2.89 0.68
  241 S   -1 -2  1  2 -1 -1 -1 -1 -1 -4 -3 -1 -3 -4  2  4  3 -5 -4 -3    2   1   5  15   1   1   2   2   1   0   1   2   0   0  11  35  20   0   0   1  0.52 0.26
  242 Q   -1 -2 -1  4 -4  2  4 -2  1 -2 -1 -1  0 -3  0 -1 -2 -4 -2 -3    4   1   2  22   0   9  35   3   3   2   6   1   4   0   4   3   0   0   1   0  0.50 0.23
  243 E    1 -2 -1  4 -2  0  5 -2 -2 -4 -4 -1 -4 -5 -2  1 -2 -4 -3 -3   11   1   1  22   1   2  43   1   0   0   0   1   0   0   1  13   1   0   1   1  0.74 0.30
  244 D   -3 -3 -1  6 -3 -2  2 -3 -3 -2 -2 -3 -3 -1 -3  1  1 -5 -3  0    0   0   0  49   0   0  10   1   0   1   5   0   0   4   0  11   9   0   0   8  0.72 0.30
  245 L   -3 -3 -5 -5 -2 -4 -5 -5 -4  2  5 -4  2  3 -5 -4 -2 -3  0  0    0   2   0   0   0   0   0   0   0  12  60   0   6  11   0   0   1   0   3   4  0.84 0.30
  246 N    0  1  2  0 -1  2  1  2  0 -3 -3  0 -1 -3 -3  0 -1 -1  2 -2    6   6  11   5   1  11  11  20   2   0   1   5   1   0   0   6   3   1   9   1  0.24 0.14
  247 C    0  1 -1 -3  4 -1 -2 -1 -2 -2 -1  0 -2  5 -4  0  0  0  0 -2    9  10   3   1  13   2   1   4   0   1   3   8   0  30   0   8   5   1   2   0  0.36 0.20
  248 I   -3 -5 -6 -6  0 -5 -5 -6 -6  7  2 -5  0 -2 -5 -4 -3 -5 -3  2    0   0   0   0   2   0   0   0   0  66  17   0   1   0   0   0   0   0   0  13  1.23 0.39
  249 I    0  2  0  0  1  0 -1  1 -1  1 -2  1 -2 -1 -1  0  1 -3 -2 -1    4  16   4   4   3   4   2  12   1  12   1  10   0   3   2   8  11   0   0   1  0.11 0.09
  250 N   -1 -3  5 -2 -1 -3 -3 -3 -2 -3 -5 -2 -4 -4 -4  6 -1 -6 -4 -4    2   0  34   0   1   0   0   0   1   1   0   1   0   0   0  59   1   0   0   0  1.24 0.46
  251 L   -1  1  0  3 -4  0  4 -3  0 -2 -2  0 -1 -3  2 -1 -1 -4 -3 -2    4   7   3  17   0   3  32   0   2   2   3   5   2   1  12   2   2   0   0   3  0.44 0.20
  252 K   -3  4  4  1 -5  0  0 -3 -1 -4 -3  4 -3 -5 -4  0 -2 -5 -3 -4    1  30  22   6   0   2   3   1   1   0   1  27   0   0   0   5   1   0   0   0  0.74 0.29
  253 A    6 -4 -3 -4 -3 -3 -3 -2 -4 -3 -4 -3 -3 -4 -3  1  1 -5 -3 -1   76   0   0   0   0   0   1   1   0   1   0   0   0   0   0  10   6   0   0   3  1.11 0.42
  254 R   -3  7 -3 -4 -5  3 -2 -5 -3 -3 -1  3 -3 -5 -4 -3 -3 -5 -4 -3    1  62   0   0   0  12   0   0   0   1   7  14   0   0   0   0   0   0   0   2  1.25 0.42
  255 N    0  4  2  1 -4  1  2 -2 -1 -3 -3  2 -2 -4 -2  0  0 -4 -3 -3    7  27  11   9   0   4  14   1   1   1   1  11   1   0   1   7   4   0   0   1  0.40 0.18
  256 Y   -4 -4 -5 -6 -5 -5 -5 -5  0 -2 -3 -5 -2  5 -6 -5 -5 -1  9 -4    1   0   0   0   0   0   0   1   1   1   0   0   1  19   0   0   0   0  76   0  2.27 0.59
  257 L   -2 -5 -5 -5 -3 -4 -5 -5 -5  5  3 -4  1 -2 -5 -4 -3 -4 -3  3    1   0   0   0   0   0   0   0   0  47  23   0   3   0   0   1   0   0   0  24  0.95 0.32
  258 L   -1  5 -1 -2 -4  3  0 -4  0 -3 -1  3 -1 -4 -4 -1 -2 -4 -3 -2    6  42   1   1   0  13   3   0   2   1   8  18   1   0   0   2   1   0   0   2  0.67 0.28
  259 S    1  0  1 -2 -3  4 -2 -1  0 -4 -4 -1 -2 -5 -3  5  0 -5 -4 -4    8   4   5   0   0  21   0   4   2   0   0   2   0   0   0  48   3   0   0   0  0.72 0.33
  260 L   -4 -4 -6 -6 -3 -2 -5 -6 -3  0  6 -4  1 -1 -4 -5 -4 -4 -3 -1    0   0   0   0   0   2   0   0   1   1  89   1   3   2   1   0   0   0   0   1  1.39 0.44
  261 P   -3 -5 -3 -4 -5 -3 -4 -2 -3 -5 -6 -3 -4 -7  8 -3 -3 -7 -6 -5    1   0   1   0   0   1   0   3   1   0   0   1   0   0  88   1   1   0   0   0  2.54 0.61
  262 H   -2  1  0 -2 -3  2 -1 -3  3 -1 -1  2 -1  3  0 -1 -2 -1  3 -1    1   8   4   0   0  14   1   1  11   4   3  15   1  14   5   3   1   0  10   3  0.27 0.17
  263 K   -2  4 -2 -3  1  0 -2 -3  1 -2 -2  3  3  0 -4 -1 -1  0  3 -2    1  26   0   0   3   2   0   0   4   1   1  23  11   3   0   5   4   1  13   2  0.47 0.24
  264 N   -1  1  0 -1 -1  1  1 -4 -1 -4 -4  2 -3 -5  6 -1 -1 -5 -4 -3    3   6   4   3   2   5   8   0   2   0   0  16   1   0  41   4   3   0   0   2  0.83 0.28
  265 K   -2  5 -2 -3 -5 -1 -2  0 -2 -5 -5  6 -4 -5  2 -2 -3 -5 -4 -4    2  28   0   0   0   1   0   7   0   0   0  50   0   0   9   2   0   0   0   0  1.04 0.38
  266 V   -2  1 -3 -3 -3  4 -1 -4 -2  2 -1  2  0 -3 -3 -2 -1 -4 -3  3    2   8   0   0   0  28   2   0   1  14   2  13   2   0   0   1   2   0   0  26  0.47 0.26
  267 P   -1 -3  3  1 -4  1 -2 -3 -1 -5 -4 -2 -4 -5  6  1 -1 -6 -5 -4    4   1  13   9   0   6   1   1   2   0   1   1   0   0  48  12   2   0   0   1  1.11 0.35
  268 W   -5 -5 -6 -7 -5 -5 -6 -6 -5 -3  2 -6 -1  7 -6 -5 -5  9  0 -3    0   0   0   0   0   0   0   0   0   0  18   0   1  54   0   0   0  25   1   1  1.87 0.50
  269 N    2  1  2 -1 -3  1  1 -1 -1 -2 -3  1 -2 -2 -1  3  0 -4 -2 -2   18   7   9   2   0   6   7   3   1   2   0   8   0   1   1  27   5   0   1   2  0.27 0.16
  270 R    0  2  1  1 -3  2  1 -2  0 -2 -2  2 -1 -4 -2  1  1 -4 -3 -1    9  15   9   6   0  13  10   0   2   1   1  11   1   0   0   9   8   0   0   5  0.25 0.14
  271 L   -2  1 -4 -4 -3 -2 -3 -4 -4  1  4  1  2  0 -4 -3 -2 -4 -2  2    1  10   0   0   0   1   1   0   0   6  48  10   5   2   0   0   0   0   1  14  0.48 0.23
  272 F   -5 -5 -6 -6 -3 -6 -6 -6 -3 -2 -2 -6 -3  8 -6 -4 -5 -1  6 -3    0   0   0   0   1   0   0   0   0   1   2   0   0  70   0   1   0   0  24   1  2.04 0.54
  273 P   -3 -1 -3 -4 -5 -1 -3 -4 -3 -3 -4  0 -3 -6  8 -2 -3 -6 -5 -4    1   3   1   0   0   3   1   1   1   1   1   5   1   0  78   3   1   0   0   0  2.06 0.53
  274 N   -2  0  5  2 -4  0 -1  1  4 -5 -4  1 -3 -3 -4  0 -1 -2 -2 -4    0   5  34   9   0   4   2  12  10   0   1  11   0   1   0   4   3   1   1   0  0.57 0.25
  275 A    5 -4 -3 -4 -1 -3 -3 -2 -4 -1 -2 -2  3 -3 -3 -1 -1 -5 -4  2   64   0   0   0   1   0   0   1   0   3   1   1  10   0   0   2   2   0   0  13  0.85 0.37
  276 D   -3 -3  5  4 -5 -1  0 -3  2 -5 -5 -1 -4 -5  0  3 -1 -6 -4 -5    0   0  36  23   0   1   3   0   6   0   1   2   0   0   4  21   3   0   0   0  0.86 0.33
  277 S    0 -3 -3 -2 -5 -3 -2 -4 -3 -5 -4 -2 -5 -6  8 -1 -3 -6 -2 -3    6   1   1   2   0   0   2   1   1   0   2   2   0   0  73   5   1   0   1   1  1.86 0.51
  278 K   -1 -1 -1  1 -3  1  1 -1 -1 -1  2  1  1 -2 -2 -1 -1 -3 -2  0    5   2   2   8   0   6   9   6   1   1  32  12   4   0   1   4   2   0   0   5  0.13 0.12
  279 A    7 -4 -4 -5  0 -4 -4  0 -5 -4 -3 -4 -2 -5 -3 -1 -2 -6 -5 -3   89   0   0   0   2   0   0   4   0   0   1   0   1   0   1   1   1   0   0   0  1.52 0.53
  280 L   -3 -3 -5 -5 -3 -4 -5 -6 -5  5  4 -5  0 -2 -5 -4 -3 -4 -3  3    0   1   0   0   0   0   0   0   0  37  42   0   1   0   0   0   0   0   0  17  0.96 0.34
  281 D   -5 -4  0  8 -5 -3 -1 -4 -4 -6 -7 -3 -6 -7 -5 -3 -4 -7 -6 -6    0   1   2  93   0   0   1   0   0   0   0   1   0   0   0   1   0   0   0   0  2.31 0.63
  282 L   -4 -5 -6 -6 -4 -5 -6 -5 -4 -1  6 -5  0  1 -6 -5 -4 -4 -3 -2    0   0   0   0   0   0   0   1   0   1  90   0   1   6   0   0   0   0   0   0  1.53 0.49
  283 L   -2 -5 -6 -6 -3 -4 -5 -6 -3  1  6 -5  3 -2 -5 -5 -3 -4 -4  1    2   0   0   0   0   0   0   0   1   5  80   0   6   0   0   0   0   0   0   6  1.25 0.42
  284 D   -2 -1  0  4 -5  2  5 -1 -2 -5 -5  0 -2 -5 -3  0 -2 -5 -4 -4    2   2   2  24   0   7  43   5   1   0   0   3   1   0   0   7   2   0   0   0  0.81 0.32
  285 K   -3  4 -3 -4 -5  0 -2 -3 -3 -5 -4  7 -4 -6 -4 -3 -3 -6 -4 -5    1  24   0   0   0   3   1   1   0   0   1  67   0   0   0   0   1   0   0   0  1.43 0.48
  286 M   -4 -5 -5 -6  1 -4 -5 -6 -5 -1  2 -5 10 -3 -6 -4  0 -5 -4 -2    0   0   0   0   3   0   0   0   0   1  16   0  74   0   0   0   5   0   0   0  2.10 0.63
  287 L   -4 -5 -6 -7 -4 -5 -6 -7 -6 -1  7 -5  0 -2 -6 -5 -4 -5 -4 -2    0   0   0   0   0   0   0   0   0   0  98   0   1   0   0   0   0   0   0   0  1.76 0.53
  288 T    0 -2 -2 -2  1 -1  0 -4 -2  1 -2 -1 -1 -3 -3 -1  4 -4 -3  3    7   1   1   2   2   3   5   0   1   7   1   3   1   0   1   2  38   0   0  26  0.46 0.26
  289 F   -5 -6 -6 -7 -5 -6 -6 -6 -4 -1  1 -6 -1  9 -7 -5 -5 -2  0 -3    0   0   0   0   0   0   0   0   0   3  11   0   1  84   0   0   0   0   0   0  2.20 0.59
  290 N   -4 -4  5  7 -6 -3 -1 -4 -2 -6 -6 -3 -5 -6 -4 -1 -3 -7 -5 -3    0   0  29  62   0   0   0   0   1   0   0   0   0   0   0   4   0   0   0   2  1.60 0.49
  291 P   -2 -5 -5 -5 -3 -3 -4 -5 -4 -6 -6 -4 -6 -4  9 -3 -2 -7 -6 -5    3   0   0   0   0   1   0   0   0   0   0   0   0   1  90   2   2   0   0   0  2.71 0.67
  292 H    0  2  2  2 -3  0  0 -2  3 -3 -3  2 -2 -3 -3  1  1 -4 -2 -3    9  14  11  11   0   3   5   0  11   1   1  13   0   0   0  13   8   0   0   1  0.31 0.17
  293 K   -3  3  0 -1 -3  2  0 -4 -2 -5 -4  6 -3 -5 -4 -1 -1 -5 -4 -4    1  15   4   2   1   7   5   0   1   0   0  60   0   0   0   2   3   0   0   0  1.04 0.39
  294 R   -5  8 -4 -5 -7 -2 -3 -6 -4 -7 -6 -1 -5 -6 -6 -4 -5 -6 -5 -6    0  99   0   0   0   0   0   0   0   0   0   1   0   0   0   0   0   0   0   0  2.57 0.70
  295 I   -4 -6 -6 -6 -2 -5 -6 -5 -6  8  0 -5  1 -2 -4 -5 -3 -5 -1  0    0   0   0   0   1   0   0   1   0  85   4   0   3   1   1   0   0   0   2   2  1.69 0.52
  296 E   -2 -3  0  0 -3 -3 -1 -3 -4 -3 -4 -2 -4 -5 -3  3  6 -5 -4 -2    1   0   3   4   0   0   4   1   0   0   0   1   0   0   0  19  65   0   0   1  1.17 0.46
  297 V    2 -5 -5 -5  1 -4 -5 -5 -5  1 -2 -5 -2 -3 -5 -3 -2 -5 -4  6   20   0   0   0   3   0   0   0   0   3   0   0   0   0   0   0   1   0   0  71  1.21 0.44
  298 E    0 -2 -2  3 -4  0  5 -3 -2 -4 -4 -1 -4 -4 -3 -1  0 -5 -4 -2    8   1   1  16   0   2  52   1   0   1   0   3   0   1   0   3   7   0   0   3  0.81 0.34
  299 Q   -2 -2 -2  3 -6  4  6 -2 -3 -6 -5 -1 -3 -6 -4 -3 -3 -5 -5 -5    2   1   1  16   0  21  55   2   0   0   0   1   0   0   0   0   0   0   0   0  1.23 0.44
  300 A    7 -4 -4 -4  2 -4 -4 -3 -5 -4 -4 -4 -4 -5 -4 -1 -3 -5 -5 -3   91   0   0   1   3   0   0   0   0   0   0   0   0   0   0   3   0   0   0   0  1.64 0.55
  301 L   -4 -3 -6 -7 -4 -5 -6 -7 -6 -1  6 -5  0 -2 -6 -5 -3 -5 -4 -2    0   1   0   0   0   0   0   0   0   1  96   0   0   1   0   0   1   0   0   0  1.69 0.53
  302 A    4  0  0 -1  3  1  2 -2 -2 -4 -3  1 -3 -4 -3  1 -1 -4 -2 -3   40   4   5   2   7   5  15   1   1   0   1   8   0   0   0   8   2   0   1   0  0.43 0.24
  303 H   -5 -4 -3 -5 -7 -3 -4 -6 11 -7 -7 -4 -5 -5 -6 -3 -5 -6 -2 -7    0   0   0   0   0   0   0   0  97   0   0   0   0   0   0   1   0   0   0   0  3.49 0.83
  304 P   -3 -3 -5 -3 -6 -2 -1 -4 -5 -6 -6 -3 -6 -7  8 -2 -4 -7 -6 -6    1   1   0   1   0   1   4   1   0   0   0   1   0   0  87   2   0   0   0   0  2.51 0.64
  305 Y   -5 -5 -5 -6 -6 -5 -5 -6 -2 -5 -4 -5 -4  2 -6 -4 -3  0 10 -5    0   0   0   0   0   0   0   0   0   0   1   0   0   5   0   1   1   1  91   0  2.75 0.72
  306 L   -4 -5 -6 -6 -4 -4 -5 -6 -5  0  6 -5  3  3 -5 -5 -4 -4 -3  0    0   0   0   0   0   0   0   0   0   2  77   0   7  11   0   0   0   0   0   3  1.26 0.42
  307 E    3 -1 -2 -1 -3  1  4 -2 -1 -4 -3  0 -3 -5 -3  3 -1 -5 -3 -3   33   2   1   1   0   5  27   0   1   0   1   4   0   0   0  22   2   0   0   1  0.58 0.29
  308 Q    0  0 -1 -2 -3  4  0 -1 -1 -1 -2  0 -2 -4  3  2  0 -4 -3 -1    9   4   2   1   0  24   2   3   1   3   3   5   0   0  17  15   4   0   0   5  0.36 0.20
  309 Y   -4 -5 -5 -6 -4 -4 -5 -6  0 -2  3 -5  0  0 -5 -5 -4  5  8 -3    0   0   0   0   0   0   0   0   1   0  34   0   1   1   0   0   0   8  52   1  1.53 0.49
  310 Y   -2 -2 -3 -5 -2 -2 -3 -5 10 -6 -5 -4 -5 -3 -5 -3 -5 -4  5 -6    4   1   0   0   1   1   0   0  73   0   0   0   0   0   0   1   0   0  17   0  2.46 0.66
  311 D   -4 -4  1  8 -4 -3  1 -4 -4 -6 -5 -3 -6 -4 -4 -3 -4 -7 -4 -4    0   0   4  83   0   0   5   0   0   0   1   0   0   1   0   1   0   0   1   1  1.90 0.55
  312 P   -1 -4 -4 -3 -2 -4 -1 -4 -5  2 -3 -3 -3 -3  7 -3 -3 -6 -5 -1    4   0   0   1   1   0   5   1   0  13   1   1   0   1  66   1   0   0   0   4  1.61 0.47
  313 S    1 -1  3  2 -3 -1  1 -2 -1 -3 -2 -1 -2 -2 -3  2  2 -3 -3 -2   13   2  18  12   0   2  11   2   1   0   3   1   0   2   0  17  16   0   0   1  0.34 0.20
  314 D   -2 -4 -1  8 -1 -3  1 -4 -3 -5 -4 -3 -5 -5 -4 -3 -3 -7 -6 -3    3   0   1  80   2   0   7   0   0   0   2   0   0   0   0   1   1   0   0   2  1.76 0.53
  315 E   -4 -3  0 -1 -7 -1  8 -5 -3 -6 -5 -2 -5 -6 -4 -3 -4 -6 -5 -6    0   0   3   1   0   1  92   0   0   0   1   0   0   0   1   0   0   0   0   0  2.05 0.63
  316 P   -4 -5 -6 -5 -6 -4 -5 -6 -6 -6 -5 -4 -6 -7  9 -4 -4 -7 -7 -6    0   0   0   0   0   0   0   0   0   0   1   0   0   0  96   0   1   0   0   0  3.05 0.75
  317 I   -1 -3 -2 -1 -2 -3  0 -3 -4  3 -1 -3  0 -3 -1 -1  2 -5 -3  4    2   0   2   4   0   0   7   1   0  16   1   0   1   0   3   5  12   0   0  42  0.45 0.25
  318 A    4 -5 -4 -4  9 -4 -4 -3 -1 -4 -4 -4 -4 -4 -1  1 -2 -5 -3 -3   39   0   0   1  42   0   1   1   1   0   0   0   0   0   3   8   2   0   1   0  1.43 0.47
  319 E   -1 -2 -2  1 -4  1  4 -3 -1 -3 -3 -1  0 -4  5  0 -1 -5 -3 -2    5   1   1   7   0   4  30   1   2   1   2   2   3   0  26   7   4   0   1   4  0.59 0.26
  320 A    0  1 -1  0 -3  0  3 -2  0 -2 -2  0 -1 -3  2  1  0 -4 -2 -1    7   7   2   3   0   3  28   2   2   2   2   5   1   1  11  11   7   0   1   6  0.29 0.17
  321 P   -1 -3 -4 -3 -4 -2 -2 -5 -2 -3 -3  1 -2  3  7 -3  0 -5 -2 -2    4   1   0   1   0   1   3   0   1   1   1   9   1  12  55   1   5   0   1   3  1.26 0.43
  322 F   -5 -6 -6 -6 -5 -6 -6 -6 -4 -1 -1 -6 -3  9 -6 -4 -5  0  3 -2    0   0   0   0   0   0   0   0   0   4   3   0   0  82   0   1   0   1   6   2  2.24 0.64
  323 K   -2 -1  2  5 -3 -1  0 -3  1 -3 -4  0 -4 -2 -4  1  1 -4 -3 -3    1   3  10  42   0   1   5   0   3   1   0   7   0   1   0  13   9   0   1   2  0.68 0.30
  324 F   -4 -5 -4 -5 -4  0 -3 -6  0 -2  0 -5 -3  8 -6 -4 -5  5  1 -2    1   0   1   1   0   6   2   0   2   2   7   0   0  67   0   1   0   9   2   2  1.68 0.53
  325 D   -1 -3 -1  6 -5 -2  3 -1 -2 -5 -5 -3 -4 -6 -3  3 -1 -6 -4 -4    5   0   1  46   0   0  16   4   1   0   0   0   0   0   0  22   2   0   0   1  0.96 0.39
  326 M   -4 -3 -3 -3 -1 -3 -3 -5 -1  0  0 -2  5  7 -5 -4 -2  2  0 -2    0   1   1   2   1   1   2   0   2   6   5   3  14  54   0   0   3   3   1   1  1.12 0.41
  327 E   -4 -2  2  3 -4  0  7 -4  0 -5 -6 -2 -4 -5 -4 -2 -3 -3 -1 -4    0   1   8  12   0   1  67   0   2   0   0   1   0   0   0   1   0   0   2   1  1.32 0.50
  328 L   -2  0  0  2 -3  2  1 -2  1 -2  0  2 -2 -1 -2  0 -1 -4 -2 -1    2   3   5  13   0  13   9   2   3   1  13  19   0   2   1   6   2   0   1   5  0.19 0.14
  329 D    0 -1 -1  4 -2  1  2 -3  0 -3 -2 -1  0 -2  1 -1 -1 -1 -2 -1    8   2   1  28   1   8  16   1   2   1   2   3   4   2   7   4   2   1   1   6  0.34 0.20
  330 D   -1 -2  1  5 -5  0  2 -3  0 -4 -4 -1 -3 -3  0  1  0 -5 -4 -3    6   1   7  38   0   3  14   0   2   0   1   3   0   1   5  11   5   0   0   2  0.60 0.27
  331 L   -3 -3 -4 -4  1 -3 -4 -4 -3  1  5 -3  3  1 -2 -3 -2 -2 -2 -1    1   1   1   1   3   1   1   1   1   5  64   1   6   5   3   1   1   0   1   2  0.79 0.31
  332 P   -2 -3  0  2 -3 -2  0  0 -3 -4 -4 -2 -4 -5  5  2  4 -5 -4 -3    0   1   4  10   0   0   4   7   0   0   0   1   0   0  25  18  27   0   0   0  0.72 0.33
  333 K   -2  1 -3 -2 -4 -1  3 -4 -2  1 -2  4  1 -4 -3 -2 -1 -5 -3  1    1   5   0   0   0   1  26   0   1  11   2  31   4   0   0   1   3   0   1  12  0.50 0.28
  334 E   -2 -2 -1  3 -5  1  6 -2 -1 -4 -4 -1 -5 -6 -1 -2 -2 -6 -5 -4    3   1   2  17   0   4  59   3   1   1   1   3   0   0   3   2   1   0   0   1  1.06 0.42
  335 K   -1  1  1  2 -4  3  2 -1  1 -3 -2  2  0 -4 -3 -1  1 -4 -3 -2    3   5   6  11   0  18  17   3   4   1   3  11   3   0   0   2  10   0   0   2  0.33 0.20
  336 L   -4 -5 -6 -6 -4 -5 -6 -6 -5  4  4 -5  4 -2 -6 -5 -4  7 -2 -1    0   0   0   0   0   0   0   0   0  22  49   0  12   1   0   0   0  14   0   2  1.23 0.43
  337 K   -4  4 -3 -4 -7  1 -2 -5 -4 -6 -6  7 -4 -6 -5 -3 -3 -6 -5 -6    0  19   0   0   0   6   0   0   0   0   0  73   0   0   0   0   1   0   0   0  1.76 0.59
  338 E   -3  2 -2  1 -5  2  5 -3 -2 -2 -3  2 -3 -5 -4 -1 -2 -4 -4  0    1  10   1   6   0   9  47   1   0   3   1  10   0   0   0   2   1   0   0   7  0.73 0.34
  339 L   -2 -4 -5 -6 -3 -2 -4 -6 -4 -1  5 -3  7 -2 -5 -5 -3 -4 -1 -1    4   0   0   0   0   2   1   0   0   2  57   2  28   0   0   0   0   0   2   1  1.19 0.46
  340 I   -4 -5 -6 -6 -3 -5 -6 -6 -6  7  2 -5  4 -3 -6 -5 -2 -5 -4  2    0   0   0   0   0   0   0   0   0  60  13   0  11   0   0   0   2   0   0  12  1.32 0.45
  341 F   -3 -5 -6 -7 -5 -5 -6 -6 -1 -2 -1 -5 -2  4 -6 -5 -4  9  7 -1    2   0   0   0   0   0   0   0   1   2   6   0   1  18   0   0   0  25  40   4  1.78 0.54
  342 E   -1  2  2  2 -3  3  4 -3  0 -5 -4  1 -2 -5 -3  0 -2 -5 -3 -4    3  14   8  13   1  12  30   1   2   0   1   5   1   0   0   6   1   0   1   0  0.58 0.27
  343 E   -4 -4 -4 -1 -8  0  8 -6 -4 -7 -7 -3 -6 -7 -5 -4 -5 -7 -5 -6    0   0   0   2   0   3  95   0   0   0   0   0   0   0   0   0   0   0   0   0  2.33 0.73
  344 T    1 -4 -4 -4 -2 -4 -4 -4 -4  4 -1 -4  3 -3 -4  1  2 -5 -3  3   11   0   0   0   1   0   0   0   0  29   2   0   7   0   0  12  14   0   0  24  0.58 0.29
  345 A    0 -1 -1 -3  1  0 -1 -2 -3  1  3 -1  4 -1 -4 -2 -1 -3 -2  1    6   4   4   1   3   6   3   2   0   8  29   2  13   1   0   1   4   0   0  11  0.23 0.16
  346 R    0  2  1  2 -3  0  0 -2  2 -3 -2  2 -2 -2 -3  2 -1 -4 -1 -3    9  15   7  12   0   2   6   2   6   1   4  13   1   1   0  16   2   0   2   1  0.25 0.16
  347 F   -5 -6 -6 -7 -6 -6 -6 -6  0 -3 -1 -6 -2  8 -4 -5 -5  1  5 -4    0   0   0   0   0   0   0   0   2   1   6   0   0  69   1   0   0   1  20   0  1.98 0.57
  348 Q   -4  3  4 -3 -5  2 -1 -4  7 -5 -5  2 -3 -5 -4 -2 -2 -5 -2 -2    0  15  25   0   0   9   2   0  32   0   0  10   0   0   0   1   2   0   1   3  1.02 0.39
  349 P   -3 -5 -5 -5 -6 -4 -4 -5 -2 -6 -6 -4 -6 -7  9 -3 -4 -7 -6 -5    1   0   0   0   0   0   0   0   1   0   0   0   0   0  98   0   0   0   0   0  2.99 0.60
  350 G    1 -2  2 -1 -3 -2 -2  4 -2 -4 -4 -2 -3 -4 -2  3 -1 -4 -3 -3   11   0  11   0   0   0   0  45   0   0   0   0   0   0   0  33   0   0   0   0  0.65 0.13
