    1 L   -2 -3 -4 -4 -2 -3 -3 -4 -3  1  4 -3  1  2 -4 -3 -2 -2 -1  2    0   0   0   0   0   0   0   0   0   0  75   0   0  11   0   0   0   0   0  14  0.55 0.11
    2 T   -1 -3 -1 -3 -2 -2 -2 -3 -3 -1 -3 -2 -1 -4 -3  2  7 -4 -3 -2    0   0   0   0   0   0   0   0   0   2   0   0   2   0   0  11  86   0   0   0  1.14 0.34
    3 S   -1 -3 -1  0 -3 -2 -2 -3 -3 -1 -4 -2 -3 -4  3  5  4 -5 -3 -3    0   0   0   3   0   0   0   0   0   4   0   0   0   0  13  53  26   0   0   0  0.78 0.33
    4 S    2 -3 -2 -3 -3 -2 -2 -3 -3 -3 -2 -2 -3 -4  6  2  1 -5 -4 -1   19   0   1   0   0   0   0   0   0   0   2   0   0   0  42  19  11   0   0   4  0.92 0.30
    5 E   -2 -2  1  3 -4  3  3  0  3 -4 -4 -1 -3 -4 -1  1 -1 -4 -3 -2    0   0   6  15   0  18  24   5   9   0   0   1   0   0   3  15   1   0   0   4  0.50 0.28
    6 R   -3  2  2 -3 -5  3 -1 -4 -1 -4 -4  6 -4 -5 -2 -1 -1 -5 -4 -5    0  10   9   0   0  14   1   0   1   1   1  57   0   0   2   2   2   0   0   0  1.03 0.48
    7 I    0 -3  2  0  4 -2 -2 -2 -3  0 -1 -1  0 -3  1  1  3  2 -3  0    6   0  15   6  12   0   0   1   0   7   4   3   2   0   6   9  20   3   0   7  0.28 0.22
    8 D   -2 -1 -3 -1 -4  2  4 -1 -3 -1  2  1 -1  1 -3 -2 -1  1 -2 -2    1   1   0   1   0  10  29   5   0   4  25  10   0   6   0   1   2   2   0   1  0.33 0.27
    9 K   -1  0  1  1 -5  2  5  1 -2 -5 -5  1 -4 -5 -2  0 -3 -5 -4 -4    5   3   6   6   0   8  45  12   0   0   0   6   0   0   1   6   0   0   0   0  0.68 0.36
   10 Q   -3  0 -4 -4 -4  3 -3 -5  0  0  3 -2  1  3 -2 -2 -2 -3  1 -1    0   5   0   0   0  18   0   0   2   5  40   2   2  14   2   2   1   0   5   3  0.48 0.31
   11 I    1 -4 -4 -3 -3 -4 -4 -4 -4  5  0 -4  2  0 -4 -2  1  1 -3  3   16   0   0   1   0   0   0   0   0  40   6   0   4   4   0   1   8   2   0  17  0.60 0.34
   12 R   -2  5 -1 -2 -4  0 -1 -3 -3 -2 -2  3  0 -4 -3  0  1  1 -2 -3    2  39   3   2   0   3   2   1   0   3   2  23   3   0   0   5  10   2   1   0  0.66 0.36
   13 Y   -3  1 -2 -1 -4 -1 -2 -2  2 -3 -1  4  0  2 -3 -1 -1  3  4 -2    0   7   1   4   0   1   1   2   5   0   6  31   2   9   0   4   3   5  17   2  0.44 0.29
   14 I   -3 -5 -5 -5 -3 -4 -5 -6 -5  6  3 -5  2 -2 -5 -4 -2 -4 -3  3    1   0   0   0   0   0   0   0   0  48  29   0   4   0   0   0   1   0   0  16  1.03 0.44
   15 L   -3  1 -3 -3 -4  3 -1 -4  3  0  3  2  0  0 -4 -3 -2 -2  0  0    0   6   0   0   0  16   2   0   9   3  37  13   1   3   0   0   2   0   3   4  0.41 0.29
   16 D    2  1 -1  0 -3 -1  1  2  0 -2 -3  1  0 -3 -1  1 -1  1 -1 -1   17   7   1   5   0   1   8  20   3   2   1   7   3   0   2  13   1   2   1   3  0.19 0.16
   17 G   -1  1 -1  4 -4  1  3 -2 -1 -2 -4  2 -3 -5 -3 -1 -1 -5 -4 -1    4   7   1  30   0   6  23   2   1   2   0  13   0   0   0   2   3   0   0   5  0.55 0.31
   18 I    2 -4 -3 -5 -3 -4 -4  0 -5  5 -1 -4 -1 -3 -4 -2 -2 -5 -3  4   16   0   1   0   0   0   0   8   0  37   3   0   1   0   0   2   0   0   0  32  0.71 0.38
   19 S    2 -2  1  0 -3  0  0 -2 -2 -2 -1  1 -1  0 -1  2  1 -2 -1 -1   21   0   6   6   0   3   5   0   0   1   5   9   1   4   1  22   9   1   1   4  0.20 0.19
   20 A    2  0  0  0  0  1  3 -1 -2 -1 -2 -1 -2 -4 -3  0  1 -4 -3  0   24   5   3   5   2   6  25   3   0   2   2   2   1   0   0   3   8   0   0   8  0.27 0.23
   21 L   -4 -5 -5 -6  2 -4 -5 -6 -1  1  5 -4  4  0 -5 -5 -3  0 -1  0    0   0   0   0   4   0   0   0   1   5  70   1   9   2   0   0   0   1   2   4  1.08 0.48
   22 R   -3  4  0 -3 -1  5  0 -4  1 -4 -2  3 -3 -2 -4 -2 -2 -4  0 -4    1  27   4   0   2  27   4   0   4   1   3  22   0   1   0   2   1   0   3   0  0.75 0.40
   23 K   -2  2  0  2 -5  3  4 -1 -1 -4 -4  3 -3 -5 -2  0 -2 -5 -4 -4    1   9   3   9   0  14  26   4   1   1   0  23   0   0   1   6   2   0   0   0  0.59 0.33
   24 E   -2  0 -2  0 -5  4  5 -4 -2 -4  0  1 -2 -5 -4 -2 -3 -5 -4 -1    3   5   0   4   0  20  40   0   0   0  10   9   0   0   0   2   0   0   0   5  0.69 0.41
   25 T   -2 -3 -3 -4 -3  0 -3 -4 -4  2  3 -3  5  2 -4 -3  0 -3 -2  1    1   1   1   0   0   6   1   0   0  10  30   0  22  10   0   0   6   0   0  11  0.57 0.33
   26 C   -4 -1 -5 -3 10 -5 -2 -3 -1 -4 -2 -5 -4  0 -5 -2 -4 -5 -5 -1    0   4   0   1  69   0   4   2   2   0   4   0   0   4   0   3   0   0   0   5  2.20 0.76
   27 N    1 -2  1  4 -4 -1  3 -2  0 -1 -3  1 -3 -4 -3 -1  0 -4 -2 -3   14   1   6  25   0   1  25   2   2   4   1   9   0   0   0   2   5   0   2   0  0.46 0.29
   28 K   -1  1  2  0 -3  0  1 -2  2 -2 -2  3 -2 -1 -1 -1  2 -3  0 -2    4   6  12   4   0   2   7   1   6   1   4  21   1   2   3   3  19   0   3   1  0.26 0.22
   29 S   -3 -3  2  1 -4 -1 -2 -3  4 -2 -2 -3 -3  6 -4 -1  0 -2  4 -3    0   0   9   9   0   3   1   2  11   1   2   1   0  34   0   4   6   0  15   0  0.72 0.38
   30 N   -1 -1  1  1 -3  3  0  1  0 -2 -3  1 -2  0  0  2  1 -3 -2 -2    4   2   6   6   0  17   4  10   2   2   1  12   0   4   3  16   9   0   1   3  0.21 0.19
   31 M   -2  0  0  0 -3 -2 -2 -3 -3  1  2  2  2 -1 -3 -1  0 -3 -2  1    2   4   5   6   0   0   1   2   0   8  29  16   5   2   0   3   6   0   0  11  0.19 0.18
   32 C   -3 -5 -5 -5 10 -5 -1 -1 -5 -4 -2 -5 -4 -5  0 -1 -2 -5 -1 -4    1   0   0   0  71   0   4   5   0   0   3   0   0   0   5   4   3   0   2   0  2.31 0.77
   33 E   -2 -1 -1  1 -4  0  3 -2  4 -2 -1  2  2 -3 -2 -1  0 -4 -2 -1    1   1   2   7   0   3  21   3  14   1   5  18   7   0   1   4   5   0   0   6  0.34 0.26
   34 S   -2 -1  5  1 -4 -1  2  0 -1 -4 -4  0 -3 -4  3 -1 -1 -4 -3 -2    2   3  30   8   0   0  16   7   1   0   1   4   0   0  14   3   3   0   0   4  0.54 0.31
   35 S   -1  2  2  1 -2 -1  4 -2 -1 -2 -4  0 -3 -4 -3  3  0 -4 -4 -3    2  10  12   7   1   1  28   1   1   2   0   5   0   0   0  25   3   0   0   1  0.50 0.33
   36 K   -3  0  0  1 -4  0  4 -4 -1 -2 -1  2  5 -3 -3 -1 -2 -4 -2 -1    0   3   3   7   0   2  30   0   1   1   5  15  20   0   1   3   1   0   1   4  0.52 0.36
   37 E   -2 -2 -1  0 -4  0  4 -4 -1 -2  3 -2 -1 -1 -3  0  0 -4 -2  0    1   1   2   4   0   4  33   0   1   0  32   1   1   2   0   8   5   0   1   5  0.42 0.32
   38 A    3 -3 -3 -2 -2  0 -2 -3 -3  0  0 -2  3 -3  1  0  1 -4 -3  2   32   0   0   1   0   5   1   0   0   6   8   0  10   0   7   7   8   0   0  14  0.32 0.27
   39 L   -2 -2 -5 -5 -3 -4 -4 -5 -4 -1  5 -4  2  2 -3 -4 -2 -3  2 -1    3   3   0   0   0   0   0   0   0   0  67   0   4   9   1   0   3   0   7   2  0.91 0.45
   40 A    2 -3 -3 -1 -2 -1 -1 -3 -3  1  2 -1  2  0 -3  1  0 -3 -2  2   20   0   0   3   0   1   5   0   0   6  22   2   5   5   0  10   4   0   0  17  0.20 0.19
   41 E    0  2 -1 -1 -4  3  2  2 -1 -2 -2  0 -3 -2  0 -1 -2 -4 -3 -3    8  12   1   2   0  16  18  20   1   2   4   5   0   2   5   2   1   0   0   0  0.33 0.24
   42 N   -2 -2  5  0  0  2 -1 -3  6 -2 -2 -1 -3 -1 -2 -2 -1 -4  0 -1    1   0  31   4   2  12   3   0  20   2   3   3   0   3   2   1   3   0   3   5  0.62 0.36
   43 N   -2 -1  5  1 -4  1 -1 -3  2 -2 -3  0 -3 -2 -1  2 -1 -4  0 -1    2   2  37   9   0   5   1   0   5   2   2   6   0   2   2  14   3   0   4   4  0.48 0.31
   44 L   -1 -4 -5 -5 -3 -4 -4 -2 -4  0  5 -2  2 -2 -1 -4 -3 -4 -1  0    4   0   0   0   0   0   0   4   0   2  70   2   4   0   4   0   0   0   2   6  0.87 0.43
   45 N   -2  0  4  1 -4 -1 -1  3  2 -4 -4  1 -1 -4 -2  1 -1 -4 -3 -3    0   5  24   6   0   2   3  29   5   0   1   8   2   0   1  10   3   0   0   1  0.49 0.28
   46 L   -3 -4 -4 -4 -3 -4 -3 -5 -4  5  4 -4  1  0 -1 -3  0 -4 -3  1    0   0   0   0   0   0   2   0   0  37  39   0   2   4   4   0   5   0   0   4  0.72 0.36
   47 P   -2 -4 -4 -2 -5 -2 -2 -4 -4 -4 -2 -3 -4 -5  8 -2 -1 -5 -5 -3    3   0   0   2   0   2   2   1   0   0   4   0   0   0  76   3   4   0   0   2  2.02 0.68
   48 K   -1  2 -1 -1 -4  4  0 -3 -2 -3 -2  3 -1 -4  1  0  0  0 -3 -1    3  10   3   2   0  26   3   1   0   0   3  25   1   0   6   7   5   1   0   4  0.44 0.28
   49 M   -1 -2 -2 -3  1 -1 -2 -3  2  2  1 -2  3 -1 -1 -2 -1  2 -1  2    5   1   1   1   4   3   1   2   8  14  16   1  10   1   3   2   2   3   1  21  0.22 0.15
   50 A    3  0  0 -2 -3  1  0 -2 -2 -2 -1 -1 -1 -3  2  0  3 -3 -3 -2   26   4   4   1   0   7   5   1   0   2   7   3   1   0  10   4  24   0   0   1  0.32 0.26
   51 E   -1  0 -1  0  1  0  3 -2 -1 -2 -2  0 -1 -4  4  0  0 -4 -3 -2    5   4   3   5   4   3  25   1   1   3   3   5   1   0  20   9   4   0   0   3  0.37 0.23
   52 K   -1 -1  0  0 -3  0  3 -1  1 -1  2  2 -1 -3 -3 -1  0 -3 -2 -2    3   2   4   4   0   3  27   4   4   2  23  14   0   0   1   2   5   0   0   2  0.26 0.22
   53 D   -2 -1  1  5 -4 -1  1 -1 -1 -3 -2 -2 -3 -4 -3  2  0 -4 -3 -2    1   2   4  44   0   2   9   4   1   1   5   1   0   0   1  16   5   0   0   2  0.64 0.33
   54 G   -1  1 -1 -2 -4  1 -1  5  2 -4 -3  1 -3 -4 -1  0 -3 -4 -3 -4    3   8   2   2   0   6   3  46   5   1   3   9   0   0   2   8   1   0   0   1  0.63 0.32
   55 C   -1 -5 -5 -1 11 -5 -5 -5 -5 -4 -2 -5 -4 -5 -5 -1  0 -5 -5 -4    4   0   0   4  75   0   0   1   0   0   3   0   0   0   0   4   5   0   0   0  2.65 0.87
   56 F   -1 -1 -1 -2 -3  0 -3 -2  3 -2  1 -3 -1  5  2  1 -2 -3  1 -1    4   3   3   1   0   4   0   2   8   0  15   0   1  27  10  13   2   0   3   3  0.37 0.30
   57 Q   -1 -1  0 -2 -3  2  1 -2  1 -1  0 -1 -1 -1  2  2  1 -3  1 -1    3   2   3   0   0  10   8   2   4   3  10   2   1   2  10  22   7   0   6   2  0.19 0.21
   58 S    0  1 -1  0  0  2 -1 -2 -1 -2 -1  0 -2  0  0  2  2 -4 -3 -2    6   9   2   5   2  12   3   2   1   2   6   5   0   4   4  22  14   0   0   2  0.20 0.22
   59 G    1 -1  2  0 -3 -1 -1  3 -2 -3 -1 -1  0 -1 -1  0  1 -4 -3 -1   14   3  10   5   0   2   2  25   0   0   7   3   3   2   3   5  11   0   0   3  0.23 0.20
   60 F   -1 -3 -3 -3  2  0 -3 -3  1 -1  1 -3  2  5  0  0 -2 -1  2  0    5   0   0   0   5   5   0   1   5   0  18   0   6  29   5   8   0   0   6   5  0.32 0.23
   61 N   -2  1  1  1 -3  1  1  0  2 -3 -3  1 -2  1  1  0  0  4 -1 -3    1   8   7   8   0   7   8   8   7   0   1   8   0   7   8   8   8   7   0   0  0.21 0.16
   62 E    0  0 -2 -2 -4  3  2 -3 -1 -3  1  4  0 -3 -1 -1 -1  2 -3 -1    6   3   1   0   0  17  12   0   1   0  13  28   3   0   2   2   2   3   0   5  0.37 0.27
   63 E   -2 -2 -2  3 -4 -1  5 -1 -1 -4 -4 -2 -2 -4 -2 -1  1 -5 -4 -1    2   1   0  15   0   1  51   4   1   0   1   1   1   0   1   3  11   0   0   4  0.81 0.42
   64 T    2  1  0  0 -3  0 -1  1 -2 -1 -2  1 -1 -3 -2  1  3 -3 -3 -1   18   7   5   4   0   3   2  11   0   4   2  11   1   0   1   7  21   0   0   3  0.20 0.17
   65 C   -4 -3 -3 -6 11 -5 -6 -4 -5 -4 -2 -5 -4 -5 -5 -4 -4 -5 -1 -4    1   1   1   0  84   0   0   2   0   0   4   0   0   0   0   1   0   0   3   0  3.07 0.87
   66 L   -4 -4 -5 -5 -4 -2 -4 -5 -2  0  5 -4  1  3 -1 -4 -3 -3 -2 -2    1   0   0   0   0   2   0   1   1   3  73   0   2  11   3   1   0   0   0   0  1.11 0.47
   67 V   -1  3  0 -2 -3  2 -1 -1  1  0  0  1  1 -3 -3  2  1 -3 -2 -1    1  18   5   1   0  11   1   4   4   5  10   7   5   0   0  16  10   0   0   2  0.21 0.19
   68 K   -3  4 -1 -1 -2  4  0 -3 -1 -4 -4  3 -2 -1 -3  0 -1 -1 -3 -4    1  26   2   2   1  25   3   1   1   0   1  21   1   3   1   7   3   1   0   0  0.69 0.36
   69 I   -3 -4 -4 -5 -3 -4 -4 -5 -4  6  3 -4  2 -1 -4 -2 -2 -4 -3  1    1   0   0   0   0   0   0   1   0  46  34   0   4   2   0   4   2   0   0   4  0.93 0.40
   70 I    2  1 -1 -2 -2  0 -1 -2  4  0 -1 -2 -2 -2 -3  2  2 -3  0  0   17  10   1   0   1   3   1   2  11   7   6   0   0   1   0  17  14   0   4   5  0.22 0.20
   71 T    1  1  0  0 -3  2  1 -1  0 -2 -3  0 -2 -3 -2  3  2 -4 -2 -2   11   6   3   5   0   8   8   2   2   3   1   3   0   0   1  30  12   0   1   2  0.28 0.22
   72 G   -1 -3 -3 -1 -5 -4 -3  7 -4 -5 -5 -3 -5 -5 -4 -2 -4 -5 -5 -2    3   2   0   3   0   0   1  81   0   0   1   1   0   0   0   1   0   0   0   4  1.65 0.57
   73 L   -4 -4 -5 -5 -4 -4 -5 -5 -5 -1  6 -5  0  1 -5 -5 -4 -4 -3  0    1   0   0   0   0   0   0   0   0   0  85   0   2   5   0   0   0   0   0   4  1.44 0.58
   74 L   -2  1 -2 -3 -2  2 -1 -3  0 -1  2 -1  0  2 -2 -1  0  2  2  0    2  11   1   0   1  14   2   0   3   0  25   2   1  10   2   5   5   3   9   5  0.23 0.21
   75 E    0 -1 -2  0 -3  0  3  0 -2  0  1 -1 -1 -1 -3 -1  2  2 -2  0    8   2   1   3   0   3  26   6   0   4  16   3   1   2   0   0  13   3   0   8  0.19 0.20
   76 F   -1 -4 -4 -5 -5 -4 -4 -5  2 -3 -1 -4 -3  5 -5 -4 -4 -1  8 -4    5   0   0   0   0   0   0   0   5   0   6   0   0  27   0   0   0   0  52   0  1.65 0.62
   77 E   -3  1 -2 -1 -4  6  0 -2  4 -4 -4  1  0 -4 -4 -1  1 -4 -2 -2    0   6   0   2   0  44   5   3  11   0   0   6   3   0   0   4  10   0   1   3  0.83 0.47
   78 V    0 -1 -2  0  1 -2 -1  2 -2  2 -1 -1 -1 -2 -1 -1  1 -4 -3  2    6   3   0   5   3   0   4  19   1  14   1   4   1   1   2   3  12   0   0  19  0.16 0.18
   79 Y   -3 -2 -1 -4 -2 -3 -4 -5  2 -3  3 -4 -2  1  0 -1 -2 -2  7 -2    0   2   4   0   1   1   0   0   5   0  29   0   0   4   6   6   1   0  39   1  0.87 0.47
   80 L   -4 -5 -5 -6 -4 -5 -5 -2 -5  0  6 -5  1  1 -5 -5 -4  3 -3  0    0   0   0   0   0   0   0   3   0   2  78   0   2   5   0   0   0   4   0   4  1.25 0.56
   81 E    0  0  0  0 -4  4  3 -2 -1 -3 -3  3 -2 -4 -3  0 -1 -4 -3 -1    7   3   5   4   0  20  21   3   1   0   2  20   1   0   0   4   4   0   0   5  0.44 0.30
   82 Y    2 -3 -3 -4 -4 -1 -3 -2  4 -2 -2 -3 -3  4 -4 -2 -1 -2  6 -1   20   1   0   0   0   2   0   3  11   1   2   0   0  15   0   2   3   0  34   3  0.84 0.44
   83 L   -3 -4 -5 -5 -3 -4 -4 -5 -5  3  4 -4  3 -2 -4 -4 -3 -4 -3  4    0   0   0   0   0   0   0   0   0  20  36   0   6   0   0   0   0   0   0  34  0.90 0.43
   84 Q    1  0  0  0 -4  4  3  0  0 -3 -1  1 -2 -4 -1  0 -1 -4 -2 -2   10   3   5   3   0  24  20   6   1   0   6   8   0   0   2   4   3   0   1   1  0.35 0.26
   85 N    0  0  3  1 -4  1  2  2 -1 -4 -4  2 -3 -4 -2 -1 -1 -4 -3 -4    8   3  20   7   0   7  16  16   1   0   0  15   0   0   1   2   3   0   1   0  0.44 0.28
   86 R   -2 -1  1 -2 -3 -1  3 -3  2  2  1  1 -2 -3 -1 -2  1 -1 -2 -1    2   3   9   0   0   1  22   1   5  16  13   9   0   0   3   1  11   1   1   2  0.22 0.23
   87 F   -2 -2 -3 -4 -3 -3 -2 -2 -2  0  2 -3  0  5 -3  1 -2 -1  4 -1    3   1   0   1   0   0   2   4   0   3  20   1   2  27   1  14   1   0  17   3  0.51 0.30
   88 E   -2 -1  0  0 -2 -1  2 -1  0 -1 -2  0 -3 -4  5 -1  1 -4 -3 -1    2   3   5   4   1   2  14   5   3   3   3   4   0   0  36   3   8   0   0   5  0.61 0.31
   89 S   -1 -2  3  1 -3  0  2  3 -2 -3 -2  0 -3 -3 -3  2 -1 -4 -3 -2    3   1  15   6   0   3  14  21   0   1   5   4   0   0   1  19   2   0   0   3  0.34 0.23
   90 S   -1 -2  1  2 -3  0  2 -1  3 -2  0  1 -2 -2 -2  1  0 -3  1 -2    2   1   7  13   0   2  16   5   8   1  11   7   0   0   1  12   7   0   5   3  0.19 0.17
   91 E    1  0  0 -2 -3  0  0 -1 -1 -2 -2  3 -2 -3  1  1  1 -3 -3 -1   15   3   5   1   0   2   6   3   1   1   3  24   1   0   8  14   8   0   0   5  0.25 0.20
   92 E    0  0  0  1 -3  2  1  0  1  1 -1  0 -1 -1  1  0  0 -3 -2 -1    5   4   5   6   0  11  13   6   3  11   4   6   0   4   8   5   5   0   0   3  0.10 0.13
   93 Q   -1  0  2  0  1  0  0 -2  1  0  1  0  0 -2  0  0  1 -3 -2  0    5   6  13   4   4   4   4   0   3   7  14   8   3   0   3   8   9   0   0   5  0.08 0.13
   94 A    2 -2 -3 -2 -3 -3 -2 -4 -4  1  2 -3  1  0 -2  0  0 -4 -3  4   16   2   0   2   0   0   2   0   0   5  17   0   3   5   1   9   5   0   0  32  0.37 0.28
   95 R   -2  2  0  2 -4  0  3 -1  0 -2 -2  2 -1 -4  0  0  0 -4  0 -1    1  12   4  13   0   2  21   5   2   3   2  12   1   0   4   5   5   0   3   4  0.28 0.22
   96 A    2 -2 -1  2 -3 -1  0 -1  0 -1 -2 -2  1 -1 -1  2  1 -1 -3  0   21   1   1  11   0   1   4   4   2   4   3   1   4   3   2  20   9   1   0   6  0.20 0.22
   97 V   -1 -1 -4 -4 -3 -3 -1 -4 -4  2  3 -2  3 -2 -4 -2 -2 -4 -3  3    4   3   0   0   0   0   4   1   0  14  35   3   7   0   0   3   0   0   0  23  0.48 0.28
   98 Q   -3  2 -2 -1  2  5  0 -4  1 -4  0  2  0 -4  1 -1 -1  1  0 -3    0  11   0   2   5  32   3   0   4   0   9  11   3   0   7   4   3   2   4   0  0.50 0.35
   99 M   -1 -1 -1 -1 -3 -1 -2 -2  2  1  1 -1  1  0 -1  0  0  0  4 -1    4   2   3   3   0   2   0   2   7   8  19   4   5   3   4   8   5   1  17   2  0.16 0.17
  100 S   -1  0  3  3 -4  0 -1  1  1 -2 -2 -1 -3 -1 -3  2  0 -3  2 -3    2   4  16  17   0   4   2  10   4   2   3   2   0   2   0  18   4   0   8   0  0.31 0.24
  101 T    0 -3 -2 -3 -3 -3 -3 -1 -3  2 -1 -3  1 -1 -3  2  4 -4 -3  1    7   0   0   0   0   0   1   4   0  16   4   0   4   3   0  14  37   0   0   8  0.49 0.33
  102 K    0  2  0 -1 -3  1  1  0 -2 -3 -2  3 -1 -4  0  0  0 -4 -3 -2    9  11   4   2   0   7   9   9   0   0   3  26   1   0   5   5   7   0   0   2  0.30 0.22
  103 V    1  0  2  1  0  0 -1 -1  3 -1 -1 -1 -2 -2 -1  0  0 -3  0  1   12   6  11  10   2   4   0   3  10   3   7   2   0   1   3   3   8   0   2  11  0.10 0.13
  104 L   -4 -5 -5 -6 -4 -5 -3 -6 -5  0  6 -5  0  2 -5 -5 -4 -4 -3 -1    0   0   0   0   0   0   2   0   0   4  78   0   2   9   0   0   0   0   0   2  1.36 0.57
  105 I    2 -2 -2 -3 -3 -2 -3 -2 -3  4  0 -1  0 -1 -1  0  0 -4 -3  1   25   2   2   0   0   2   0   2   0  29   6   3   1   2   2   9   5   0   0   9  0.32 0.25
  106 Q   -1  1  1  1 -3  4  1  0  1 -1 -1  0 -2 -3 -3  0  1  2 -2 -2    3   6   6   8   0  22   7   6   4   5   5   4   0   1   0   8  10   3   1   1  0.23 0.20
  107 F   -1 -1  1  0 -3  0 -1 -2  0  2  2 -1  2  0 -3 -1  2 -3  0 -1    4   3  10   5   0   3   2   1   3  14  20   3   5   3   0   3  16   0   3   1  0.14 0.16
  108 L   -3 -4 -5 -5  0 -4 -5 -5 -4  5  4 -4  2  1 -4 -4 -2 -4 -3  2    1   0   0   0   2   0   0   1   0  37  35   0   5   5   0   0   2   0   0  10  0.86 0.39
  109 Q   -2  3  0 -3 -4  2 -1 -4  0 -3 -2  5  2 -4 -2 -3 -1  5 -3 -4    2  16   5   0   0   9   3   1   2   1   3  38   6   0   1   0   3   9   0   0  0.73 0.40
  110 K   -1  1  0  1 -5  6  2  0 -1 -5 -2  1 -3 -5  0  0 -1 -5 -4 -4    4   6   5   6   0  39  10   6   1   0   4   6   0   0   5   6   2   0   0   0  0.62 0.39
  111 K   -1  1  1 -1 -3  1  1 -2  2 -1  0  1  2 -2  2 -1  1 -3 -2  0    1   9   9   0   0   9   9   1   9   0   9   9   9   0   9   1   9   0   0   9  0.15 0.13
  112 A    0  1 -1 -2  3  1  0  0 -2  0  0 -1  2 -2 -2  0  1 -3 -2  0    8   8   0   0   8   8   8   8   0   8   8   0   8   0   0   8   8   0   0   8  0.08 0.11
  113 K    0  1  1  1 -2  1  1 -2  2  0  0  1  1 -2 -2  0  0 -3 -2  0    7   7   7   7   0   7   7   0   7   7   7   7   7   0   0   7   7   0   0   7  0.08 0.11
  114 N   -2  0  5  4  0 -1  0 -2  3 -2 -4 -1 -2 -4 -4  0 -1 -5 -2 -1    3   4  28  27   3   2   3   2   7   3   0   3   1   0   0   6   3   0   1   5  0.59 0.38
  115 L   -1  0 -4 -2 -4 -1 -3 -4 -4 -1  3 -2  2 -1  5  0 -1  0 -2 -1    5   6   0   2   0   3   0   0   0   2  29   2   5   2  27   7   4   2   1   4  0.50 0.35
  116 D   -1  0  0  3  0  0  2  3 -1 -3 -3  0 -3 -4 -2  0 -1 -4 -1 -2    3   5   5  18   3   4  16  24   1   1   3   4   0   0   1   4   3   0   2   2  0.35 0.26
  117 A    0  1 -2 -1 -3  2  2 -1  1  0  0  0  1 -2 -3 -1  0 -3 -1  1    6   7   0   3   0   9  19   3   3   4  11   5   4   0   0   2   4   0   3  15  0.14 0.17
  118 I    2 -2 -2 -2 -3 -3  0 -2 -4  2 -1 -3 -1 -3 -3 -2  1 -4 -3  4   18   2   1   2   0   0   8   2   0  11   5   0   1   0   0   0  10   0   0  38  0.47 0.36
  119 T   -1 -3 -2 -3 -3 -1  0 -4 -1  1 -2 -1  0 -4  4 -1  4 -4 -4  1    5   0   1   0   0   3   7   0   1   7   1   3   3   0  25   3  27   0   0  11  0.58 0.38
  120 T    1 -1 -1 -1 -3  0  0 -1 -2  1 -1 -1  0  0  0  0  2 -3  0  1   17   2   2   3   0   6   4   3   0  12   4   4   2   6   4   4  16   0   3   8  0.10 0.15
  121 P   -2 -2 -3 -1 -4 -1 -2 -1  0  0  2 -3  1 -3  5 -1  1  2 -3 -1    3   2   0   4   0   3   2   4   2   5  21   0   5   0  26   4   8   3   0   5  0.42 0.31
  122 D   -1 -1  0  4 -4  0  0 -1  1 -3 -2  0  0 -1  0  0  2 -4  0 -1    3   3   3  26   0   4   3   4   3   0   3   5   3   3   5   7  17   0   3   4  0.29 0.23
  123 P    0  0  0  0 -5  0  0  0 -4 -5 -2  0 -5 -6  6  0 -4 -6 -5 -5    7   5   5   5   0   5   5   7   0   0   5   5   0   0  46   8   0   0   0   0  1.00 0.49
  124 T    1 -1 -2 -1 -3  0  0  0 -3 -1 -2  0  0 -3 -1  2  3 -4 -3 -1   14   3   0   3   0   2   7   7   0   3   3   4   3   0   3  14  27   0   0   4  0.26 0.24
  125 T    1 -1  0 -2 -3  4  1 -1  1 -2 -3 -1 -2 -1  0  0  2 -4 -3  0   12   2   4   0   0  24   9   4   3   2   0   2   0   3   4   7  16   0   0   7  0.31 0.28
  126 N   -1 -1  3  2 -4  4  2  1 -1 -4 -2  0 -3 -4 -1  0 -1 -4 -2 -3    3   3  14  10   0  22  13  10   1   0   4   4   0   0   2   7   3   0   1   2  0.37 0.29
  127 A    2  0 -1 -1 -3  2  2 -2  0 -2 -2  0 -3 -4  1  1  1 -4 -3 -2   23   6   1   3   0   9  16   2   3   2   3   4   0   0   7   8  10   0   0   2  0.28 0.25
  128 S   -1 -1  1  1 -3  2 -1  1  0 -1 -2  0  2 -3 -2  2  2 -4 -1 -2    3   3   5   7   0  11   2   9   2   4   3   4   7   0   2  19  15   0   2   1  0.22 0.23
  129 L   -2 -4 -4 -4 -3 -1 -2 -2 -4  0  4 -3  1 -1  2 -2 -1 -4 -3  1    2   0   0   0   0   4   2   3   0   4  49   0   3   2  11   3   3   0   0  10  0.55 0.36
  130 L   -1 -1 -2 -4 -3 -1 -3 -1 -1  0  4 -2  3 -1  0 -1 -2 -4 -3  0    5   3   2   0   0   3   1   4   2   3  47   2   8   2   5   5   2   0   0   5  0.41 0.32
  131 T    2  0 -1 -1 -3  0  1 -1 -1 -2 -3  0 -3 -4  4  0  1  0 -3 -2   17   6   2   2   0   3  11   4   2   2   2   7   0   0  23   5   9   1   0   3  0.40 0.28
  132 K    0  0  1  1 -3  0  1 -2 -1 -2 -2  3  1 -2 -1  0  2 -1 -3 -1    5   3   5  10   0   2   9   2   1   2   2  25   4   1   3   6  13   1   0   4  0.24 0.23
  133 L   -3 -4 -4 -2 -3 -4 -4 -4 -4  0  4 -4  3  4  0 -4 -2  2  0  0    1   1   0   3   0   0   1   1   0   3  46   1   6  17   4   1   2   3   2   7  0.66 0.37
  134 Q   -1  1  0  2 -3  3  2 -3  1 -2 -3  2 -3 -4 -1  2  1 -4 -1 -3    3   6   4  10   0  17  12   1   3   2   1  15   0   0   2  16   8   0   2   1  0.36 0.26
  135 A    0 -1  0 -3  0 -1 -1 -1 -3 -3 -2 -2 -3  2 -2  5  0 -4 -1  0    5   3   3   0   2   2   4   5   0   0   4   1   0   8   2  47   5   0   1   6  0.47 0.38
  136 Q   -1 -1  1  0 -3  4  0 -1  0 -2 -1  0 -2 -3  2  1  1 -3 -3 -3    3   3   7   4   0  28   4   4   2   2   7   4   0   1  12  10   8   0   0   1  0.36 0.27
  137 N   -2  0  3  2 -3 -1  0 -1  1 -2 -3  2 -2 -3 -2  2  1 -3 -3 -3    1   5  14  14   0   1   4   3   3   3   2  15   0   1   1  20  11   0   1   1  0.33 0.23
  138 Q    3  0 -1  1 -3  1  3 -1 -1 -2 -3  0 -3 -4  0  0  1 -4 -2 -3   26   4   2   8   0   7  19   4   1   1   2   6   0   0   3   4   9   0   1   1  0.29 0.23
  139 W   -5 -2 -6 -3 -1 -5 -6 -6 -5 -5 -4 -6 -4  6 -6 -4 -3 11  2 -5    0   2   0   2   1   0   0   0   0   0   0   0   0  34   0   2   2  50   5   0  2.59 0.90
  140 L   -3 -1  0  0 -4  4  1 -4  4  0  1 -2  1 -3 -2 -1  0  0 -1  0    0   2   5   4   0  25   8   0  11   7  16   0   4   0   1   2   6   1   2   6  0.35 0.30
  141 Q   -1  5 -2 -3 -5  2  1 -4  3 -3 -4  3  0 -5 -4 -2 -2 -5 -4 -3    4  39   1   0   0   7  10   0   6   2   0  22   2   0   0   2   2   0   0   1  0.83 0.46
  142 D   -3  3  2 -2 -4  3  0 -3  2 -2 -2  4 -2 -3 -3 -2  1 -4 -2 -3    0  15  10   1   0  17   4   1   6   2   3  27   1   1   0   1   8   0   1   1  0.52 0.35
  143 M    2 -3 -4 -4 -3 -1 -2 -4 -4  2  0 -1  4 -2 -4 -2  3 -4 -3  3   19   0   0   0   0   2   2   0   0  14   6   5  13   1   0   0  19   0   0  20  0.46 0.35
  144 T    1 -2 -1 -3 -4 -2 -3  3 -1 -1 -3 -1  1 -4 -4  0  5 -5 -4 -2   13   2   2   0   0   1   0  24   2   4   1   3   4   0   0   4  39   0   0   2  0.63 0.42
  145 T    2 -2 -1 -3 -3 -3 -3  3 -3  3 -1 -1  1 -1 -3  0  1 -4 -3  1   19   1   3   0   0   0   0  23   0  20   2   3   4   2   0   5   9   0   0   9  0.30 0.24
  146 H   -3  1  0 -4 -5  0 -2 -5  8 -1 -3 -2 -3  3 -1 -3 -3 -4  1  1    2   6   5   0   0   4   1   0  42   4   1   2   0  11   3   0   0   0   5  12  0.95 0.46
  147 L   -2 -3 -2 -5 -2 -4 -4 -3 -4  1  5 -2  1  2 -4  0 -2 -3  0 -1    2   1   2   0   1   0   0   2   0   8  57   2   2   8   0   9   1   0   2   2  0.63 0.36
  148 I   -2 -5 -5 -5 -4 -5 -5 -6 -5  7 -1 -5  0 -3 -5 -2  0 -5 -4  4    2   0   0   0   0   0   0   0   0  62   2   0   1   0   0   3   5   0   0  23  1.26 0.54
  149 L    0 -5 -6 -6 -4 -5 -5 -5 -5 -1  6 -5 -1  0 -4 -4 -2 -4 -4 -1   10   0   0   0   0   0   0   1   0   1  79   0   0   4   1   0   2   0   0   1  1.25 0.57
  150 R    0  5 -3 -2  3  3 -2 -4 -3 -4 -3  0 -3 -1 -4  2 -2  1  1 -2    9  37   0   1   6  13   0   0   0   0   1   3   0   3   0  18   1   2   4   2  0.65 0.41
  151 S    0  1  4  2 -4  1  0 -1  3 -4 -4  0 -1 -4 -3  2 -2 -5 -1 -4    7   8  19  13   0   7   3   4   9   0   0   4   2   0   0  21   0   0   2   0  0.45 0.30
  152 F   -4 -5 -6 -7 -4 -5 -6 -6 -5  0  5 -5  0  5 -6 -5 -4 -3  1 -2    0   0   0   0   0   0   0   0   0   3  65   0   2  27   0   0   0   0   3   0  1.38 0.58
  153 K   -1  1 -1 -1 -5  5  3 -4  3 -1 -4  1 -2 -5 -4 -1  2 -5 -3 -3    4   8   1   2   0  28  23   0   6   3   0   8   1   0   0   1  14   0   0   1  0.63 0.39
  154 E   -1  2  1  2 -2 -1  1 -2  1 -2 -2  1 -3 -1 -3  2 -1 -4 -1 -2    3  13   6  14   1   1   9   1   3   3   4  10   0   2   0  23   2   0   2   3  0.24 0.21
  155 F   -6 -6 -7 -7 -1 -7 -7 -7 -5 -3 -2 -7 -3  9 -7 -6 -4 -3  1 -2    0   0   0   0   1   0   0   0   0   1   2   0   0  91   0   0   1   0   2   3  2.63 0.88
  156 L   -2 -5 -6 -6 -4 -4 -5 -4 -5  0  5 -5  6 -3 -6 -3 -4 -5 -4 -2    3   0   0   0   0   0   0   2   0   3  67   0  23   0   0   2   0   0   0   0  1.37 0.59
  157 Q   -2 -1 -1  0 -5  5  5 -2  0 -1 -3  0 -3 -5 -4 -2 -3 -5 -4  0    2   2   3   4   0  28  41   2   2   5   1   3   0   0   0   1   0   0   0   6  0.85 0.46
  158 S   -2 -2  0  2 -2  0  0 -2  1 -1  1  1  0  2 -3 -1  1 -3  1  0    1   0   3  17   0   4   4   2   3   1  15  11   2  13   0   3   9   0   5   6  0.14 0.16
  159 S    3 -2 -3 -4  1 -3 -3  0 -1  0 -3 -3 -3 -4 -3  2  4 -5 -4  0   26   2   0   0   3   0   0   7   2   6   0   0   0   0   0  19  31   0   0   5  0.59 0.39
  160 L   -1 -1 -1 -4  1 -1 -2 -4  1  0  2  0  2  1 -4 -1 -2 -2  4  2    5   3   3   0   3   1   1   0   3   3  23   9   5   4   0   4   1   0  16  16  0.25 0.21
  161 R   -4  8 -3 -5 -3 -3 -4 -6 -2 -6 -5 -1 -5 -6 -6 -4 -4 -6 -5 -3    1  92   1   0   1   0   0   0   1   0   1   1   0   0   0   0   1   0   0   2  2.39 0.86
  162 A    6 -4 -4 -5 -3 -2 -4 -3 -5 -3 -3 -4 -4 -5 -2  1 -2 -6 -5  2   70   0   0   0   0   2   0   1   0   0   1   0   0   0   1   8   1   0   0  16  1.20 0.58
  163 L   -3 -4 -5 -5 -3 -4 -5 -5 -5  3  4 -4  2  0 -5 -2 -1 -4 -3  3    1   0   0   0   0   0   0   0   0  20  41   0   4   4   0   2   4   0   0  24  0.77 0.35
  164 R   -4  7  2 -4  0 -2 -3 -4  3 -6 -5 -1 -5 -6 -5 -3 -2  1 -4 -6    0  74   8   0   2   1   0   0   8   0   0   1   0   0   0   1   2   2   0   0  1.73 0.66
  165 Q   -3  0 -1 -4 -4  1 -3 -3  5  1  0  1  1  1 -4 -1 -2 -2  5 -2    0   4   3   0   0   5   0   1  18  10   8  12   5   4   0   3   1   0  26   0  0.58 0.33
  166 M   -4 -4 -5 -6 -4 -4 -5 -6 -5  2  4 -5  8 -2 -5 -5 -3 -4 -4 -1    0   0   0   0   0   0   0   0   0   9  46   0  45   0   0   0   0   0   0   0  1.50 0.54
