    1 M   -6 -6 -7 -8 -6 -5 -7 -8 -7 -4 -3 -6 11 -5 -8 -7 -6 -6 -6 -4    0   0   0   0   0   0   0   0   0   0   0   0 100   0   0   0   0   0   0   0  3.92 1.39
    2 N    1 -3  1 -1 -5 -2 -2 -3 -4  0 -2 -3 -2 -5  6  2  2 -6 -5 -2   10   1   7   3   0   1   2   1   0   7   3   0   1   0  35  14  14   0   0   2  0.76 0.48
    3 T    0 -3  0  2 -4 -2 -2 -2 -2 -3 -3 -3 -3 -3 -3  4  5 -6 -4 -3    6   1   3  13   0   1   2   2   1   1   2   1   0   1   1  30  34   0   0   1  0.76 0.53
    4 P    2  2 -2 -1 -4  1  2 -2  0 -4 -3 -1 -4 -3  5  0  0 -5 -3 -3   18  11   1   3   0   6  13   3   3   1   1   2   0   1  25   5   6   0   1   1  0.53 0.37
    5 E    2 -1 -2  3 -5  3  4 -3  2 -4 -4 -1 -3 -5 -2 -1  0 -5 -4 -3   17   2   1  17   0  11  31   1   4   0   1   2   0   0   2   3   5   0   0   2  0.64 0.43
    6 H    2  0 -1  2 -4  2  2 -3  4 -2 -2  0 -1 -3  1 -1  0 -4 -3 -1   18   4   1  12   0  11  11   1  11   2   3   4   1   1   6   4   5   0   0   4  0.30 0.26
    7 M    1  0 -2 -4 -3 -3 -4 -4  0  5  1 -3  4 -2 -3 -3 -1 -4 -2  2   12   5   2   0   0   1   0   1   2  32  12   1  13   1   1   1   4   0   1  10  0.55 0.36
    8 T    0  4 -2 -1 -1  1  2 -4 -1 -2  0  2 -2 -4 -1 -2  0 -5 -3 -1    7  26   2   2   1   6  13   0   2   2   9  13   1   0   3   1   6   0   0   6  0.36 0.30
    9 A    4  1 -1  2 -4  2  1 -2  1 -4 -4  0 -4 -5 -3  0  1 -2 -3 -3   36   7   2  10   0   8  10   2   3   0   1   6   0   0   0   6   9   1   0   1  0.49 0.39
   10 V    3 -2 -3 -5 -2 -3 -4 -3 -2  0  1 -3 -1  0 -4 -1  3 -2 -4  2   31   3   1   0   0   0   0   1   1   5  13   1   1   4   0   2  19   1   0  18  0.51 0.40
   11 V    1 -5 -5 -6  0 -5 -4 -3 -3  2  1 -5  2 -2 -4 -2 -2 -5 -3  5   11   0   0   0   2   0   1   2   1  12  10   0   5   1   0   4   1   0   1  48  0.86 0.51
   12 Q    0  3  0  1 -3  3  3 -3  2 -3 -1  0 -3 -4 -4 -1  0 -4 -4 -3   10  15   4   9   1  14  20   1   5   1   7   4   0   0   0   3   5   0   0   1  0.38 0.32
   13 R    2  5  0 -1 -4  1  1 -2 -2 -4 -4 -1 -4 -6 -4  1 -1 -3 -4 -3   20  34   3   4   0   6  10   3   1   0   1   2   0   0   0   9   4   0   0   2  0.65 0.46
   14 Y   -4 -5 -6 -7 -7 -4 -6 -7  2 -4 -3 -6 -5  3 -7  2 -5  4  8 -6    1   0   0   0   0   1   0   0   5   1   2   0   0  11   0  16   0   5  58   0  2.05 0.96
   15 V   -2 -1 -4 -5  2 -2 -3 -4  0  2  1 -4  1  4  1 -3 -3  2  3  2    3   3   0   0   4   2   2   1   2  11  16   0   4  16   6   1   1   2  11  14  0.37 0.28
   16 A    2  2 -2  4 -5  0  4 -3 -1 -5 -4  0 -5 -6 -4 -1 -1 -4 -5 -4   19  13   1  23   0   4  24   1   1   0   1   4   0   0   0   4   4   0   0   0  0.69 0.48
   17 A    5  1 -1 -5  1 -3 -4 -2 -1 -3  1 -3 -1 -2 -5 -1  0 -6 -2 -3   51   7   3   0   3   1   0   3   1   0  15   1   1   2   0   2   5   0   2   1  0.73 0.52
   18 L   -2 -6 -5 -5  0 -5 -5 -6 -4  1  2 -5  2  3 -6 -3 -2  7  0  4    4   0   0   0   2   0   0   0   0   8  18   0   6  10   0   2   3  14   3  30  0.86 0.49
   19 N    2  0  4  2  0  0  0  0 -1 -4 -4 -2 -2 -5 -3  1  0 -6 -5 -2   19   6  26  10   2   4   5   7   2   1   1   1   1   0   1   8   5   0   0   3  0.45 0.36
   20 A    4  2  0  0 -4 -1  0 -1 -2 -5 -5  0 -3 -5 -3  1  0 -6 -5 -2   41  10   4   5   0   2   6   4   1   0   0   5   0   0   1  12   5   0   0   2  0.56 0.43
   21 G    0  1  0 -2 -3 -1 -2  5  5 -5 -4  0  2 -5 -2 -2 -3 -6 -3 -4    7   8   4   2   0   3   2  38  16   0   1   5   6   0   2   2   1   0   0   1  0.77 0.47
   22 D   -3 -2  2  8 -4 -3 -2 -4 -3 -7 -8 -4 -7 -8 -4 -1 -1 -8 -4 -6    2   2   7  72   0   1   2   1   1   0   0   1   0   0   1   4   5   0   1   0  1.87 0.90
   23 L    2  2 -4 -3 -4 -2 -3 -3  0  1  0  1 -1 -2  2 -2 -1 -2  0  3   18  10   0   1   0   1   0   1   2   8   9  10   1   2  10   2   2   1   3  20  0.27 0.27
   24 D    2 -3 -2  6 -6  1  4 -3 -3 -4 -6 -2 -6 -7 -2 -2 -3 -7 -6 -5   15   1   1  41   0   6  24   2   0   1   0   2   0   0   2   3   1   0   0   0  1.06 0.63
   25 G    4  0 -3  1 -5 -1  1  4 -3 -4 -3 -2 -3 -5 -4 -2 -1 -6 -3 -4   34   6   1   7   0   3   8  28   0   1   3   2   1   0   0   1   3   0   1   0  0.63 0.45
   26 I   -3 -4 -7 -5 -3 -6 -7 -7 -6  4  2 -6  1  0 -7 -6 -2  9 -2  3    2   1   0   1   1   0   0   0   0  20  19   0   3   3   0   0   2  26   1  21  1.36 0.67
   27 V    2 -3 -5 -3 -1 -4 -4 -3 -3  1  3 -4  3 -2 -4 -2 -2 -5 -4  3   21   1   0   2   1   0   1   2   1   5  33   1   6   1   0   2   2   0   0  22  0.60 0.42
   28 A    4 -2 -1  2 -5 -2  2  1 -4 -5 -4 -1 -3 -5 -4  1 -1 -6 -5 -3   39   2   2  12   0   1  13  11   0   0   1   3   0   0   0  11   4   0   0   1  0.66 0.48
   29 L   -2 -5 -1 -4  2 -4 -6 -5  1  0  6 -6  0  0 -7 -4 -2 -5 -1 -1    3   0   4   1   5   1   0   1   3   3  66   0   1   4   0   1   3   0   2   3  1.12 0.62
   30 F   -7 -7 -8 -8 -4 -5 -8 -8 -2 -5 -2 -8  2  8 -8 -6 -7  4  6 -3    0   0   0   0   0   0   0   0   1   0   4   0   5  59   0   1   0   4  24   2  2.30 1.00
   31 A    6 -4 -4 -3 -3 -5 -3 -3  0 -6 -5 -4 -5 -4 -5  1  3 -7 -6 -3   64   1   1   2   0   0   1   1   2   0   0   1   0   1   0   9  17   0   0   1  1.36 0.79
   32 D    0 -4 -3  5 -7 -1  4 -4 -4 -7 -6 -3 -6 -5  4 -2 -3 -7 -6 -3    9   1   1  28   0   2  30   1   0   0   0   1   0   0  22   2   1   0   0   2  1.11 0.66
   33 D   -4 -4  2  8 -8 -3  0  0 -3 -8 -7 -4 -8 -8 -3 -3 -3 -9 -5 -6    2   1   9  72   0   1   4   6   1   0   0   0   0   0   1   1   1   0   0   0  1.96 0.93
   34 A    6 -4 -6 -5  3 -5 -6  2 -6 -1 -4 -5 -5 -2 -4 -2 -4 -7 -4  0   60   1   0   0   7   0   0  14   0   4   1   0   0   2   1   2   1   0   1   7  1.21 0.72
   35 T   -2  2 -4 -6 -3 -1 -3 -4  0  2 -1 -3 -2 -4 -4 -1  3 -3 -4  5    3  10   0   0   0   3   1   1   2   9   4   1   0   0   0   4  19   0   0  39  0.72 0.52
   36 V   -3 -4 -2 -5 -3 -2 -5 -5  1  3  1 -5  0  3 -5 -2 -4  2  3  4    2   1   2   0   0   2   0   1   4  14  13   0   2  10   0   3   0   2  11  31  0.67 0.44
   37 E   -3  1 -1 -1 -2 -1  5 -6  6 -3 -5 -2 -5 -3 -6 -3 -1 -6  3 -3    2   7   2   3   1   2  43   0  16   1   1   2   0   1   0   1   4   0  10   2  1.11 0.68
   38 D   -3  0 -1  7 -7 -1  0 -4 -2 -4 -4 -5 -1 -1 -4  1 -2 -7 -5 -4    2   5   2  60   0   3   5   1   1   1   2   0   1   2   1  10   2   0   0   1  1.39 0.75
   39 P   -4 -3 -4 -5 -7 -6 -6 -7 -3 -7 -7 -6 -1 -5  8 -4 -4 -7 -7 -3    2   2   1   1   0   0   0   0   1   0   0   0   1   1  86   1   1   0   0   2  2.85 1.27
   40 V    0 -2 -4 -5 -4 -4 -4 -3 -4  2  0 -3  0  1  0 -3 -2 -4  0  5    7   3   1   1   0   0   1   2   0  11   9   1   2   5   5   2   2   0   3  46  0.73 0.43
   41 G   -1 -5 -1 -2 -4 -5 -3  7 -5 -5 -3 -3 -4 -2 -2 -4 -4 -6 -4 -4    4   1   3   2   0   0   2  74   0   1   3   1   1   2   2   1   1   0   1   1  1.62 0.77
   42 S    0  0 -1 -1 -3  1  0  2 -1 -3 -2  0 -1 -2  0  2  2 -4  0 -1    8   4   3   3   0   5   5  13   1   1   3   4   2   2   5  20  12   0   3   4  0.19 0.21
   43 E    1  1 -1  2 -5 -1  2  0 -3 -4 -3  0 -3 -5  4  0 -1 -3 -5 -4   10   9   2  11   0   2  15   6   0   1   3   6   0   0  23   7   3   0   0   1  0.50 0.36
   44 P   -1 -2 -5 -3 -6 -3 -1  0 -4 -1 -2 -3 -4 -4  7 -2  0 -1 -6  2    6   3   0   1   0   1   4   7   0   3   4   1   0   1  47   2   6   1   0  13  1.07 0.62
   45 R   -1  2 -2 -5 -1 -2 -3 -5  6  1  1 -1  1  2 -4 -2 -2  0  0  2    4  10   2   0   1   1   1   0  20   9  13   4   3   9   1   2   2   1   3  12  0.47 0.35
   46 S   -2  4 -1 -2 -3  1  1 -4  2  0 -2  0 -3 -4 -4 -1  2 -5 -1  2    3  23   3   1   0   6  10   0   6   6   2   6   0   0   0   5  11   0   2  14  0.39 0.34
   47 G   -3 -7 -3 -3 -7 -6 -5  7 -7 -3 -7 -6 -7 -7 -4 -4 -1 -7 -7 -3    1   0   1   1   0   0   1  84   0   2   0   0   0   0   1   1   4   0   0   2  2.19 1.01
   48 T   -1  6 -4 -4 -4 -1 -2 -4  6 -2 -2  2 -3 -4 -1 -2 -2  0 -3 -2    5  38   0   1   0   2   2   1  16   3   4  14   1   0   4   2   2   1   1   3  0.90 0.55
   49 A    3 -3 -2  3 -6  1  5 -2 -2 -4 -5 -1 -1 -6 -1 -2 -2 -6 -5 -3   22   1   1  19   0   5  32   2   1   1   1   4   2   0   3   2   3   0   0   2  0.76 0.53
   50 A    5 -3 -1 -1 -5  1  2  1 -3 -3 -5 -3 -1 -6 -2 -1 -2 -6 -5 -3   48   1   2   4   0   6  14   9   1   1   1   1   2   0   2   4   1   0   0   2  0.77 0.54
   51 I   -1 -5 -6 -5 -5 -5 -6 -7 -6  6  3 -6 -1  0 -3 -4 -3  0 -1  2    4   1   0   1   0   0   0   0   0  48  22   0   1   4   1   1   1   2   2  10  1.16 0.61
   52 R    2  5 -3 -2 -3  0  1  0  0 -4 -2  0 -3 -4 -3  0 -1 -6 -4 -2   17  36   1   1   0   4   8   8   2   1   4   3   1   1   1   5   4   0   0   2  0.59 0.44
   53 E    4  2 -3  1 -4  1  3  0  0 -4 -4  0 -5 -6 -2 -2 -2 -6 -5 -4   31  13   1   8   0   5  21   7   2   1   1   6   0   0   2   2   2   0   0   0  0.59 0.45
   54 F   -3 -4 -5 -8 -7 -5 -7 -4  2 -3  0 -5  0  8 -8 -5 -5  2  3 -2    2   1   1   0   0   0   0   2   4   1   7   1   2  64   0   1   1   2   7   3  1.93 0.90
   55 Y   -3 -5 -7 -4 -6 -4 -7 -5 -3  1  0 -6 -2  5 -6 -6 -5  7  7 -2    3   1   0   1   0   1   0   1   1   8   9   0   1  22   0   0   1  12  37   3  1.57 0.79
   56 A    2  2 -2  3 -5  1  1  1 -2 -4 -3  0 -4 -4 -1  0  0 -1 -5 -3   17  11   1  19   0   6  10  10   1   0   2   4   0   0   3   7   6   1   0   1  0.36 0.32
   57 N    1  0  0  0 -2  1  1  1  0 -2 -2  0  0 -2 -2  0  1  2 -2 -1   16   6   4   4   1   6  10  12   2   2   4   5   3   1   1   4  11   3   1   4  0.13 0.16
   58 S    1 -2 -1 -3 -2 -2 -1  0 -3  1  2 -3  1  3 -2  0  0  1 -2  1   13   2   3   1   0   1   3   7   0   9  19   1   4  12   1   7   5   2   1  12  0.16 0.18
   59 L    0  1 -3 -2 -2  0  0 -2  0  2  0 -2  1  3 -1 -1  0 -1 -1  0    7   8   0   2   1   4   8   2   2  17   9   2   4  15   2   3   5   1   1   7  0.16 0.18
   60 K    3  0  0  1 -4  0  1  2 -3 -3 -4  0 -2 -3  1  1  0 -5 -4 -1   28   4   4   6   0   4   8  14   0   1   1   4   1   1   6   9   4   0   0   3  0.33 0.30
   61 L    2 -1  0 -1 -2  0 -2  0 -1  0  1 -2  1  0  1  0  0 -2 -1  0   17   2   6   3   1   4   2   6   2   5  14   1   3   5   6   6   7   0   2   8  0.08 0.11
   62 P    0  0  0  0 -3 -1  1  1 -1 -2 -2 -1 -3  3  2  0  0 -2  0 -1    7   5   5   5   0   2   8  13   1   2   3   3   0  14  12   5   7   0   3   4  0.20 0.21
   63 L    0  2  0  2 -3  1  2 -1 -1 -1 -3  0 -1 -1  0  0 -1 -1 -2 -1   10  12   5  10   0   6  13   4   1   4   2   5   2   3   5   8   4   1   1   4  0.15 0.17
   64 A   -1  2 -1  2 -5  1  1  0  1 -1 -2  1 -1 -4 -2  1  1 -5 -3 -1    5  12   2  12   0   5   8   8   4   3   3   9   2   1   2  10  10   0   1   3  0.21 0.21
   65 V    1 -2 -3 -2 -1 -3 -1 -3 -2  3  1 -3  0  1 -1 -1  1  2 -3  2   11   2   1   2   1   1   5   2   1  16  16   1   2   7   2   5  10   2   0  13  0.24 0.22
   66 E    0  2 -2  0  0 -2  4 -2  4 -3 -3 -1 -3  0 -3 -1  1  1 -2 -2    7  13   1   6   2   1  26   4   8   2   2   3   1   4   1   3  10   2   1   3  0.43 0.36
   67 L   -2  0 -4 -4 -4 -3 -1 -4  0  1  3 -4  0  4  0 -3  0 -3  1  0    4   6   0   1   0   1   4   1   3   7  31   0   1  17   5   2   6   0   4   6  0.46 0.33
   68 T   -1  0 -2  0 -1 -2  0 -1  2  1  1 -2 -1  0 -1 -1  2  0 -1  2    4   5   1   5   1   1   6   4   6   6  14   2   1   3   2   5  15   1   1  16  0.13 0.16
   69 Q    0  1  0  0 -2  0  2  2  2 -1 -3 -1 -3 -3  0  0  1 -2 -3 -1   10   8   4   5   1   4  13  15   6   3   2   4   0   1   5   5  10   1   0   5  0.17 0.19
   70 E   -1 -1 -1  3 -5 -1  3 -4  1 -2 -2 -2 -2 -4  4 -1  0  2 -3 -1    6   3   2  18   0   2  17   1   3   2   4   2   1   1  19   4   6   3   1   4  0.49 0.37
   71 V   -2 -2 -4 -1 -3 -3 -2 -4  1  3  2 -3  0  0  0 -1  0 -4 -1  4    3   2   1   4   1   1   2   1   3  14  16   1   2   4   5   5   7   0   2  26  0.36 0.28
   72 R   -1  4 -3  1 -3 -2 -2 -4  3  0 -2 -1 -2  3 -5  0 -1 -5  0  1    4  23   1   9   1   1   2   1   6   6   4   4   1  13   0   7   4   0   3  10  0.42 0.33
   73 A    2 -5 -5 -4 -2 -2 -2  1 -1  3 -2 -5 -2 -2 -1  0  0 -1 -3  4   15   0   0   1   1   2   2  10   2  17   3   0   1   2   3   8   5   1   1  27  0.50 0.37
   74 V    0  0  0  0  2  0  0 -1  1  0 -1  0  1  0  0  0  0 -2  1  0    5   5   5   5   5   5   5   5   5   5   5   5   5   5   5   5   5   0   5   5  0.03 0.05
   75 A    0 -2 -2  1  0 -3 -2  5  3 -4 -3 -3 -2 -3 -2 -1 -3 -1 -5 -3    8   3   1   9   2   1   3  47   8   1   3   1   1   1   2   4   2   1   0   2  0.83 0.53
   76 N   -1  1  4  4 -6  0 -1  2  1 -4 -4 -2 -2 -3 -1 -1 -1 -6 -3 -2    4   7  18  24   0   4   3  15   3   1   2   1   1   1   3   5   4   0   1   3  0.53 0.40
   77 E   -1  1  0  0 -1  1  3 -1  3 -2 -3 -2 -1 -2 -1  0  2  2  0 -2    6   7   3   5   2   5  20   5   6   2   3   1   2   1   2   7  14   3   3   2  0.24 0.26
   78 A    5 -3 -3 -3  2 -3 -3  0 -2 -1 -2 -3 -1 -2 -5 -2  0  0 -3  3   41   1   1   1   3   1   2   7   1   4   4   1   1   2   0   2   7   1   1  18  0.62 0.47
   79 A    5  0 -5 -6 -1 -5 -2 -3 -5  0 -2 -2 -1 -3 -5 -2 -1  0 -2  3   46   4   0   0   1   0   3   1   0   4   4   2   1   1   0   2   4   1   1  21  0.84 0.58
   80 F    0 -1  1 -4 -1 -3 -5 -4  0  1  1 -4  3  4 -5 -2 -2  2  0  3    7   4   6   1   1   1   0   1   2   6  10   1   7  18   0   3   2   3   3  23  0.47 0.34
   81 A    0  2 -1  0 -2  0  2 -2  3  0 -2  0 -2 -2  1 -1  0  0 -1  0    9  12   2   5   1   3  12   3   7   6   2   4   1   2   8   4   7   1   2   9  0.14 0.17
   82 F   -2 -5 -5  0 -2 -2 -3  1 -1 -2  1 -5  0  5 -3 -2 -3  7  1 -1    4   0   0   6   1   2   2  12   1   2  12   0   2  23   2   3   2  16   4   5  0.78 0.48
   83 I   -1  3 -2 -1 -2 -2  1 -3  1 -2 -1 -1 -2 -5 -1  0  4  0 -3  1    5  17   1   4   1   1   9   1   4   2   6   3   1   0   3   6  24   1   1   9  0.37 0.36
   84 V    0 -2 -3 -2 -2 -3 -2 -2  0  3  2 -4  2  2 -4 -3 -1 -1  0  3    9   2   1   2   1   1   2   3   2  15  16   1   4   8   1   2   3   1   3  23  0.37 0.28
   85 S   -2  2 -2 -1 -2 -1  1 -1  1  0  0 -2 -2 -3 -1  0  3  3 -1  2    3  10   1   4   1   3   9   4   4   4   8   2   1   1   3   5  17   4   2  15  0.19 0.23
   86 F    0 -3 -2 -3 -4 -3 -1 -1 -2  1  1 -2  1  1 -2 -1  4  2 -2  2    7   1   1   1   0   1   5   6   1   9  11   2   3   5   2   5  23   2   1  13  0.28 0.28
   87 E   -1  1  0  1 -4  0  1  0  1 -2 -2  0 -1 -2 -1 -1  2 -5 -2  1    4   9   5   8   0   4  11   6   4   2   4   6   1   1   3   4  15   0   2   9  0.15 0.18
   88 Y    1  0  0 -1 -3  0 -1 -1 -1  0  0  1  2  0  2 -1  0  2 -1  0   11   5   4   3   0   3   4   4   1   4  11   8   6   5  10   3   8   3   2   5  0.08 0.12
   89 Q    0 -1  2  2 -2 -1  0  3 -1 -3 -4 -2  3 -3  2  1 -1 -5 -2 -3    7   4   8  11   1   3   6  20   1   1   1   2   8   1   9   9   3   0   2   1  0.33 0.30
   90 G   -2 -3  0  3 -7 -1 -1  6 -6 -7 -5 -4 -1 -7 -2 -1 -3 -7 -7 -4    3   2   4  14   0   2   5  55   0   0   1   1   2   0   2   6   2   0   0   1  1.20 0.70
   91 R    0  1 -1 -2  0  2  0  2  2 -3 -3  1  0 -2  0  0  1 -5 -1 -1    8   8   2   1   2  10   5  14   4   1   2   9   3   2   6   8   9   0   2   4  0.18 0.20
   92 K    1  3 -2 -1 -3  0  0  1 -1 -2 -4  0 -2 -3  2  0  1 -1 -3 -1   11  14   2   4   1   4   6  11   1   3   1   6   1   1  12   7   9   1   1   5  0.23 0.24
   93 T    0 -3 -4 -1  0 -1 -2 -3 -3  1  0 -2  4  1 -2 -1  1 -2  0  3    9   1   0   3   2   3   2   2   1   8   8   3  11   7   2   5   7   1   3  24  0.31 0.27
   94 V   -1  2 -1  1 -2 -1  2 -3  0 -1 -2 -1 -2 -2 -2  0  3 -5 -2  1    5  13   3   7   1   2  12   2   2   3   5   3   1   1   2   7  22   0   1   9  0.27 0.28
   95 V    0 -3 -4 -5 -3 -2 -4 -3 -4  4  2 -5  3  3 -4 -3  0  1 -1  3    7   2   1   1   1   2   1   2   0  22  16   0   8  11   1   1   5   2   2  17  0.56 0.37
   96 A    0  3  0  3 -3 -1  3 -2  3 -3 -4 -2 -2 -3 -1  0 -1 -6 -2 -2    8  15   5  18   0   2  18   3   7   1   1   1   1   1   3   6   4   0   1   3  0.44 0.37
   97 P   -1 -5 -4 -3  2 -5 -3  4 -2  1 -1 -5  0  1  2 -2 -1 -5 -1  2    5   0   0   1   4   0   1  29   1   9   4   0   2   6  11   3   4   0   3  16  0.49 0.37
   98 I    0 -6 -6 -4  1 -5 -5 -5 -6  5 -1 -5  2 -1  1 -3 -1  0 -2  4    9   0   0   1   3   0   0   1   0  30   6   0   5   3   8   2   3   2   1  26  0.81 0.49
   99 D   -1 -5 -1  6 -4 -3  0 -3 -1 -4 -2 -5  2  2 -4 -1 -1 -1 -4 -1    5   0   2  44   0   1   7   2   2   1   4   0   5   9   1   5   4   1   0   5  0.88 0.57
  100 H   -3 -3 -4 -5 -3 -3 -4 -6  3  2  0 -5 -1  2 -6 -4  2  1 -1  5    2   2   1   1   0   1   1   0   6  12   9   0   1   9   0   1  10   2   2  40  0.85 0.52
  101 F   -3 -3 -6 -7 -1 -4 -5 -6  0  1  1 -6  6  5 -4 -5 -4  1  5  0    3   2   0   0   1   1   1   1   2   8  13   0  19  22   1   1   1   2  18   5  1.07 0.60
  102 R   -2  5 -3 -1 -3 -1  4 -5 -1 -4 -4  0 -5 -6 -5 -3  3 -6 -6  0    3  32   1   3   1   2  22   1   2   1   1   5   0   0   0   1  17   0   0   8  0.88 0.59
  103 F   -2 -5 -6 -5 -3 -4 -6 -7 -2  1  1 -6 -1  7 -5 -4 -2 -2  2  3    4   1   0   1   0   1   0   0   1   8  11   0   2  40   1   1   2   0   7  19  1.17 0.62
  104 N   -2 -3  4  7 -6 -3 -2  0 -2 -4 -6 -4 -5 -6 -5 -2 -1 -6 -5 -5    4   1  20  51   0   1   2   7   1   1   1   1   0   0   1   3   4   0   0   1  1.43 0.72
  105 G    2  0 -3  4 -6 -2  4  1 -2 -5 -4 -3 -4 -7  1 -1 -3 -7 -6 -4   19   5   1  23   0   1  22  10   1   0   1   1   0   0   6   5   1   0   0   1  0.69 0.50
  106 A    1 -2  1  5 -6  1  3 -2  0 -6 -6 -3 -4 -5 -4  0 -1 -7 -4 -3   13   3   6  35   0   6  16   3   3   0   0   1   0   0   0   7   3   0   0   2  0.81 0.54
  107 G   -2 -5 -3 -4 -1 -5 -5  7 -5 -8 -3 -6 -7 -6 -6 -4 -5  3 -5 -8    3   1   1   1   1   1   1  80   0   0   4   0   0   0   0   1   0   3   0   0  2.09 1.01
  108 K   -4  5 -4 -4 -7  0 -2 -6 -1 -6  3  5 -5 -5 -5 -4 -4 -7 -6 -4    1  28   1   1   0   4   2   0   1   0  24  35   0   0   0   1   1   0   0   1  1.20 0.71
  109 V   -2 -8 -8 -8 -6 -8 -8 -5 -8  8 -1 -8  0  0 -5 -7 -5 -8 -6  2    3   0   0   0   0   0   0   1   0  71   5   0   2   3   1   0   0   0   0  13  2.06 0.93
  110 V    3  1 -3 -2 -1  1 -1 -3  0 -1 -2 -1 -3 -5 -5  0  3 -6 -5  2   25   7   0   2   1   7   4   2   2   3   2   2   0   0   0   6  19   0   0  15  0.44 0.39
  111 S    1  3 -1 -2 -4 -1  3 -2  4 -5 -4 -1 -3 -2 -5  3  0 -3 -3 -4   12  14   2   2   0   2  18   3   9   0   2   2   0   2   0  25   5   0   1   1  0.55 0.45
  112 M   -2  0 -4 -7 -4 -1 -4 -5  1  0  4 -3  7 -2 -6 -4 -1 -1 -1  1    3   5   1   0   0   3   1   0   3   4  33   2  26   1   0   1   4   1   2  10  0.88 0.54
  113 R   -1  7 -3 -1 -4  1 -3 -6 -1 -4 -4  2 -4 -4 -6 -1  0  2  0 -5    4  50   1   4   0   7   2   0   2   1   2  10   0   1   0   4   5   3   4   1  1.11 0.66
  114 A    6 -4 -4  0 -5 -4 -2  1 -6 -3 -5 -4 -3 -7 -5  0  0 -7 -6  0   61   1   1   5   0   0   3   9   0   1   0   0   1   0   0   6   6   0   0   6  1.14 0.70
  115 L   -6 -7 -7 -8 -8 -7 -8 -8  4 -3 -5 -7 -4  6 -8 -7 -7  0  8 -2    1   0   0   0   0   0   0   0   8   1   1   0   0  28   0   0   0   1  56   3  2.55 1.11
  116 F   -9 -9 -10 -10 -9 -8 -9 -9 -8 -8 -4 -9 -7  3 -10 -6 -5 12  0 -6    0   0   0   0   0   0   0   0   0   0   2   0   0  12   0   1   1  82   3   1  4.38 1.60
  117 G   -1 -1  2  4 -6 -3  0  4 -1 -6 -6 -4 -5 -6 -5  1 -2 -6 -4 -6    3   4  11  24   0   1   7  34   2   0   0   0   0   0   0  12   2   0   0   0  0.86 0.48
  118 E    0  0 -4 -1 -5  1  1 -4 -3 -3 -2 -2  3 -3  6 -1  0 -1 -4 -3    7   5   0   3   0   6   8   1   1   1   4   1   8   1  42   5   5   1   1   2  0.88 0.49
  119 K    2 -3 -2  4 -4 -1  3 -1 -4 -4 -4 -2 -4 -5 -3  2  2 -6 -4 -2   22   0   1  21   0   2  18   4   0   0   1   2   0   0   1  13  12   0   0   2  0.56 0.39
  120 N    0 -4  4  6 -6  0 -1 -2 -4 -6 -5 -3 -2 -6 -1 -1  0 -7 -6 -3    8   0  22  48   0   3   2   2   0   0   0   1   1   0   2   4   5   0   0   2  1.10 0.54
  121 I   -3 -5 -6 -6 -4 -4 -5 -6 -5  3  2 -5  7 -1 -6 -5 -2 -5 -1  4    1   0   0   0   0   0   0   0   0  14  17   0  35   2   0   0   1   0   2  29  1.22 0.55
  122 H   -1  4  0 -2 -4  3  1 -3  3  0 -3  2  0 -4 -3 -1  0 -4 -3 -1    3  23   3   1   0  13   7   1   9   7   1  16   3   0   0   3   7   0   0   4  0.40 0.26
  123 A    4 -3 -3 -3 -3 -2 -3  0 -2  0 -1 -3  1  2  1  0  1 -4 -2  0   38   0   0   0   0   1   0   6   0   6   5   0   4  10   6   7  11   0   0   6  0.34 0.25
  124 G    2 -3 -2 -3 -3 -2 -2  5  0 -3  0  1 -2  1 -3 -2 -3 -3 -3 -2   18   0   0   0   0   0   1  49   3   0  10  10   0   8   0   0   0   0   0   1  0.60 0.24
  125 A    6 -3 -3 -3 -2 -2 -2 -1 -3 -3 -3 -2 -2 -3 -2  1 -1 -4 -3 -1   95   0   0   0   0   0   0   0   0   0   0   0   0   0   0   5   0   0   0   0  0.91 0.23
