    1 P   -7 -8 -8 -8 -9 -8 -7 -9 -9 -9 -9 -7 -9 -10  9 -7 -7 -10 -9 -9    0   0   0   0   0   0   0   0   0   0   0   0   0   0 100   0   0   0   0   0  3.75 1.33
    2 K   -2  1 -4 -5 -5 -1 -3 -6 -4 -2  3  6 -1 -3 -6 -3  0 -7 -5 -3    3   7   0   0   0   2   1   0   0   2  30  43   1   1   0   1   5   0   0   2  1.01 0.54
    3 V   -4 -8 -9 -9 -7 -8 -8 -9 -9  5 -3 -8 -5 -5 -8 -7 -6 -8 -7  7    1   0   0   0   0   0   0   0   0  31   2   0   0   0   0   0   0   0   0  66  2.23 0.89
    4 S   -4 -7 -6 -6 -5 -6 -6 -7 -7 -8 -8 -6 -8 -9 -7  8  2 -9 -8 -8    1   0   0   0   0   0   0   0   0   0   0   0   0   0   0  88  11   0   0   0  2.55 1.14
    5 V   -5 -9 -9 -9 -3 -8 -9 -9 -9  4 -4 -8 -5 -6 -8 -8 -6 -5 -7  7    1   0   0   0   1   0   0   0   0  22   0   0   0   0   0   0   0   0   0  76  2.40 0.96
    6 I   -3 -8 -8 -8 -1 -8 -8 -6 -8  7  2 -8 -2 -3 -8 -7 -6 -8 -4  4    2   0   0   0   1   0   0   1   0  58  15   0   1   1   0   0   0   0   0  21  1.81 0.75
    7 M   -7 -8 -8 -9 -7 -7 -8 -9 -8  6  3 -8  8 -5 -8 -7 -2 -8 -7  0    0   0   0   0   0   0   0   0   0  34  21   0  38   0   0   0   3   0   0   4  2.02 0.84
    8 T   -2 -8 -7 -7 -2 -7 -7 -2 -6 -7 -7 -5 -8 -7  8  1  1 -9 -9 -5    4   0   0   0   1   0   0   3   0   0   0   1   0   0  72   9   9   0   0   1  2.29 1.01
    9 S    2 -6 -2 -7  1 -6 -6 -6 -7  0 -4 -6 -3 -5 -6  1  4 -7 -6  5   17   0   2   0   3   0   0   0   0   4   1   0   1   0   0  12  21   0   0  40  1.08 0.60
   10 Y   -9 -5 -9 -10 -6 -7 -9 -10  1 -8 -8 -7 -8  3 -10 -9 -9 -4 10 -8    0   1   0   0   0   0   0   0   3   0   0   0   0   8   0   0   0   0  87   0  3.59 1.35
   11 N   -7 -6  9 -5 -10 -5 -7 -5 -6 -10 -10 -3 -9 -10 -9 -6 -7 -11 -9 -10    0   0  97   0   0   0   0   1   0   0   0   1   0   0   0   0   0   0   0   0  3.52 1.36
   12 K    3  3 -1 -4  3 -3 -3  3  3 -5 -5  1 -3 -6 -5  0 -2 -6 -3 -1   23  15   2   0   6   1   1  20   6   0   0   7   1   0   0   7   3   0   1   5  0.57 0.38
   13 S    3 -4 -4 -2 -7  0  6 -1 -3 -5 -5 -3  1 -8  1  0 -5 -8 -7 -5   21   0   0   2   0   4  48   5   1   1   1   1   4   0   6   5   0   0   0   1  1.11 0.64
   14 D    0  2  1  1 -4  1  0 -3  0 -4 -3  5 -3 -5 -1 -1 -1 -3 -2 -4    9  12   5   8   0   5   7   2   2   1   3  31   0   0   3   5   4   0   1   1  0.51 0.34
   15 Y   -7 -6 -7 -5 -6 -6 -8 -6  0 -3 -1 -6 -4  5 -8 -4  2 -2  8 -4    0   0   0   1   0   0   0   1   2   2   6   0   0  23   0   1  11   0  50   1  1.98 0.86
   16 V   -6 -8 -9 -9 -6 -8 -8 -9 -8  6  5 -8 -2 -5 -8 -8 -5 -8 -6  3    0   0   0   0   0   0   0   0   0  41  43   0   0   0   0   0   0   0   0  16  1.76 0.75
   17 A    2  2 -1 -1 -2  0  1  1 -1 -4 -3  2 -3 -4  2  1 -2 -4 -3 -2   16  11   2   3   1   4   9  10   1   1   3  15   0   1   9   8   2   0   1   2  0.28 0.23
   18 K    0  2 -2  1 -3  3  5 -5 -3 -5 -4  2 -5 -4 -4 -3 -2 -5 -3 -5    7  10   1   8   1  12  40   0   1   1   2  11   0   1   1   2   2   0   1   1  0.88 0.52
   19 S    6 -7 -6 -7  1 -6 -6 -5 -7 -6 -7 -6 -6 -8 -6  3  4 -8 -7 -3   54   0   0   0   3   0   0   0   0   0   0   0   0   0   0  18  23   0   0   2  1.58 0.81
   20 I   -7 -8 -9 -9 -7 -8 -9 -9 -9  8  2 -8 -1 -5 -8 -8 -6 -5 -7  3    0   0   0   0   0   0   0   0   0  66  15   0   1   0   0   0   0   0   0  17  2.13 0.85
   21 S   -2 -1  1  4 -4  2  5 -3 -2 -5 -5  1 -5 -6 -5 -2 -3 -4 -5 -7    3   4   7  23   0  10  37   2   1   1   1   8   0   0   0   2   1   0   0   0  1.00 0.55
   22 S   -5 -7 -5 -7 -4 -7 -7 -6 -8 -9 -9 -7 -8 -9 -7  8 -3 -10 -8 -8    0   0   0   0   0   0   0   0   0   0   0   0   0   0   0  97   2   0   0   0  2.88 1.27
   23 I   -3 -8 -9 -9 -3 -8 -8 -9 -9  6 -2 -8 -1 -6 -8 -7 -5 -8 -7  6    2   0   0   0   1   0   0   0   0  41   3   0   1   0   0   0   1   0   0  52  2.04 0.84
   24 L   -7 -4 -9 -9 -5 -2 -7 -9 -8  1  7 -6 -1  0 -8 -8 -7 -4 -6 -2    0   1   0   0   0   2   0   0   0   6  82   1   1   3   0   0   0   0   0   2  1.93 0.84
   25 S    2  0  6  1 -1  1  0 -1  0 -6 -5  0 -3 -6 -5  1 -1 -4 -5 -5   17   4  32   7   1   5   5   4   2   0   1   6   1   0   0  11   3   0   0   1  0.71 0.44
   26 Q   -8 -6 -7 -7 -10 10 -5 -9 -7 -10 -9 -6 -8 -11 -8 -7 -8 -9 -9 -9    0   0   0   0   0 100   0   0   0   0   0   0   0   0   0   0   0   0   0   0  3.82 1.54
   27 T   -6 -6 -3 -2 -7 -7 -6 -6 -8 -6 -7 -6 -6 -8 -7  3  8 -9 -7 -6    0   0   1   3   0   0   0   0   0   0   0   0   0   0   0  19  74   0   0   0  2.29 1.05
   28 F   -7 -7 -7 -8 -2 -8 -7 -9  0 -5 -2 -7 -2  7 -9 -8 -7 -2  8 -5    0   0   0   0   1   0   0   0   2   1   3   0   1  42   0   0   0   0  47   1  2.55 1.02
   29 S   -1  1 -1  0 -3  3  0 -2 -2 -4 -4  3 -4 -6  0  2  3 -6 -4 -4    4   7   2   4   1  13   6   3   1   1   1  16   0   0   6  14  20   0   0   1  0.49 0.37
   30 D   -6 -5  6  7 -7 -4 -1 -6  1 -8 -7 -4 -8 -6 -7 -3 -6 -10 -6 -8    0   1  34  53   0   1   3   0   3   0   0   1   0   0   0   2   0   0   0   0  2.07 0.90
   31 F   -8 -9 -9 -10 -8 -9 -9 -9 -7  0  0 -8 -2  8 -10 -8 -8  8  1 -5    0   0   0   0   0   0   0   0   0   6  10   0   1  62   0   0   0  17   4   1  2.54 0.98
   32 E   -8 -6 -6 -4 -10 -3  8 -9 -7 -8 -10 -5 -9 -10 -8 -6 -6 -10 -9 -8    0   0   0   1   0   1  97   0   0   0   0   0   0   0   0   0   0   0   0   0  3.09 1.29
   33 L   -5 -7 -8 -9 -3 -7 -8 -9 -7  4  5 -8 -1  5 -8 -7 -6 -6 -4  2    0   0   0   0   0   0   0   0   0  17  48   0   1  20   0   0   0   0   0  11  1.46 0.65
   34 F   -7 -8 -9 -9 -7 -8 -9 -9 -9  7  3 -8 -3  1 -8 -7 -6 -2 -5  0    0   0   0   0   0   0   0   0   0  60  28   0   0   5   0   0   0   1   0   5  1.96 0.80
   35 I   -3 -8 -9 -9 -3 -8 -9 -9 -9  7 -1 -8 -1 -6 -8 -8 -6 -8 -7  4    2   0   0   0   1   0   0   0   0  62   6   0   1   0   0   0   0   0   0  29  2.13 0.86
   36 M   -4 -8 -8 -8  2 -7 -8 -8 -8  6 -1 -7  3 -4 -8 -5 -2 -3 -5  5    1   0   0   0   4   0   0   0   0  40   5   0   7   0   0   1   2   0   0  39  1.61 0.70
   37 D   -8 -8  5  8 -10 -6 -4 -7 -7 -10 -10 -7 -9 -10 -8 -5 -7 -11 -6 -10    0   0  25  74   0   0   1   0   0   0   0   0   0   0   0   0   0   0   0   0  2.76 1.12
   38 D   -6 -8 -1  9 -10 -7 -4 -6 -8 -10 -10 -7 -10 -10 -8 -7 -8 -11 -10 -10    1   0   2  96   0   0   1   1   0   0   0   0   0   0   0   0   0   0   0   0  3.30 1.28
   39 N    1 -5  0 -5  6 -6 -3  6 -1 -8 -8 -5 -6 -5 -5 -4 -6 -8 -5 -7   10   0   5   1  13   0   2  63   2   0   0   1   0   1   1   1   0   0   0   0  1.74 0.77
   40 S   -5 -6 -5 -7 -4 -7 -7 -6 -8 -9 -9 -7 -8 -9 -6  8 -4 -10 -8 -8    0   0   0   0   0   0   0   0   0   0   0   0   0   0   0  97   1   0   0   0  2.89 1.27
   41 N   -5 -2  2 -3 -3  0 -3 -5 -4 -3 -6 -1 -5 -6 -1  1  7 -6 -5 -3    0   2   8   1   1   4   2   1   0   2   0   4   0   0   4  11  56   0   0   2  1.28 0.70
   42 E   -5 -6 -4  9 -10 -5 -1 -7 -8 -8 -10 -4 -10 -7 -4 -6 -7 -11 -10 -10    1   0   0  91   0   1   4   0   0   0   0   1   0   0   1   0   0   0   0   0  2.99 1.19
   43 E   -2  2  5  2 -3  0  2  2  0 -6 -5  1 -5 -6 -5  1 -3 -7 -5 -6    3  11  27  10   0   4  11  13   2   0   1   7   0   0   0  10   1   0   0   0  0.68 0.41
   44 T   -5 -7 -6 -7 -4 -7 -7 -6 -8 -2 -7 -7 -7 -7 -7  4  7 -9 -8 -5    0   0   0   0   0   0   0   1   0   3   0   0   0   0   0  30  64   0   0   1  2.16 1.08
   45 L    1  0 -3 -2 -1  0  0 -2 -2  1  1  0 -1 -2  1 -1 -1  2  0  1   11   5   0   2   1   5   8   3   1   6  17   7   1   1   7   3   2   4   4  12  0.11 0.14
   46 N    1 -3  1  3 -5  2  5 -3  0 -6 -6  1 -5 -4 -5 -1 -2 -3 -5 -6   11   1   6  13   0   8  38   2   2   0   1   9   0   1   0   5   2   0   0   0  0.82 0.52
   47 V   -4 -5 -7 -8 -4 -5 -5 -9 -6  7  0 -2 -1 -4 -8 -7 -5  3 -3  3    2   1   0   0   0   0   1   0   0  58   8   3   2   1   0   0   1   4   1  19  1.65 0.75
   48 I    0 -8 -8 -8  2 -7 -8 -8 -8  6  3 -7  0 -4 -8 -6 -5 -5 -6  3    7   0   0   0   5   0   0   0   0  42  24   0   2   0   0   0   0   0   0  19  1.42 0.67
   49 R   -1  2  1 -1 -3  4  2 -4  0 -5 -3  4 -2 -5 -5  1 -1 -6 -5 -3    6  11   7   4   1  15  13   1   2   0   3  22   1   0   0   9   3   0   0   2  0.55 0.39
   50 P   -1  1  0 -1 -5  3  2 -1  0 -6 -5  2 -4 -5  1  3  0 -4 -4 -5    5   7   4   3   0  11  12   4   2   0   1  12   0   0   7  25   5   0   1   0  0.49 0.39
   51 F   -4 -5 -5 -5 -3 -3 -5 -5 -2 -1 -1 -3 -3  6 -5 -4 -4 -1  8 -4    2   1   1   1   1   1   1   1   1   4   5   2   1  27   1   1   1   1  48   1  1.83 0.72
   52 L    2 -1 -1 -2 -1  0 -1 -1 -2  2  1 -1  1 -1 -2  0 -1 -2 -2  0   18   4   2   2   1   4   4   6   1  15  15   4   3   2   2   6   3   0   1   6  0.11 0.10
   53 N   -2  0  3  2 -5  2  0 -2  1 -5 -4  4 -4 -4 -3  0  1 -5 -4 -4    4   4  13  11   0   8   6   3   3   1   1  26   0   1   1   7  10   0   0   1  0.53 0.36
   54 D   -5 -6 -2  8 -6 -5 -2 -5 -2 -6 -6 -4 -6 -6 -4 -5 -5 -7 -4 -6    1   0   2  85   0   0   2   1   1   0   1   1   0   0   1   1   1   0   1   1  2.60 1.03
   55 N   -1 -1  2  0 -4 -1  1 -3 -1 -4 -4  1 -4 -5  5  3 -1 -5 -4 -4    4   4   8   6   0   3  10   2   2   1   1  10   0   0  25  19   3   0   1   1  0.62 0.40
   56 R   -7  9 -4 -7 -8 -3 -6 -8 -3 -5 -7  0 -7 -8 -7 -6 -6 -5 -7 -8    0  89   1   0   0   1   0   0   1   1   1   4   0   0   0   0   0   0   0   0  2.93 1.21
   57 V   -6 -8 -8 -8 -4 -8 -8 -8 -8  8  0 -8 -2 -3 -8 -7 -6 -8 -7  3    0   0   0   0   0   0   0   0   0  72   7   0   1   1   0   0   0   0   0  16  2.28 0.93
   58 R   -5  6 -3 -5 -2  1 -3 -6  2  0 -5  5 -5 -5 -6 -4 -2 -7 -3 -1    1  34   1   0   1   6   1   0   4   6   1  32   0   0   0   1   3   0   1   5  1.16 0.61
   59 F   -3 -5 -6 -7 -1 -6 -6 -7 -3  3  3 -4 -3  2 -3 -4 -3 -3  6  2    2   1   0   0   1   0   0   0   0  13  26   1   0   8   1   2   1   0  27  15  1.01 0.52
   60 Y   -5 -6 -6 -6 -4 -6 -5 -7 -1  6  2 -5 -1  4 -5 -5 -4 -3  4  1    1   0   0   0   0   0   1   0   2  39  15   1   1  16   1   1   1   0  12  10  1.18 0.55
   61 Q   -3  4  1 -2 -1  2  0 -4  3 -3 -4  2 -4 -1 -2  2 -1 -2  2 -3    1  19   6   2   2   9   5   1   7   1   1  13   0   2   2  16   4   0   7   2  0.47 0.33
   62 S   -4  0  6 -4 -2  5 -3 -4  3 -4 -2 -1 -4 -1 -4  0 -3 -5  2 -5    1   5  31   1   1  25   1   1   5   1   4   4   0   3   1   7   1   0   6   1  0.97 0.55
   63 D   -1 -1  0  2 -4  1  5 -2 -3 -4 -4  2 -3 -3  2 -1 -1 -4 -3 -4    6   3   3   9   0   5  35   3   1   1   2  11   0   1  10   5   4   0   1   1  0.59 0.36
   64 I   -2 -2  6 -2 -2 -1 -2 -2  2  1 -2 -1 -1 -1 -2 -2  0 -3 -2  1    3   2  39   2   1   2   3   3   5   7   3   3   1   3   2   3   7   0   1   8  0.67 0.28
   65 S    0  2  1 -1 -1  3  0  0  0 -1 -1  1 -1 -1 -1  0 -1 -2 -1 -1    8  11   6   3   1  15   4   8   2   4   5   8   2   2   3   8   3   1   2   4  0.13 0.08
   66 G   -1 -2 -1  0 -2 -1 -1  5  1 -2 -1 -1 -2 -1 -1 -1 -1 -2 -2 -1    4   3   3   5   1   3   3  42   3   3   5   4   1   3   3   4   5   1   2   4  0.48 0.16
   67 V    0 -1 -1 -1 -1 -1 -1 -1 -1  1  1 -1  0 -1  0 -1  0 -1 -1  2    8   4   3   3   1   3   4   5   1   7  19   4   2   2   4   4   5   1   2  17  0.06 0.04
   68 K    0  0  0  0 -1  0  0  0  0  0  0  0  0 -1  1  0  0  0  0  0    8   4   5   5   2   4   8   7   2   6   8   7   2   3   7   8   6   1   3   6  0.03 0.00
   69 E    0  0  0  0  0  0  1  0  0  0  0  0  0  0  0  0  0  0  0  0    8   5   5   6   2   4  11   6   3   5   7   6   2   3   4   6   6   1   3   7  0.03 0.00
   70 R    0  1  0  0 -1  0  0  0  1 -1  0  0  0  0  0  0  0  0  0  0    7  12   5   5   2   4   5   6   3   4  10   6   2   4   5   6   5   1   3   5  0.03 0.01
   71 T    0  0  0  0 -1  0  0  0  0  0  0  0  0  0  1  0  0  0  1  0    7   6   5   4   2   4   5   7   2   4   9   6   2   3   5   9   8   1   5   6  0.02 0.00
   72 E    0  1 -1 -1 -1  2  2 -1 -1 -2 -1  3 -1 -1  0  0  0 -2 -1 -1    6   7   3   3   1   8  12   5   2   3   5  22   2   2   4   5   4   1   2   4  0.19 0.09
   73 K   -2 -1  7 -2 -2 -1 -2 -2 -2 -2 -2  0 -2 -3 -2 -1  0 -1 -2 -2    4   4  48   2   1   2   3   3   1   3   4   6   1   2   2   4   7   1   1   3  0.91 0.33
   74 T   -1  1 -1 -1 -1  1  0 -2 -1  0  2  1  1 -1 -1  0  1 -2 -1  0    5   8   3   2   1   7   4   3   2   5  20   8   4   2   2   8   8   1   2   6  0.08 0.07
   75 R   -2  2 -1 -2 -3 -2 -2  5  0 -2 -2  0 -2 -2 -2 -2 -2 -1 -2 -2    3  12   3   3   1   2   3  43   2   2   4   6   1   2   2   3   3   1   1   3  0.64 0.25
   76 Y    0 -1 -2 -2 -2  0 -2 -1 -2  2  2 -2 -1 -1  0 -1 -2 -2  3  0    9   3   2   2   1   4   3   5   1  13  23   2   1   2   5   4   2   0  10   6  0.17 0.12
   77 A    4 -4 -2 -4  1 -2 -3 -1 -5  1 -4 -4 -3 -4  0  3 -1 -5 -4  1   36   0   2   1   3   2   1   4   0   9   1   1   0   1   4  20   3   0   1  11  0.64 0.41
   78 A    3 -1 -1 -3 -3 -3 -1  1 -2 -1 -3  1 -3 -1 -2  0  1 -3  2  1   26   3   3   1   0   1   4   9   1   3   2  10   0   2   2   6   8   0   8  11  0.26 0.24
   79 L    5 -3 -1 -6 -2 -5 -5 -4 -6 -5 -1 -5 -4 -6 -4  3  3 -4 -6 -4   41   1   3   0   1   0   0   1   0   1   8   0   0   0   1  23  19   0   0   1  1.06 0.64
   80 I   -4  6 -6 -6 -6 -5 -6 -7 -5  1  4 -4 -1 -4 -7 -5 -3 -2 -5 -4    1  43   0   0   0   0   0   0   0   8  39   1   1   0   0   1   2   1   0   1  1.48 0.74
   81 N   -7 -7  9 -4 -9 -6 -6 -7 -5 -9 -7 -7 -6 -9 -8 -6 -5 -9 -6 -8    0   0  95   1   0   0   0   0   0   0   1   0   0   0   0   0   1   0   0   0  3.46 1.40
   82 Q   -2  3 -1 -1 -3  0  2 -5  1  0  0  3 -2 -1 -5 -3  2 -4  0 -2    3  18   3   3   1   4  12   0   4   6   9  15   1   2   0   1  13   0   4   3  0.35 0.29
   83 A    3 -7 -5 -7  3 -5 -7  7 -7 -5 -3 -5 -1 -8 -7 -4 -4 -4 -8 -6   20   0   0   0   6   0   0  64   0   1   3   0   2   0   0   1   1   0   0   1  1.76 0.83
   84 I   -6 -8 -6 -8 -2 -8 -8 -9 -8  7  4 -8  0  1 -8 -7 -5 -7 -5 -1    0   0   0   0   1   0   0   0   0  52  33   0   2   6   0   0   1   0   0   4  1.74 0.77
   85 E    1  3  0  1 -5  1  2 -3 -2 -4 -3  2 -2 -5 -1  1 -1 -6 -3 -4   10  16   5   8   0   6  14   2   1   1   2  14   1   0   3  11   4   0   1   1  0.39 0.30
   86 M    0  1  0 -3 -3  1  1 -5  4  0  2  1  1 -2 -5 -2 -3 -5  0 -1    7   6   5   1   1   7  11   0  11   5  23  10   4   2   0   2   1   0   3   3  0.35 0.29
   87 A    6 -7 -7 -7  2 -6 -7 -5 -7 -2 -6 -6 -4 -8 -7  3 -2 -8 -7 -3   69   0   0   0   4   0   0   1   0   2   1   0   1   0   0  18   3   0   0   2  1.77 0.91
   88 E   -3  4  0 -3 -2  4 -2 -4 -2 -5 -5  4 -4 -7 -6  1  2 -7 -6 -4    1  22   5   1   1  15   3   1   1   1   1  27   0   0   0   9  11   0   0   1  0.90 0.55
   89 G   -2 -7 -7 -8 -4 -8 -8  8 -5 -10 -10 -8 -9 -10 -9 -2 -4 -4 -7 -9    3   0   0   0   1   0   0  91   0   0   0   0   0   0   0   3   1   0   0   0  2.68 1.14
   90 E   -3  1 -2  2 -5  0  6 -6 -5 -6 -8  4 -4 -7 -2 -4 -3 -8 -7 -5    2   6   2  12   0   4  45   0   0   0   0  21   0   0   3   1   2   0   0   1  1.26 0.70
   91 Y   -9 -9 -9 -10 -9 -8 -9 -10 -5 -4  0 -9 -7  3 -10 -9 -8  4  9 -6    0   0   0   0   0   0   0   0   0   1   9   0   0  12   0   0   0   4  73   1  2.98 1.24
   92 I   -7 -9 -9 -9 -7 -9 -9 -10 -9  8  0 -9 -4 -2 -9 -8 -6 -5 -5  2    0   0   0   0   0   0   0   0   0  77   9   0   0   2   0   0   0   0   0  11  2.43 1.00
   93 T    7 -7 -6 -8  3 -7 -7 -4 -8 -5 -7 -5 -3 -7 -7  0  0 -5 -8 -3   76   0   0   0   5   0   0   1   0   1   0   1   1   0   0   7   6   0   0   2  1.89 0.94
   94 Y   -6  6 -5 -7 -6 -4 -6 -6 -4  0  0 -4 -4  6 -2 -6 -6  3  3 -2    0  35   1   0   0   1   0   1   0   5   8   1   0  31   3   0   0   4   8   2  1.39 0.70
   95 A   -3 -7 -6 -8 -2  0 -7 -8  0  2  5 -7  8 -2 -8 -6 -3 -7 -6 -3    3   0   0   0   1   5   0   0   3   9  42   0  33   1   0   0   2   0   0   1  1.62 0.78
   96 T   -5 -8 -1  8 -5 -6 -5 -5 -1 -9 -9 -7 -9 -9 -8 -2  1 -10 -9 -9    1   0   2  82   0   0   0   1   2   0   0   0   0   0   0   4   7   0   0   0  2.61 1.13
   97 D    5 -6 -4  3  0 -1 -5  1  1 -6 -7 -5 -6 -7 -5  4 -4 -8 -7 -6   38   0   0  13   2   3   0   9   3   0   0   0   0   0   0  30   0   0   0   0  1.16 0.69
   98 D   -8 -8 -5  9 -10 -7 -5 -8 -8 -10 -10 -7 -10 -10 -8 -7 -8 -10 -10 -10    0   0   0  99   0   0   0   0   0   0   0   0   0   0   0   0   0   0   0   0  3.54 1.42
   99 N   -8 -8  1  9 -9 -7 -5 -7 -7 -9 -10 -7 -9 -10 -8 -6 -2 -10 -9 -7    0   0   6  89   0   0   0   0   0   0   0   0   0   0   0   0   3   0   0   0  3.01 1.26
  100 I   -3 -3 -6 -7 -2 -3 -1 -7 -5  6  3 -4  1 -1 -6 -5 -3 -1  1  2    2   2   0   0   1   1   5   0   0  39  23   1   3   2   0   1   1   1   4  13  0.95 0.49
  101 Y    1 -8 -5 -8  3 -7 -7 -6 -5 -6 -5 -7  1  2 -8  3 -6 10  3 -7   13   0   0   0   6   0   0   0   0   0   1   0   3   7   0  21   0  38   8   0  2.03 0.94
  102 M   -2  0 -3 -2 -2 -2  0 -6  4 -1  3 -1  2  1 -4 -3  0 -1  2  0    4   5   1   2   1   1   7   0   8   2  32   3   6   6   1   1   7   1   7   5  0.40 0.30
  103 P   -3 -3 -3 -4 -7 -4 -2 -6 -4 -6 -4  0 -6 -7  8 -1 -4 -9 -8 -4    2   2   2   1   0   1   3   1   1   1   2   6   0   0  70   6   1   0   0   2  2.06 0.99
  104 D   -5 -2  2  5 -5  2  4 -2  1 -5 -6 -1 -4 -6 -5 -1  2 -4 -3 -6    0   2  10  28   0   7  23   3   3   1   1   3   0   0   0   4  12   0   1   0  0.88 0.53
  105 R   -4  7 -3 -7 -6 -4 -6 -8 -5 -9 -8  6 -6 -3 -8 -6 -7 -2 -8 -9    2  51   1   0   0   0   0   0   0   0   0  43   0   1   0   0   0   1   0   0  2.26 1.04
  106 L   -7 -8 -9 -9 -5 -8 -9 -9 -8  2  6 -8 -2  4 -9 -8 -6 -7 -6 -3    0   0   0   0   0   0   0   0   0  10  72   0   1  15   0   0   0   0   0   1  1.95 0.88
  107 L    2 -2 -4 -3 -8  2  6 -4 -5 -6 -5  1 -3 -6 -7 -1 -4 -8 -6 -7   15   2   0   1   0   8  56   2   0   0   1   7   1   0   0   5   1   0   0   0  1.39 0.78
  108 K   -2  3 -4 -4 -5  0  0 -7 -3 -1 -1  6  0 -6 -6 -3 -1 -5 -4 -2    4  13   0   1   0   4   6   0   1   3   7  48   2   0   0   1   4   0   0   4  1.02 0.59
  109 M   -6 -5 -7 -6 -4  9 -1 -8  2 -9 -6 -5  4 -10 -8 -6 -7 -9 -8 -8    0   0   0   0   1  80   3   0   4   0   1   0   9   0   0   1   0   0   0   0  2.88 1.32
  110 V   -1 -7 -6 -8 -4 -7 -7 -8 -5  3  1 -5  2 -1 -7 -4 -4 -2  1  6    5   0   0   0   0   0   0   0   0  15  13   1   4   3   0   1   1   1   4  52  1.30 0.64
  111 R    2  1  2  2 -3  2  3 -3  0 -4 -4  2 -4 -4 -4  0 -1 -6 -3 -4   19   6  10  11   1   9  15   1   2   1   2  12   0   1   0   6   3   0   1   1  0.45 0.35
  112 E    0 -5 -7 -8  3 -4 -4 -7  2 -1 -1 -5 -2  7 -8 -6 -4 -2  5  1    7   1   0   0   5   1   1   0   5   3   7   1   1  41   0   0   1   1  18   8  1.37 0.66
  113 L   -4 -8 -9 -9 -7 -7 -9 -9 -8 -2  6 -8  6  4 -9 -7 -6 -3 -6 -4    1   0   0   0   0   0   0   0   0   2  63   0  19  13   0   0   0   0   0   1  1.91 0.88
  114 D   -4 -2  2  5 -6  2  5 -6 -1 -4 -4  0 -4 -6 -6 -3 -3 -8 -7 -6    1   2   8  26   0   9  37   0   2   1   2   6   0   0   0   2   2   0   0   1  1.13 0.64
  115 T    1  1  3  0 -3  2  2 -3 -1 -5 -4  3 -3 -6 -5  2  0 -7 -6 -5   14   6  13   4   1  10  14   1   1   0   2  15   1   0   0  13   5   0   0   0  0.50 0.38
  116 H   -5 -2  6  0 -4 -1 -3 -5  8 -7 -5 -2 -7 -4 -7 -1 -4 -8  0 -8    1   3  40   5   1   3   2   1  32   0   1   2   0   1   0   6   1   0   3   0  1.76 0.83
  117 P   -3 -3 -3 -3 -7  0 -3 -5 -4 -6 -4  0 -5 -8  8  0 -2 -8 -7 -6    2   2   1   2   0   4   2   1   1   1   2   6   0   0  67   6   2   0   0   1  1.92 0.93
  118 E   -3 -3  2  5 -8  1  5 -2  1 -8 -6  0 -5 -5 -6  0 -2 -8 -5 -7    2   1   9  26   0   6  33   4   3   0   1   5   0   0   0   6   3   0   0   0  0.99 0.58
  119 K    1 -5 -6 -7  2 -6 -6 -6  0  4 -1 -5 -2  0 -5 -4 -2 -6  4  4   11   0   0   0   4   0   0   1   3  24   5   1   1   3   0   1   3   0  13  30  0.93 0.51
  120 A    1 -5 -3  3 -3 -1 -2  5 -1 -2 -4 -3 -1 -2 -5  0 -3 -5 -5  1   13   0   1  15   0   3   2  39   1   2   1   2   2   2   0   5   1   0   0   8  0.71 0.45
  121 V    1 -7 -8 -8 -1 -5 -7 -6 -7  3  3 -7  3  2 -7 -6 -5 -4 -5  5   11   0   0   0   2   0   0   0   0  17  26   0   6   7   0   0   0   0   0  31  1.06 0.55
  122 I   -1 -8 -7 -8  7 -7 -8 -7 -8  1  0 -7 -5 -6 -8  0 -3 -8 -5  6    6   0   0   0  20   0   0   0   0   7   8   0   0   0   0   8   1   0   0  49  1.52 0.74
  123 Y   -4 -6 -4 -5 -2 -2 -6  5  1 -8 -6 -7 -7  4 -8 -2 -5 -5  7 -7    1   0   1   1   1   2   0  39   4   0   0   0   0  15   0   3   1   0  32   0  1.66 0.81
  124 S   -1 -7 -3 -6  4 -5 -6  1 -6 -6 -8 -6 -5 -8 -7  5  5 -8 -8 -6    5   0   1   0   7   0   0  10   0   0   0   0   0   0   0  42  33   0   0   0  1.51 0.84
  125 A    0  0  1  1 -2  1 -2  1 -1 -6 -3 -1 -3 -1 -5  1 -4  8  1 -5    9   6   7   7   1   6   3  11   2   0   2   4   0   2   1   9   1  23   5   0  0.75 0.46
  126 S    1 -3 -3 -4  0  1 -1 -3 -2  2 -2 -4  2  2 -3  1  1  2  2  2   11   1   1   0   2   6   3   1   1  10   3   0   6   9   1  11  10   2   8  13  0.28 0.26
  127 K    0  1  0  1 -3  2  2 -3  1  1 -1  1  0 -2 -4 -1  0 -2  1 -1    6   8   3   6   0   8  13   1   3   9   6  10   2   1   0   3   6   0   6   5  0.15 0.16
  128 T   -2 -1 -2 -2  0 -2 -2 -4 -1  2  1 -2  0  3 -3 -3  1  3  2  3    2   4   2   2   2   1   2   1   2  12  14   2   2  11   1   1   8   5   6  18  0.31 0.23
  129 Y   -6 -4 -4 -5 -4 -7 -6 -8 -3  7 -2 -4  2  4 -8 -5 -4  1  1  2    0   1   1   1   0   0   0   0   1  51   4   2   4  18   0   1   1   2   4  11  1.47 0.69
  130 H   -5  0  2  6 -5 -3 -2  2  2 -5 -6 -2 -7 -2 -4 -2 -3 -4  0 -4    1   5   9  48   0   1   2  13   5   1   1   3   0   2   1   3   2   0   3   2  1.11 0.60
  131 L   -1 -1  0  1 -5  0  5 -1 -2 -1 -2  0 -2 -3 -1  0 -2 -4 -2  0    6   3   5   7   0   4  37   6   1   3   4   4   1   1   3   7   2   0   1   6  0.45 0.35
  132 N   -2  0  5  3 -5  1  1  1  1 -5 -5  0 -4 -4 -5  1 -1 -3 -4 -5    3   4  28  15   0   6   8  10   3   1   1   6   0   1   0   8   4   0   1   1  0.63 0.41
  133 D   -3 -1  2  2 -7 -1  1  5 -2 -5 -6  1 -6 -6 -3  0 -3 -7 -4 -3    1   3   8  13   0   2  10  40   1   1   1   7   0   0   1   7   2   0   1   3  0.76 0.46
  134 I   -2  1  0 -1 -1  1  1 -2  0  2  0  2  0 -1 -1 -1  0  0 -1  1    2   9   5   2   1   5   8   2   2  12   7  14   2   2   3   3   4   2   1  11  0.11 0.13
  135 V   -2  0 -1 -3 -2 -1 -1 -1 -2  3  1  0 -1  1  1 -1  0  2  1  2    2   5   2   0   1   2   4   4   1  17  11   6   1   7   7   5   7   3   4  13  0.15 0.15
  136 K   -1  1  1 -1 -1  0 -1  0  1  1  0  2 -1 -2 -1 -1  1 -2 -1 -1    3   9   7   4   1   3   3   8   3   8  11  15   1   2   2   4   9   1   2   4  0.08 0.11
  137 E   -1  1  0 -1 -4  1  2  1  1 -2 -3  2 -3 -3  2  0  0 -1  1 -3    3   7   4   3   0   6  17  10   4   2   2  13   0   1   9   5   7   1   5   2  0.24 0.23
  138 T   -1  1 -1  0 -2  0  0 -1  0  0 -1  0 -1  0  1  0  1 -2  0  0    4   8   2   5   1   5   6   4   3   6   7   7   1   5   8   7  12   0   4   6  0.06 0.07
  139 V   -1  0  0  0 -1 -1 -1 -1  0  1  0  0  0  0  0 -1  0 -2  1  1    3   4   6   5   1   3   4   5   2  12  10   8   1   5   6   4   5   0   6  12  0.04 0.07
  140 R   -3  4  1  0 -3  0  1 -2  3 -1 -1  2 -2 -1 -2  0 -2 -2  1 -3    1  21   6   6   1   4   9   4   8   4   6  12   1   2   2   6   2   1   4   1  0.30 0.25
  141 P   -2 -1  1  1 -3 -1  2 -2  3 -2 -4  1 -1 -2  5 -1 -1 -2 -2 -4    4   3   6   8   0   2  14   4   8   3   2   9   2   2  24   4   3   1   1   1  0.48 0.34
  142 A    1 -1  0  1  0 -1  1 -2  0  0 -1 -1 -1 -2  2  0  0  4 -1 -1   14   3   3   8   2   3   8   2   2   7   6   4   2   1  11   7   5   7   2   4  0.14 0.15
  143 A    0  0  0 -1 -1  0  0 -1 -1  2  0  1  0 -1 -1  1  1 -2  0  0    5   4   4   4   1   3   7   4   2  15   8  10   2   2   3   9   7   0   4   5  0.05 0.08
  144 Q   -2  2  1  1 -4  2  1 -1  3 -1 -3  3 -2 -2 -1 -1 -2 -2  2 -3    3  10   6   6   0  10   7   6   6   4   3  19   1   1   4   4   1   1   7   2  0.28 0.24
  145 V    0 -1  0 -1  1 -1  0 -3  0  2  0  1  0  0 -1  0  0 -2  1  1    6   3   4   3   3   2   7   1   2  16   9   9   3   4   2   6   5   1   4  11  0.06 0.09
  146 T   -1  0  0  0 -1  0  0  0 -1  0  1  0  0  1 -3  0  0 -1  0  0    5   4   5   4   1   3   6   7   1   7  20   7   2   7   0   7   7   1   2   4  0.04 0.07
  147 W   -4 -2 -3 -3  0 -3 -3 -4 -2  1  4 -3  4  4 -5 -3 -3  5  2 -2    1   2   1   2   2   1   2   2   1   6  35   2   8  15   0   2   1   8   6   2  0.74 0.43
  148 N   -3 -1  2 -2 -2  0 -2 -2  1  1  3 -1  2  2 -3 -2 -2 -2  1  0    2   3  10   2   1   4   3   3   3   7  31   4   4   8   1   3   2   0   5   5  0.27 0.22
  149 A    1  1  1 -2 -1 -1 -1  0 -1 -1 -1  1 -2  4  0 -1 -1  1  0 -2   10   8   7   2   1   3   4   6   1   3   6  10   0  18   4   5   3   2   3   3  0.15 0.16
  150 P    0  1  2  1 -2  0 -1  2  2 -2 -2  0 -2 -1  1  0 -1  1  1 -3    7   7   9   6   1   4   4  15   4   2   4   6   1   3   8   7   2   2   6   1  0.14 0.14
  151 C   -4 -5  6 -3  7 -3 -4 -3 -2 -2 -2 -3 -1  2 -1  1  0 -7 -3 -2    1   0  31   1  23   1   1   2   1   3   3   1   1   9   3   9   5   0   1   3  1.07 0.58
  152 A   -1 -3 -3 -4  5  0 -4 -3 -3  1  1 -3 -1  2  3  0 -1  1  0  0    6   1   1   1  12   5   1   2   1   8  11   1   1   9  17   6   4   2   4   8  0.38 0.28
  153 I   -4 -5 -3 -5 -3 -6 -3 -3 -5  5  2 -5  1  5 -3 -4 -3 -5 -2  2    1   0   2   1   1   0   2   2   0  33  17   1   3  20   1   1   1   0   1  14  0.94 0.48
  154 D    1 -3  2  2  6 -3 -2  1 -1  0 -2 -4 -2 -2 -3  1 -1 -3 -1  0   13   1   9  10  15   1   1  12   2   5   4   0   1   1   1  11   4   0   3   6  0.35 0.27
  155 H   -2 -4  2 -5  2 -2 -6  1  9 -6 -4 -6 -1 -4  0 -3  0 -4 -4 -6    4   1  10   1   4   2   0  10  50   1   2   0   2   1   5   2   6   0   0   0  1.74 0.83
  156 C   -2 -6  0 -6  5 -5 -7 -1 -7 -5 -4 -6 -6 -8  6  4 -4 -9 -5 -7    4   0   4   0  10   0   0   5   0   1   2   0   0   0  42  31   1   0   0   0  1.57 0.84
  157 S    1 -6  0 -5 -1 -4 -5 -3 -6 -5 -5 -6 -6 -4 -3  5  5 -8 -7 -2   12   0   4   0   2   0   1   2   0   0   1   0   0   1   1  42  32   0   0   2  1.27 0.75
  158 V    2 -7 -5 -7 -2 -6 -7 -5 -7  2 -2 -7  2  0 -1 -2 -1 -4 -6  6   14   0   1   0   1   0   0   1   0  12   2   0   5   4   4   3   4   0   0  50  1.12 0.60
  159 M   -5 -6 -8 -9 -4 -7 -8 -9 -8  1  3 -8 10 -2 -8 -8 -3 -8 -7  0    1   0   0   0   0   0   0   0   0   6  22   0  60   1   0   0   2   0   0   7  2.47 1.06
  160 H   -3 -6 -5 -7 -5 -6 -7 -4  4  5  0 -7  5  4 -7 -6 -4 -4  2  2    3   0   1   0   0   0   0   1   8  30   8   0  15  15   0   0   1   0   5  12  1.13 0.57
  161 R   -7  8 -2 -3 -3 -4 -5 -7 -2 -9 -8  2 -8 -9 -5 -4 -1 -9 -7 -9    0  77   2   2   1   0   1   0   1   0   0   9   0   0   1   2   4   0   0   0  2.38 1.07
  162 Y    0  6 -2 -6 -4 -4 -5 -5 -3 -5 -7  5 -3 -6 -7 -1  0 -8 -5 -5    8  40   2   0   0   0   0   1   1   1   0  33   1   0   0   5   6   0   0   1  1.40 0.73
  163 S   -1  0  0  3 -1  1  4 -4 -2 -4 -5  0 -2 -5 -4  4 -1 -4 -4 -4    5   4   4  14   1   5  22   1   1   1   1   6   1   0   0  27   4   0   1   1  0.60 0.42
  164 V    2 -5 -6 -4  6 -4 -5 -5 -5  3  1 -3  0  0 -5 -2 -1  1 -2  3   16   0   0   1  15   0   0   0   0  14  14   2   2   4   0   2   3   2   1  23  0.71 0.40
  165 L   -2 -4 -5 -7 -5 -5 -6 -6 -6  2  4 -6  0  5 -6 -5 -5 -1  2  1    4   1   0   0   0   0   0   1   0  12  39   0   2  26   0   1   0   1   5   7  1.08 0.52
  166 E   -2  1  1  4 -5  1  4 -2  0 -2 -2  2 -3 -3 -1 -2 -2 -5 -4 -3    2   7   6  20   0   5  23   3   2   2   5  13   0   1   4   2   2   0   1   2  0.47 0.32
  167 K    0  2  0  1 -4  2  3 -3 -1 -3 -3  4 -2 -5 -4 -1  0 -5 -4 -3    7   9   4   7   0   8  17   2   2   1   3  24   1   0   0   5   5   0   0   2  0.46 0.32
  168 V   -2 -4  0 -4  1 -3 -2 -4  1  3  1 -3 -1 -2 -3 -3 -1 -4  1  4    4   1   5   1   3   1   2   1   4  18  12   1   1   1   1   2   3   0   4  33  0.57 0.32
  169 K    0  0  1  0 -1  0  0  2  1 -1 -1  1 -1  0 -1 -1 -1 -1  0 -1    6   5   8   4   2   5   5  18   4   3   5  11   1   4   3   4   3   1   4   4  0.11 0.07
  170 E   -1 -1 -1 -1 -1  0  1  0  0  1  1  0  0  1  0 -1 -1 -1  0  0    5   3   3   4   1   4  10   8   2  10  18   5   2   6   4   5   3   1   3   5  0.03 0.03
  171 K    0  1  0  0 -1  1  1 -1  0 -1 -1  1 -1  0  0  0  0 -1  0 -1    7   9   3   4   1   7   8   4   3   4   7  12   2   4   4   6   5   1   4   5  0.05 0.03
  172 F    0 -1  0 -1 -1 -1  0 -1  0 -1 -1 -1  1  2 -1 -1 -1  0  5 -1    8   3   4   3   1   3   6   4   2   3   7   4   3   7   3   5   4   1  23   4  0.25 0.10
  173 G   -1 -1  0  1 -1 -1 -1  5 -1 -2 -2 -2 -2 -2 -1 -1 -2 -2 -2 -1    5   3   4   7   1   3   4  40   2   3   5   3   1   2   3   4   3   1   2   4  0.46 0.17
  174 S   -1 -2 -1 -2  0 -1 -1  5 -2 -2 -1 -1 -1  0 -1  1 -1 -2 -1 -2    4   2   3   2   2   3   4  39   1   3   8   4   1   4   3  10   3   1   2   3  0.45 0.21
  175 Y   -3 -2 -1 -3 -2 -2 -2 -2 -2 -2 -1 -2  0  4 -3 -2 -2 -1  7 -2    3   3   3   2   1   2   2   4   1   2   6   3   2  16   2   3   3   1  38   4  0.95 0.36
  176 W   -1  0  0  1 -1 -1 -1 -1 -1 -2 -1 -1 -2  4 -2 -1 -1  6  4 -2    4   5   6   8   1   2   3   5   1   2   5   3   1  17   2   4   3   9  13   3  0.38 0.16
  177 D   -1  0  1  5 -1 -1  2 -1 -2 -2 -2 -1 -2 -2 -1  0 -1 -2 -2 -2    4   5   6  30   2   2  12   4   1   2   5   3   1   2   3   7   4   1   2   3  0.38 0.17
  178 E   -1 -1 -1  2 -2 -1  4 -2 -1 -2 -2  0 -2  2 -2  0  0 -2  2 -1    4   3   3  10   1   3  25   3   1   3   4   6   1   8   2   6   5   0   8   5  0.27 0.16
  179 S   -2  0  4  4 -3 -2  0 -2  1 -3  0 -1  0 -4 -3  1 -1 -3 -2 -3    3   6  18  25   1   1   5   2   4   1   8   3   2   1   1  11   4   0   2   2  0.47 0.28
  180 P   -1 -1 -1 -1 -2  0  1 -2 -1 -1  0  0  0 -2  5  0  0 -3 -1 -2    5   4   3   3   1   4  11   3   1   3   9   6   2   2  27   7   5   0   2   3  0.37 0.21
  181 A    1  1  1  1 -2  1  1 -1 -1 -2 -2  1 -1 -3 -1  0  0 -1 -1 -2   14   9   8   9   1   5  11   5   1   3   4   9   1   1   3   7   4   1   2   3  0.13 0.11
  182 F   -2 -1 -3 -3 -1 -3 -4 -4  1  0  2 -3  2  5 -4 -3 -1 -1  5 -1    4   3   1   2   1   1   1   1   4   5  18   2   4  22   1   1   4   1  21   4  0.68 0.34
  183 Y   -1  3 -1 -2 -3  0 -1 -2  0  0 -1  2 -1  0  1 -1  0  4  2 -1    4  17   3   2   1   5   3   2   3   5   6  11   1   4   7   4   5   6   7   5  0.22 0.17
  184 R   -1  2  0 -3  0  2 -2  1  4 -2 -1  0 -2  0  1  0 -1 -3  2 -1    3  12   4   1   2   8   1   9  12   2   6   4   1   4   7   6   4   0   8   4  0.24 0.20
  185 I    4 -3 -1 -5  5 -4 -5 -1  1  1 -1 -4 -1 -3 -3  1 -2 -6 -5  1   34   2   4   0  13   0   0   4   3   7   6   0   1   1   2  10   3   0   0   9  0.62 0.40
  186 G   -2 -6 -2  0 -5  4  7  0  1 -6 -6 -5 -7 -7 -2 -5 -5 -4 -6 -5    4   0   2   5   0  14  60   7   3   0   1   0   0   0   3   1   0   0   0   1  1.56 0.84
  187 D   -7 -8 -6  9 -10 -7 -3 -8 -8 -10 -10 -8 -10 -10 -8 -7 -6 -11 -10 -10    0   0   0  98   0   0   1   0   0   0   0   0   0   0   0   0   0   0   0   0  3.47 1.42
  188 A   -1 -3 -7 -6 -6 -5 -6 -6 -3 -1 -1 -5 -3  3 -8 -4 -3  8  8 -2    7   1   0   0   0   1   0   0   0   4   6   1   1   9   0   2   2  16  46   3  1.76 0.84
  189 R   -1 -1 -3  7 -8 -4  4 -2 -2 -3 -5 -2 -3 -5 -7 -5 -6 -6 -3 -3    6   3   1  49   0   0  25   3   1   2   1   3   1   1   0   0   0   0   1   2  1.37 0.73
  190 F   -6 -8 -8 -9  2 -6 -8 -9 -7 -2  5 -8  5  4 -8 -8 -5 -4  1 -4    0   0   0   0   4   0   0   0   0   2  55   0  14  18   0   0   1   0   5   1  1.65 0.79
  191 F   -5 -10 -9 -11 -5 -9 -10 -8 -5 -4 -3 -10 -5  3 -11 -8 -7 12  2 -4    1   0   0   0   0   0   0   0   0   1   3   0   0  11   0   0   0  75   6   2  3.99 1.55
  192 W   -2 -3 -2 -6 -1 -2 -4 -6 -3  2  4 -3  2  2 -6  0  0  2 -2  1    2   1   3   0   2   2   1   0   1  12  39   1   4   7   0   6   6   3   1   9  0.58 0.37
  193 R   -6  8 -4 -1 -5 -1 -2 -8 -4 -8 -6  1 -8 -9 -8 -4 -6 -6 -6 -9    1  78   1   3   0   3   3   0   0   0   1   8   0   0   0   1   0   0   0   0  2.42 1.09
  194 V   -2 -7 -8 -8  0 -7 -8 -7 -8  5  4 -7  3  2 -8 -6 -5 -3 -4  0    3   0   0   0   2   0   0   0   0  33  40   0   6   7   0   0   0   0   0   6  1.33 0.64
  195 N    4 -4  1 -4  2 -5 -5 -1 -4  0  0 -4 -1 -1 -6  3 -2 -5 -3 -1   37   1   6   1   4   0   0   5   0   5  11   0   2   2   0  19   2   0   1   4  0.61 0.44
  196 H    0  1  0 -1 -1  1  1 -3  1 -2 -1  3  0 -1 -2 -1  1 -1 -1 -3   10   9   4   2   2   7  10   1   4   2   7  19   2   2   1   5   8   1   2   1  0.21 0.21
  197 F   -3  2  1 -1 -2  1 -1  0  3 -1 -2  3 -3  2 -5 -2 -2 -4  2 -1    2  10   7   3   1   6   4   8   8   4   4  20   0   8   0   3   2   0   7   5  0.29 0.25
  198 Y   -1 -4 -4 -7  0 -3 -6  2  2 -3 -4 -3 -4  2 -7 -2  2  5  7 -3    5   1   1   0   2   1   0  15   4   2   1   2   0   9   0   2  12   8  33   2  1.09 0.61
  199 P   -3  2  1  1 -5  2  1 -4  0 -5 -4  5 -5 -6  3 -2 -2 -7 -5 -4    2   9   6   6   0   9   9   1   2   0   2  30   0   0  16   3   2   0   0   2  0.72 0.48
  200 F   -2 -8 -8 -8  1 -7 -8 -2 -4  4  1 -8  2  7 -8 -5 -5 -1 -1  1    3   0   0   0   3   0   0   5   0  22  12   0   4  39   0   1   0   1   2   9  1.30 0.63
  201 Y    3 -2 -4 -1 -3 -2  0  0  4 -1 -2 -2 -3 -1 -6 -2 -2 -1  5  0   25   2   0   3   0   1   5   7  10   3   4   2   1   2   0   2   2   1  20   7  0.55 0.39
  202 P   -2 -4  6 -5 -1 -4 -5  0  1  0 -2 -2 -1  1  1 -3 -3  0  1  2    3   1  38   0   2   0   0   7   3   5   5   2   1   5   7   2   1   2   5  12  0.76 0.49
  203 L   -6 -8 -6 -8 -5 -6 -8 -9 -8  6  4 -8  1 -2 -6 -8 -5 -7 -4  3    0   0   0   0   0   0   0   0   0  39  38   0   3   1   0   0   0   0   0  16  1.57 0.73
  204 D   -3 -1  2  2 -5  2  0 -4 -2 -8 -8  1 -7 -7  6 -2 -4 -8 -7 -7    2   4   9  11   0  10   6   2   1   0   0   9   0   0  41   3   1   0   0   0  1.18 0.67
  205 E   -4 -3 -4  2 -6  1  7 -7 -2 -4 -5  2 -5 -7 -6 -3 -3 -8 -5 -5    2   1   1  10   0   5  60   0   1   1   2  12   0   0   0   1   2   0   0   1  1.52 0.81
  206 E    0  0 -1 -4 -1 -3 -3 -5 -4  2 -3 -1 -2  0  5 -1 -1 -6  1  3    7   5   3   1   1   1   2   0   0  10   1   4   1   5  25   4   3   0   4  22  0.57 0.39
  207 L   -7 -7 -7 -7 -2  0 -8 -8 -4 -3  7 -7 -2 -3 -8 -6 -5 -4 -6 -3    0   0   0   0   1   4   0   0   0   1  87   0   1   1   0   1   1   0   0   2  2.12 0.95
  208 D   -1 -5 -3  1 -3 -4 -4 -2 -1  2  3 -4  0  0 -5 -3  2 -4  1  3    5   0   1   7   0   1   0   3   2  12  25   0   2   4   0   1  12   0   5  19  0.44 0.30
  209 L   -2  1 -1 -1 -1  0 -1 -2 -2  1  2  2 -1  1 -4 -2 -2 -2  3 -1    3   7   3   4   2   4   3   3   1   8  19  15   1   6   0   3   2   0  11   4  0.20 0.19
  210 N   -4 -2  0 -7 -5 -4 -7 -6  1 -5 -6 -1 -5  1 -8 -5 -1  0  9 -4    1   2   5   0   0   1   0   1   3   1   1   4   0   4   0   1   4   1  69   2  2.35 1.05
  211 Y   -7  8 -4 -8 -6 -2 -6 -8  0 -7 -6 -4 -6 -1 -8 -5 -5 -3  5 -7    0  73   1   0   0   1   0   0   2   0   1   1   0   2   0   1   1   0  16   0  2.42 1.08
  212 I   -4  2 -4 -3 -4  1 -2 -4 -3  4  0  1  0 -2 -5 -4 -3  3  0  3    1  12   1   2   0   7   2   1   1  25   6   9   2   1   0   1   1   3   3  21  0.56 0.37
  213 T   -4  1 -1 -4 -5 -2 -4 -2  9 -4 -3 -4 -1 -2 -3  1  3 -3 -2 -3    1   7   3   1   0   2   1   3  40   1   3   0   2   2   1  12  17   0   1   2  1.28 0.67
  214 E   -2 -2  1  3 -5 -1  2  0  3 -4 -5  0 -4 -5  4  2 -2 -6 -2 -4    3   2   7  14   0   2  15   6   7   1   1   6   0   0  17  13   2   0   2   1  0.52 0.37
  215 F   -2 -1  4  1 -5  0  1  2  0 -4 -4  0 -3  1 -2  0  0 -1 -1 -3    3   3  24   8   0   4   8  15   2   1   1   5   1   6   2   8   6   1   2   1  0.38 0.28
  216 V   -1 -2  4  0 -4  3  0 -2  1 -1 -4 -1 -4 -1 -3  3 -1 -5  0 -2    3   2  20   5   0  13   5   3   3   4   1   4   0   2   1  25   3   0   3   3  0.49 0.37
  217 R   -1  2 -1 -3 -4  3 -1 -3 -1  2 -1  1  2 -1 -4  1 -1 -5 -1 -1    5  13   3   1   0  14   2   2   2  15   5  10   5   2   0  12   3   0   2   5  0.27 0.25
  218 N   -2 -2  4 -2 -5  0 -3 -2 -2 -3 -2 -1  1 -6 -5  5  2 -6 -5 -1    3   2  17   1   0   5   1   2   1   1   5   3   3   0   0  40  12   0   0   4  0.74 0.50
  219 L    0  2  0 -3 -3 -1 -2 -3  2  2  2  0  0  0 -4  2  0 -3 -2  0    6  11   4   0   0   2   2   1   5  11  18   7   1   3   0  16   5   0   1   6  0.18 0.19
  220 P   -2 -1  2  0 -5  4 -2 -4  0 -3 -2  2 -4 -4  1  3  1 -5  0 -2    2   3   9   6   0  17   1   1   2   2   4  11   0   1   8  21   8   0   3   3  0.40 0.34
  221 P    0  1  1  0 -1  1  0 -1  1 -1 -2  2  1 -1  1  0 -1 -2 -1 -2   10   9   7   4   1   7   4   5   4   4   4  15   4   3   7   5   3   1   2   1  0.12 0.13
  222 Q    0 -1  3  1 -5  5  1 -4 -1 -3 -2  1 -1 -3 -1  0 -1 -5 -1 -2    8   3  15   8   0  25   7   1   1   1   4   7   1   1   3   5   3   0   3   3  0.44 0.34
  223 R   -1  4  0 -2 -3  1  0 -2 -3 -3 -2  3  0 -3 -4  1  1 -3 -1 -3    5  27   3   2   0   6   6   4   0   1   4  16   2   1   0   9  10   0   2   1  0.45 0.32
  224 N    0  1  3 -2 -3  1 -1 -3  2 -1 -1  0  2 -2  1  0  2 -5 -2 -1    7   7  15   1   0   6   4   1   5   4   5   5   6   1   8   7  13   0   1   3  0.20 0.20
  225 C   -1  1  0  0  3  2  2 -3  0  0  0  0 -1  0 -2  0  0 -2  0 -1    5   8   4   5   7   8  16   0   2   5  10   3   2   5   1   5   6   0   4   4  0.13 0.15
  226 R   -1  4  0 -1 -4  3  1 -3 -2 -3 -3  4 -2 -2 -2  0 -1 -3 -3 -2    4  22   5   3   0  11   8   1   1   2   3  22   1   2   1   7   4   0   1   3  0.47 0.33
  227 E    1  1 -1  0 -4  2  3 -2  0  2 -1  1 -1 -3 -4 -1 -2 -1 -1 -1   15   7   2   5   0   8  18   3   3  12   5   7   1   1   0   5   1   1   2   5  0.20 0.21
  228 L   -1  2 -2 -5  2 -2 -4 -5 -5  3  3 -4  2  0 -4 -3 -2 -2  0  1    5  10   2   0   4   1   1   0   0  18  32   0   5   3   1   2   1   1   3  10  0.50 0.31
  229 R   -2  5  0 -3 -4  2  2 -4 -1 -2 -2  2 -3 -5 -3 -1 -1  0 -3 -2    2  36   4   1   0   7  12   1   1   3   5  12   0   0   1   5   3   1   1   3  0.64 0.40
  230 E   -1  1  0  2 -5  4  3 -1 -1 -3 -2  2 -3 -5 -4  0 -1 -6 -4 -3    4   9   3  12   0  18  19   4   1   2   3  11   0   0   0   8   3   0   0   2  0.45 0.32
  231 S    1 -1  1 -1 -3  2  0 -1  1  1  0 -1  0 -1 -3  1  0 -4 -2  1   12   2   6   3   0  10   5   3   4  10   8   3   2   3   0  11   5   0   0  13  0.10 0.14
  232 L   -2 -4 -4 -7 -3 -5 -5 -7 -6  5  4 -5  0  2 -7 -6 -3  5 -2 -1    3   1   1   0   1   0   0   0   0  30  43   0   2   7   0   0   1   6   1   3  1.10 0.52
  233 K   -2  4  0 -1 -2  1  4 -3 -2 -2 -2  3 -4 -2 -4  0 -2 -6 -3 -3    2  20   3   3   1   5  25   1   0   2   4  19   0   2   0   7   2   0   1   2  0.56 0.36
  234 K    0  4  0 -2 -4  2  0 -4 -4 -4 -4  5 -2 -6 -5 -1 -2 -3 -5 -1    7  22   4   1   0  10   4   0   0   1   1  37   1   0   0   3   2   0   0   4  0.82 0.46
  235 L   -3  1 -1 -3 -2 -2 -4 -5 -4  3  3 -1  3  0 -5 -4 -3  4 -1  1    1   7   3   1   1   1   1   0   0  18  36   4   9   4   0   1   1   6   2   7  0.55 0.31
  236 G   -2  2 -2 -4 -5  0 -3  6 -4 -6 -4  1 -3 -5 -5 -1 -4 -5 -2 -5    2  13   1   0   0   5   1  61   0   0   2   9   1   0   0   4   0   0   2   0  1.12 0.47
  237 M   -3 -2 -2 -4 -3  2 -2 -5 -4  4  3  1  3 -2 -4 -3 -2 -4 -3  2    0   1   1   0   0  12   2   0   0  25  27  11   7   0   0   0   1   0   0  11  0.47 0.26
  238 G    3 -3 -2 -3 -3 -3 -3  6 -3 -4 -4 -3 -3 -4 -3 -1 -2 -4 -4 -3   34   0   0   0   0   0   0  66   0   0   0   0   0   0   0   0   0   0   0   0  1.09 0.23
