    1 T    5 -3  1 -2 -2 -2 -2 -2 -3 -3 -3 -2 -3 -4 -2  3  2 -4 -3 -2   58   0   7   0   0   0   0   0   0   0   0   0   0   0   0  21  14   0   0   0  0.70 0.27
    2 G    3 -4 -2 -2 -3 -3 -3  5 -4 -5 -5 -3 -4 -5 -2  2 -1 -5 -4 -4   26   0   1   1   0   0   0  50   0   0   0   0   0   0   1  20   2   0   0   0  0.94 0.33
    3 C   -3 -7 -6 -7 11 -7 -7 -6 -7 -3 -4 -7 -5 -6 -6 -4 -4 -6 -6 -1    1   0   0   0  94   0   0   0   0   1   1   0   0   0   0   0   0   0   0   4  3.52 0.83
    4 S    0 -1 -2 -3 -4 -1 -1 -3 -3 -4 -4 -1 -2 -5 -4  2  6 -5 -4 -2    6   3   0   0   0   3   3   1   0   0   0   2   1   0   0  18  63   0   0   1  1.04 0.45
    5 V    6 -4 -4 -5  0 -4 -4 -3 -5 -1 -3 -4 -3 -4 -4 -2 -2 -5 -4  3   72   0   0   0   2   0   0   0   0   1   0   0   0   0   0   0   1   0   0  25  1.20 0.49
    6 T    1 -3 -2  0 -3 -2 -1 -3 -4 -3 -3 -3 -2 -5 -3  1  6 -5 -4  0   11   1   1   4   0   1   3   1   0   0   0   0   0   0   0  11  62   0   0   5  0.95 0.43
    7 A   -2 -3 -5 -6 -4 -4 -5 -4 -2 -1  1 -4 -2  2 -4 -3 -4  1  8 -1    3   1   0   0   0   0   0   1   0   4  17   0   0   6   1   1   0   1  60   5  1.35 0.48
    8 T    1  2 -2 -1 -3  1 -1 -2 -2 -3 -3  0 -3 -4 -3  3  4 -4 -3 -1    9  12   0   2   0   5   2   2   0   0   0   6   0   0   0  31  27   0   0   3  0.48 0.28
    9 R    2  1 -2 -3 -3  0  0 -3 -3  1 -1  0 -1 -3 -1 -1  1 -4 -3  3   18   7   1   0   0   3   7   1   0   7   4   6   0   0   2   1  11   0   0  32  0.24 0.19
   10 A    1 -3 -1 -2 -3  1 -2  3 -3 -1 -3 -2 -2 -3 -1  0  4 -4 -3  1    9   1   1   1   0   7   0  27   0   2   1   0   0   0   3   7  29   0   0  12  0.42 0.24
   11 E    0 -2  4  1 -4  3  1  0 -1 -4 -4 -2 -3 -5 -3  3  0 -5 -4 -4    6   0  28   6   0  13   9   7   0   0   0   0   0   0   0  26   4   0   0   0  0.58 0.29
   12 E   -1  1 -1  2 -4  5  2 -2 -1 -3 -4  1 -2 -4 -2  2 -1 -4 -3 -2    2   6   0  13   0  34   9   1   1   1   0   5   0   0   1  18   3   0   0   3  0.55 0.29
   13 W   -6 -5 -7 -8 -6 -6 -7 -2 -6 -6 -5 -7 -5 -2 -8 -6 -6 13 -1 -7    0   1   0   0   0   0   0   4   0   0   0   0   0   1   0   0   0  94   1   0  4.35 0.94
   14 S   -1 -3  4  0 -4  1 -2  3 -1 -5 -5 -2 -4 -5  2  3 -1 -5 -4 -4    2   0  21   4   0   8   1  28   1   0   0   0   0   0  10  24   1   0   0   0  0.64 0.29
   15 D   -2 -3  2  4 -4 -2 -1  4 -3 -5 -5 -3 -4 -5 -3  1  1 -5 -5 -4    1   0   8  31   0   0   1  34   0   0   0   0   0   0   0  13  11   0   0   1  0.79 0.32
   16 R   -2  4 -3 -4 -5 -3 -4  6 -4 -6 -6 -3 -5 -6 -5 -3 -4  1 -5 -6    1  25   0   0   0   0   0  71   0   0   0   0   0   0   0   0   0   2   0   0  1.58 0.50
   17 F   -4 -5 -6 -6 -2 -5 -6 -6 -3 -3 -2 -6 -3  8 -6 -4 -5  2  7 -4    1   0   0   0   1   0   0   0   0   0   1   0   0  60   0   1   0   2  34   0  2.00 0.59
   18 N   -3 -2  6 -2 -5  5  0 -1 -2 -4 -4 -2 -3 -5 -2 -1  2 -5 -4 -1    1   0  39   0   0  31   3   4   0   0   1   0   0   0   1   3  15   0   0   4  0.91 0.42
   19 V    3 -4 -3 -4 -3 -3 -4  4 -4 -2  1 -3 -2 -3 -4 -1 -1 -4 -2  0   29   0   0   0   0   0   0  39   0   1  16   0   0   0   0   3   3   0   1   9  0.60 0.29
   20 T   -1  0  4  2 -4  3  3 -2 -1 -4 -4  0 -3 -5 -3  0  1 -5 -3 -3    4   5  24  10   0  12  24   2   0   0   1   3   0   0   0   6   9   0   0   1  0.53 0.26
   21 Y   -2 -5 -6 -6 -2 -5 -5 -4 -5  0 -1 -5 -2 -1 -5 -4 -3 -5  1  7    1   0   0   0   1   0   0   1   0   1   2   0   0   2   0   0   0   0   5  87  1.50 0.54
   22 S    0  0 -1 -2 -3 -2 -2 -2 -3 -3 -3  0 -3 -5 -3  2  6 -5 -4 -2    8   5   3   2   0   1   1   2   0   0   1   5   0   0   0  11  62   0   0   1  0.91 0.42
   23 V   -3 -5 -3 -6 -3 -5 -5 -6 -6  4 -1 -5 -2 -3 -5 -4 -2 -5 -4  6    1   0   2   0   0   0   0   0   0  19   2   0   0   0   0   0   1   0   0  76  1.42 0.50
   24 S    0  1 -2 -2 -3 -2 -2 -3 -3 -4 -4 -1 -3 -5 -3  4  5 -5 -4 -2    5   8   1   1   0   0   1   1   0   0   0   3   0   0   0  31  47   0   0   1  0.87 0.41
   25 G    4 -4  4 -2  0 -3 -3  4 -3 -5 -5 -3 -4 -5 -2 -1 -2 -5 -4 -4   42   0  22   0   2   0   0  29   0   0   0   0   0   0   1   2   1   0   0   0  0.86 0.38
   26 S    0 -2  0 -2 -3 -2 -2  3 -3  1 -1 -1 -2 -3 -3  2  2 -4 -3  0    8   2   5   1   0   1   1  22   0   9   4   2   0   0   0  22  18   0   0   5  0.31 0.21
   27 S    0 -3  3  0 -4 -2 -2  1 -3 -5 -5 -2 -4 -5 -4  5  1 -5 -4 -4    4   1  17   5   0   1   1   9   0   0   0   1   0   0   0  55   6   0   0   0  0.88 0.42
   28 A    0 -2  3  1 -4 -2 -2  3 -3 -4 -5 -2 -4 -5 -3  3  2 -5 -4 -4    8   1  15   8   0   1   0  23   0   0   0   1   0   0   0  29  15   0   0   0  0.60 0.31
   29 W   -4 -7 -8 -9 -7 -6 -7 -7 -7 -7 -6 -7 -6 -3 -8 -7 -4 13 -2 -7    1   0   0   0   0   0   0   0   0   0   0   0   0   0   0   0   1  97   0   0  4.67 1.08
   30 T   -1  0 -1 -2 -4  0 -1 -4 -4 -1 -4  1 -1 -5 -4  1  6 -5 -4 -1    4   5   1   1   0   3   2   0   0   4   0   8   1   0   0   9  59   0   0   2  0.86 0.42
   31 V    0 -5 -5 -5 -3 -4 -5 -5 -5  1  1 -5 -2 -3 -5 -2  1 -5 -4  6    6   0   0   0   0   0   0   0   0   3  11   0   0   0   0   2   7   0   0  71  1.13 0.46
   32 N    0  1  0 -1 -3 -2 -1  0 -3 -3 -4 -1 -3 -5 -2  1  6 -5 -4 -1    5   8   5   2   0   1   3   6   0   0   0   3   0   0   1   9  53   0   0   4  0.69 0.36
   33 L   -3 -5 -6 -7 -4 -5 -5 -6 -5  0  1 -5  4  3 -6 -5 -4 10 -1  3    1   0   0   0   0   0   0   0   0   3  13   0  13  10   0   0   0  40   0  20  1.63 0.52
   34 A    0 -1  3  0 -4 -1 -2 -2 -2 -3 -4 -1 -3 -4 -2  1  5 -5 -2 -2    6   2  16   4   0   2   1   2   1   1   0   2   0   0   2   8  51   0   1   1  0.73 0.37
   35 L   -3 -4 -5 -5 -3 -3 -4 -5 -2  0  3 -4  1  5 -2 -4 -2  5  2  2    1   0   0   0   0   1   1   0   1   2  28   0   3  25   2   0   2   8   7  17  0.66 0.29
   36 N    2 -2  0 -2 -4 -1 -3  1 -1 -4 -4 -3 -4 -5  6  0  1 -5 -4 -2   16   2   4   2   0   2   0   9   1   0   1   0   0   0  46   4  10   0   0   2  0.98 0.37
   37 G    2 -3  2  1 -3  0 -2  3 -2 -4 -4 -2 -3 -4 -1  4 -1 -2 -2 -2   16   0   8   6   0   3   1  20   0   0   0   0   0   0   2  37   2   0   1   2  0.52 0.29
   38 S   -1 -3  0 -1 -5 -3 -3  5 -4 -6 -6 -4 -5 -6  5 -1 -3 -5 -5 -5    3   1   5   2   0   0   1  53   0   0   0   0   0   0  29   5   1   0   0   0  1.27 0.44
   39 Q    1 -2 -3 -3 -5  7  1 -3  1 -5 -5 -2 -3 -6 -1 -2 -3 -3 -4 -3   15   0   0   0   0  65   8   1   4   0   0   0   0   0   3   2   1   0   0   1  1.37 0.56
   40 T   -1  3 -2 -2 -4  2 -1 -2 -3 -4 -3  3 -3 -4 -2  2  3 -4 -3 -2    4  17   0   0   0  11   2   1   0   0   0  21   0   0   0  21  18   0   0   3  0.50 0.29
   41 I   -3 -5 -6 -6 -4 -5 -5 -6 -6  5  0 -5  0 -1 -5 -4 -2 -5 -4  5    1   0   0   0   0   0   0   0   0  41   4   0   1   2   0   1   1   0   0  50  1.25 0.46
   42 Q   -1 -1 -1 -2 -3  2 -2 -2 -3  1 -1 -2  0 -3 -3  3  4 -4 -1 -1    2   2   2   2   0  11   1   2   0   8   4   0   2   0   0  27  32   0   2   2  0.45 0.30
   43 A    2 -2  4 -2 -4  4 -1  0  0 -5 -5 -2 -3 -5 -3  3  0  1 -4 -4   16   1  19   0   0  25   1   5   1   0   0   0   0   0   1  26   4   2   0   0  0.65 0.36
   44 S    2 -3 -1 -3 -2 -2 -3  0 -2  0  1 -2  1 -2 -3  1  3 -4 -1  1   19   0   3   0   0   1   0   6   1   2  17   0   4   1   0  13  24   0   1   9  0.26 0.21
   45 W   -3 -7 -8 -8 -7 -6 -7 -7 -7 -7 -6 -7 -6 -3 -8 -4 -7 13 -2 -7    2   0   0   0   0   0   0   0   0   0   0   0   0   0   0   1   0  96   0   0  4.60 1.07
   46 N   -4 -4  8  0 -6 -3 -3  0 -3 -6 -7 -3 -5 -6 -5  0 -1 -7 -5 -6    1   0  83   3   0   0   0   5   0   0   0   0   0   0   0   6   2   0   0   0  1.98 0.65
   47 A    4 -4 -3 -4 -1 -3 -4  4 -4  0 -4 -3 -3 -4 -4 -1  0 -5 -3  0   40   0   0   0   1   0   0  37   0   6   0   0   0   0   0   1   6   0   1   7  0.78 0.36
   48 N    0 -2  2  0 -3 -1 -1 -2 -2 -3 -3 -2 -3 -4 -3  3  4 -5 -4  0    8   1  12   5   0   2   3   2   1   0   1   1   0   0   0  21  35   0   0   8  0.49 0.29
   49 V    2 -1 -2 -3  0 -2 -3 -2 -1  0  1 -2 -1 -1  2 -1 -1  2  1  2   22   3   2   0   2   1   0   2   2   2  14   0   1   2  11   1   2   4   6  23  0.22 0.18
   50 T    0 -3 -1 -2 -3 -2 -2 -3 -4 -3 -4 -2 -4 -5 -3  4  5 -5 -3 -3    6   1   2   1   0   1   1   1   0   1   0   1   0   0   0  40  43   0   1   1  0.97 0.45
   51 G   -1 -2 -2 -3 -4  4 -2  2 -2 -4 -3 -2 -3 -2  1  0  2  7  2 -2    3   1   0   0   0  23   1  17   1   0   2   0   0   0   6   7  13  16   6   3  0.61 0.32
   52 S   -1 -3  2 -1 -4 -1 -2 -1 -3 -5 -5 -3 -4 -5  2  5  2 -5 -4 -3    2   0  10   3   0   2   1   4   0   0   0   0   0   0  10  55  13   0   0   1  0.84 0.41
   53 G    1 -4 -2 -2 -4 -3 -4  6 -4 -5 -5 -4 -4 -5 -3  1 -1 -5 -5 -4    9   0   1   1   0   1   0  69   0   0   0   0   0   0   1  12   4   0   0   1  1.29 0.44
   54 S    1 -2  3 -1 -1  4 -1  1 -2 -4 -4 -1 -3 -3 -1  2  1 -4 -2 -3   12   1  14   3   1  21   1  10   0   0   1   2   0   1   2  20   9   0   1   1  0.40 0.26
   55 T    1 -1  0 -1 -2  0 -1 -3 -1 -1 -2 -2 -2 -3 -2  1  4 -4 -2  3   13   3   3   3   0   3   3   1   2   1   1   1   0   0   1   8  27   0   1  27  0.33 0.25
   56 R   -1 -2 -4 -5 -3 -3 -3 -3 -3  0  1 -3  5 -2 -4 -3 -1 -4  0  5    5   2   1   0   0   1   1   2   1   2  14   1  19   0   1   1   3   0   3  45  0.69 0.36
   57 T   -2 -3  0 -3 -4 -3 -3 -4 -5 -2 -3 -2 -1 -5 -4  0  7 -6 -4  2    2   1   3   0   0   1   0   1   0   1   1   2   1   0   0   6  69   0   0  13  1.22 0.55
   58 V    5 -4 -4 -5  1 -4 -4 -2 -2 -1 -2 -3  3  0 -4 -2 -2 -5 -4  3   51   0   0   0   3   0   0   1   1   1   2   0   8   4   0   1   1   0   0  27  0.79 0.42
   59 T    0  5 -1 -3 -3 -1 -2 -3 -2 -4 -4  2 -3 -5 -4  1  4 -5 -3 -2    6  36   3   0   0   2   0   1   1   0   0  14   0   0   0   8  26   0   1   2  0.74 0.38
   60 P    1 -4  3 -1 -4 -2 -3  0 -2 -4 -4 -3 -4 -4  6  1 -2  0  1 -4   10   0  13   4   0   1   0   5   1   0   1   0   0   0  42  13   1   1   7   1  0.92 0.39
   61 N    2 -3  6  0 -4 -1 -2 -1 -2 -4 -4 -3 -3 -5  0  1  1 -5 -4 -2   20   0  46   3   0   2   1   3   0   0   1   0   0   0   4   8   8   0   0   3  0.79 0.40
   62 G   -1 -5 -3 -4 -5 -5 -5  7 -5 -6 -6 -5 -4 -5 -4 -3 -4  5 -2 -5    3   0   0   1   0   0   0  83   0   0   0   0   0   0   0   1   1   8   2   1  1.89 0.62
   63 S    2 -2  5 -2 -4  0 -1  2 -2 -4 -5 -2 -4 -5 -3  4 -1 -2 -3 -4   18   1  27   1   0   5   2  12   0   0   0   0   0   0   0  30   2   1   0   0  0.66 0.36
   64 G   -1 -3  0 -3 -4 -2 -3  5 -2 -4 -4 -2 -3 -3 -3  3  0  0 -2 -3    3   1   4   0   0   1   0  44   1   1   1   2   1   1   0  29   6   1   2   1  0.74 0.35
   65 N    0 -3  5 -2 -4  0 -3 -2 -3 -3 -3 -3 -3 -4 -2  0  5 -5 -3 -1    8   0  30   1   0   3   0   2   0   1   1   0   0   0   2   6  40   0   1   5  0.79 0.42
   66 T    0 -3  3 -2 -3 -1 -1 -2 -3 -4 -4 -3 -3 -5 -3  4  4 -5 -4 -2    6   0  13   1   0   2   4   2   0   0   0   0   0   0   0  40  29   0   0   2  0.77 0.42
   67 F   -3 -6 -5 -6 -5 -6 -6 -5 -5 -2 -2 -6 -3  8 -6 -4 -2  7  0 -3    3   0   0   0   0   0   0   1   0   2   2   0   0  73   0   1   3  14   0   1  2.07 0.68
   68 G   -3 -5 -1 -4 -6 -4 -4  7 -5 -7 -7 -4 -6 -5 -5 -2 -4 -6 -6 -6    1   0   3   0   0   0   1  91   0   0   0   0   0   0   0   2   1   0   0   0  2.07 0.67
   69 V   -1 -5 -5 -6 -5 -5 -5 -3 -4 -1 -1 -5  0  8 -6 -4 -3 -1  1  2    5   0   0   0   0   0   0   2   0   2   3   0   2  68   0   1   1   1   2  14  1.52 0.55
   70 T   -1 -3  2 -3 -3  2 -2  0 -3  0 -1 -2 -2 -3 -3 -1  5 -4 -3  0    2   0  12   0   0  10   1   6   0   5   6   0   0   1   0   2  46   0   0   7  0.56 0.33
   71 V    2 -3 -2 -3 -2 -2 -3  3 -3  2 -1 -3 -1  0 -2 -1 -1 -2 -1  2   17   1   1   1   0   1   1  22   0  16   5   1   1   4   1   1   4   1   3  22  0.28 0.18
   72 M    0 -1  0 -2 -3  3 -1  0 -2 -1 -1 -1  3 -3 -1  2  2  0  0 -2    9   3   4   1   0  17   1   5   0   2   5   2  10   0   3  21  12   1   4   1  0.23 0.22
   73 K    1 -2 -1 -3 -3 -2 -2  2  4 -4 -3  1 -2 -1  0  0  1  5  2 -3   16   1   1   0   0   1   0  14  14   0   1   9   1   3   4   7   9   9   8   1  0.37 0.24
   74 N   -2 -3  6  0 -4 -2 -2  2 -3 -4 -5 -3 -4 -5 -2  3  2 -6 -5 -4    2   0  41   3   0   1   0  16   0   0   0   0   0   0   2  21  12   0   0   1  0.88 0.43
   75 G   -1 -5 -3 -4 -6 -4 -5  7 -5 -7 -7 -5 -6 -5 -4 -1 -4 -6 -6 -5    3   0   0   0   0   0   0  91   0   0   0   0   0   0   1   3   0   0   0   1  2.08 0.69
   76 S    1 -3  4 -1 -4 -1 -2  0 -2 -4 -4 -2 -4 -5 -2  3  4 -5 -4 -3    9   0  24   2   0   2   0   7   0   0   0   0   0   0   2  28  25   0   0   1  0.67 0.39
   77 S    0 -2  4  0 -4 -3 -2  0 -2 -3 -3 -3 -4 -1  0  1  1  7  0 -2    8   1  27   4   0   0   1   8   0   1   1   0   0   2   5   9   9  19   3   2  0.69 0.36
   78 T    2 -3  0 -2 -3 -2 -2  1 -3 -3 -4 -3 -3 -4  2  3  4 -3 -3 -2   17   0   5   1   0   1   2   9   0   0   0   0   0   0   9  19  35   0   1   2  0.57 0.35
   79 T    3 -3 -3 -4 -3 -3 -3 -1 -4  0 -1 -2 -2 -2  1 -1  2  7 -2  2   25   1   1   0   0   0   1   4   0   5   3   1   1   1   6   4  15  17   0  15  0.54 0.32
   80 P   -2 -5 -5 -5 -6 -4 -5 -4 -6 -5 -5 -4 -2 -7  8 -2 -1 -7 -6 -4    2   0   0   0   0   0   0   1   0   0   1   0   1   0  87   2   4   0   0   1  2.57 0.80
   81 A    1 -2 -2 -1 -3 -1 -1 -1 -4 -2 -3 -2 -3 -4 -3  3  5  0 -4  0   12   1   1   3   0   2   3   3   0   1   0   1   0   0   1  20  44   1   0   7  0.65 0.39
   82 A    1 -4 -5 -5 -1 -4 -4 -2 -5  1  2 -4 -1 -2  0 -3 -2 -4 -2  5   11   0   0   0   1   0   0   4   0   5  20   0   0   1   5   0   1   0   1  51  0.68 0.36
   83 T    1 -3 -1 -3 -3 -2 -3 -2 -4 -2 -4 -3 -3 -4 -1  4  5 -5 -4 -2    8   0   2   1   0   1   1   2   0   2   0   0   0   1   2  36  44   0   0   2  0.91 0.48
   84 C   -4 -8 -7 -8 12 -7 -8 -5 -7 -5 -5 -7 -5 -6 -7 -5 -3 -6 -6 -4    0   0   0   0  98   0   0   1   0   0   0   0   0   0   0   0   1   0   0   1  3.91 1.02
   85 A    2 -2 -2 -3 -3 -2 -2 -3 -4 -4 -4 -3 -3 -5 -3  3  6 -5 -4 -1   16   1   1   1   0   1   1   1   0   0   0   0   0   0   0  25  50   0   0   3  0.94 0.47
   86 G    5 -4 -3 -4 -3 -3 -3  1 -4 -4 -3 -3 -3 -5 -1  2  2 -5 -4 -2   63   0   0   0   0   0   0  11   0   0   1   0   0   0   2  12  11   0   0   1  0.89 0.42
   87 S    2 -3  1 -2 -3 -2 -2 -2 -3 -4 -4 -2 -3 -5 -3  5  2 -5 -4 -3   18   0   7   0   0   0   0   0   0   0   0   0   0   0   0  63  12   0   0   0  0.98 0.43
