    1 T   -2 -3  6 -2 -4 -2 -2 -3 -2 -4 -5 -2 -4 -5 -4  4  3 -5 -4 -4    0   0  47   0   0   0   0   0   0   0   0   0   0   0   0  32  21   0   0   0  1.11 0.35
    2 K   -4  3 -4 -4 -7 -2 -3 -5 -4 -6 -6  8 -5 -7 -5 -4 -4 -6 -5 -6    0  12   0   0   0   0   0   0   0   0   0  88   0   0   0   0   0   0   0   0  2.09 0.63
    3 V   -1 -5 -6 -6 -1 -5 -5 -2 -6  5 -1 -5 -2 -3 -5 -4 -3 -6 -4  6    4   0   0   0   1   0   0   3   0  30   1   0   0   0   0   0   0   0   0  61  1.30 0.44
    4 S    3 -4 -3 -4 -3 -3 -3 -2 -4  1 -2 -3 -2 -4 -4  2  1 -5 -4  4   28   0   0   0   0   0   0   2   0   8   1   0   0   0   0  19  10   0   0  33  0.59 0.30
    5 V   -3 -5 -6 -6 -4 -5 -5 -6 -6  5  3 -5  0 -2 -5 -5 -3 -5 -4  4    0   0   0   0   0   0   0   0   0  35  33   0   2   0   0   0   0   0   0  31  1.09 0.37
    6 V   -4 -6 -6 -6 -3 -6 -6 -7 -6  7 -1 -6 -2 -3 -6 -5 -3 -6 -4  5    0   0   0   0   0   0   0   0   0  60   1   0   0   0   0   0   0   0   0  39  1.63 0.50
    7 G   -3 -6 -4 -5 -6 -5 -6  8 -6 -7 -7 -5 -6 -7 -6 -4 -5 -6 -7 -7    0   0   0   0   0   0   0 100   0   0   0   0   0   0   0   0   0   0   0   0  2.53 0.66
    8 A    4 -3 -3  2  5 -3 -3 -3 -4 -3 -4 -3 -3 -4 -3  0  4 -4 -4 -2   39   0   0  12  12   0   0   0   0   0   0   0   0   0   0   6  25   0   0   2  0.74 0.33
    9 A    0  0  0  0  0  0  0  1  0  0  0  0  0  0  0  0  0  0  0  0   10   5   6   5   2   4   6  10   2   5   9   5   3   4   5   7   6   1   3   6  0.02 0.03
   10 G   -3 -6 -4 -5 -6 -5 -6  8 -6 -7 -7 -5 -6 -7 -6 -4 -5 -6 -7 -7    0   0   0   0   0   0   0 100   0   0   0   0   0   0   0   0   0   0   0   0  2.54 0.67
   11 T    3 -3  2  0 -4 -1 -3 -4 -3 -3 -1 -3  2  6 -4 -1 -1 -2  0 -3   25   1  10   5   0   3   0   0   0   0   6   0   6  36   0   4   3   0   1   0  0.61 0.30
   12 V   -3 -6 -6 -6 -4 -5 -6 -6 -6  0 -3 -5 -3 -4 -6 -4  2 -6 -5  7    0   0   0   0   0   0   0   0   0   1   0   0   0   0   0   0  11   0   0  88  1.83 0.59
   13 G   -3 -6 -4 -5 -6 -5 -6  8 -6 -7 -7 -5 -6 -7 -6 -4 -5 -6 -7 -7    0   0   0   0   0   0   0 100   0   0   0   0   0   0   0   0   0   0   0   0  2.54 0.67
   14 A    4 -4 -3 -4 -1 -3 -3 -3 -4 -2 -3 -3  5 -4 -4  4  0 -5 -4 -1   33   0   0   0   1   0   0   0   0   2   1   0  14   0   0  40   5   0   0   4  0.85 0.41
   15 A    2 -3 -3 -4 -4 -3 -3 -3 -4 -4 -5 -3 -4 -5 -4  5  5 -6 -5 -4   18   1   0   0   0   0   0   0   0   0   0   0   0   0   0  48  32   0   0   0  1.15 0.48
   16 A    0 -4 -4 -5  5 -4 -4 -5 -3  0 -3 -4  0  2 -5  0  4 -2  6 -2    7   0   0   0  12   0   0   0   0   5   1   0   3   9   0   6  25   0  32   1  0.88 0.38
   17 G    7 -5 -5 -5 -3 -4 -4 -1 -5 -4 -5 -4 -4 -6 -4 -2 -3 -6 -5 -3   94   0   0   0   0   0   0   4   0   0   0   0   0   0   0   0   1   0   0   1  1.84 0.62
   18 Y   -5 -5 -4 -2 -6 -5 -3 -6 -3 -3 -1 -5 -3  7 -6 -5 -5 -2  8 -4    0   0   1   3   0   0   2   0   0   0   5   0   0  41   0   0   0   0  47   0  1.89 0.57
   19 N    4 -3  0 -3  0 -2 -3 -2 -3 -2 -1 -3  1 -3 -3  3  1 -4 -1 -1   46   1   4   0   1   1   0   1   0   1   5   0   4   1   0  20  10   0   3   4  0.56 0.31
   20 I   -2 -5 -5 -6 -2 -4 -5 -6 -5  3  5 -5  5 -1 -5 -4 -3 -4 -4  0    3   0   0   0   1   0   0   0   0  13  61   0  16   1   0   1   1   0   0   4  1.09 0.40
   21 A    3 -4 -4 -5 -2 -3 -4 -3 -4  2  2 -4  5 -2 -4 -2 -1 -4 -3  2   24   0   0   0   0   0   0   1   0   9  22   0  20   0   0   2   4   0   0  17  0.60 0.29
   22 L   -2 -2  5 -2 -4  4 -1 -4  0  1  1 -2  1 -3 -4 -2  0 -4 -1 -2    2   0  31   0   0  23   3   0   2   9  14   0   3   1   0   1   6   0   3   2  0.55 0.31
   23 R   -3  3 -2 -2 -5  6 -1 -4 -2 -5 -4  3 -4 -6 -4  2 -1 -4 -4 -5    1  13   1   1   0  45   2   1   0   0   1  18   0   0   0  14   2   0   0   0  1.04 0.43
   24 D   -2 -2  2  0 -3 -1  2  6 -3 -6 -6 -2 -5 -6 -4 -1 -3 -5 -5 -5    1   1  10   5   1   2  15  59   0   0   0   2   0   0   0   3   0   0   0   0  1.10 0.39
   25 I   -2 -2 -5 -5 -1 -4 -5 -2 -4  4  4 -4  0  0 -4 -3  0 -4 -3  2    1   3   0   0   1   0   0   3   0  26  37   0   1   3   0   0   7   0   0  17  0.61 0.27
   26 A    4 -4 -4 -4  6 -4 -4  1 -4 -1 -2 -4 -1  2 -3 -1 -1 -4 -3  1   37   0   0   0  16   0   0  12   0   3   2   0   1  11   0   2   3   0   0  12  0.62 0.30
   27 D   -2  0  2  5 -5  1  2 -3 -1 -5 -5 -1 -4 -5 -3  3  0 -6 -5 -5    1   5   7  40   0   5  14   1   1   0   0   1   0   0   0  20   4   0   0   0  0.85 0.35
   28 E   -3 -3 -2  0 -5 -1  7 -4  2 -5 -5 -2 -4 -5 -3 -3 -3 -5 -4 -4    1   1   1   3   0   1  81   1   4   1   1   1   0   0   1   1   1   0   0   1  1.67 0.52
   29 V   -4 -5 -6 -6 -4 -5 -5 -6 -5  4  4 -5  3  1 -5 -5 -3 -4 -3  3    0   0   0   0   0   0   0   0   0  22  47   0   8   5   0   0   0   0   0  17  0.96 0.35
   30 V    0 -5 -5 -6 -1 -5 -5  0 -6  1 -1 -5 -2 -4 -5 -4 -3 -6 -4  6    8   0   0   0   1   0   0   9   0   5   4   0   0   0   0   0   1   0   0  72  1.19 0.45
   31 F   -4 -5 -6 -6 -4 -5 -6 -6 -6  4  5 -5  3  0 -6 -5 -4 -4 -3 -1    0   0   0   0   0   0   0   0   0  25  63   0   6   4   0   0   0   0   0   1  1.24 0.42
   32 V   -3 -5 -4 -6 -2 -3 -5 -6 -5  6  0 -5 -2 -3 -5 -4 -3 -5 -2  4    0   0   1   0   1   1   0   0   0  53   6   0   0   0   0   0   1   0   1  35  1.27 0.43
   33 D   -5 -5 -2  8 -7 -4 -2 -5 -5 -7 -7 -4 -7 -7 -5 -4 -5 -8 -7 -7    0   0   0  98   0   0   1   0   0   0   0   0   0   0   0   0   0   0   0   0  2.69 0.73
   34 I   -1 -4 -5 -5 -3 -4 -4 -5 -5  6  2 -4  0 -2 -4 -4 -2 -4 -3  3    4   1   0   0   0   0   0   1   0  53  13   1   2   1   0   1   1   0   1  22  0.98 0.34
   35 P    0 -1  3  3 -2 -1  0 -1 -1 -1 -1 -1 -2 -1  3 -1 -1 -2 -1 -1    7   2  15  21   1   2   3   3   1   3   5   3   1   3  17   4   3   1   2   5  0.29 0.09
   36 D    0  1  0  1 -1  2  1 -1  1 -1 -1  1 -1 -1  0  0  0 -1 -1 -1   10   7   4   8   1  16   8   4   4   3   5   7   1   2   3   5   5   1   2   4  0.11 0.04
   37 K   -1  0  5 -1 -3  0 -1 -2 -1 -3 -1  3  2 -3 -2 -1 -1 -3 -2 -2    4   4  39   2   0   4   2   2   1   1   5  20   6   1   1   3   3   0   1   2  0.54 0.21
   38 E   -2  2 -2 -1 -4  0  4 -3  1 -3 -3  5 -1 -3 -2 -2 -1 -3 -2 -3    3   8   1   1   0   2  29   1   4   1   1  38   2   1   1   1   2   0   1   2  0.68 0.27
   39 D    0 -2  2  4 -4  0  4  1 -2 -4 -3 -1 -3 -3 -2 -1 -2 -4 -3 -3    8   2   9  29   0   2  28  10   0   1   2   2   0   1   1   2   1   0   1   1  0.57 0.23
   40 D   -3  4 -3 -2 -4 -1 -1 -4 -2 -3 -3  5 -3  0  2 -2 -2 -4 -3 -2    1  22   0   1   0   1   2   1   1   1   1  48   0   4  10   1   1   0   1   3  0.86 0.34
   41 T    5 -4 -4 -4 -3 -4 -4 -3 -5 -2 -1 -3 -3 -5 -3  0  4 -5 -4  0   61   0   0   0   0   0   0   0   0   1   5   0   0   0   0   3  24   0   0   5  1.02 0.44
   42 V   -2 -1 -2 -1 -5  1  5 -4 -2  0 -1  2  0 -4 -4 -2 -2  1 -1  0    2   2   1   2   0   5  45   0   1   7   6  16   3   0   0   1   1   2   2   7  0.61 0.31
   43 G   -1 -6 -4 -5 -6 -5 -5  7 -5 -7 -7 -5 -6 -7 -6 -3 -5 -6 -6 -6    3   0   0   0   0   0   0  95   0   0   0   0   0   0   0   1   0   0   0   0  2.34 0.64
   44 Q   -4 -2  0  4 -6  1  6 -5 -1 -6 -6  3 -5 -6 -4 -3 -4 -6 -5 -6    0   0   3  23   0   5  51   0   1   0   0  17   0   0   0   0   0   0   0   0  1.26 0.46
   45 A    6 -5 -5 -5 -3 -4 -4 -3 -5 -2 -4 -4 -2 -5 -4 -2 -2 -6 -5  3   75   0   0   0   0   0   0   0   0   0   0   0   1   0   0   1   1   0   0  21  1.38 0.53
   46 A   -1 -2 -5 -6 -4 -2 -3 -6 -5  0  4 -3  8 -3 -6 -4 -4 -3 -4 -2    5   3   0   0   0   1   2   0   0   3  36   2  48   0   0   0   0   0   0   0  1.38 0.50
   47 D   -6 -6 -2  9 -8 -4 -2 -5 -5 -7 -8 -5 -7 -8 -5 -4 -5 -8 -7 -7    0   0   0 100   0   0   0   0   0   0   0   0   0   0   0   0   0   0   0   0  2.83 0.77
   48 T   -3 -5 -6 -6 -4 -5 -6 -6 -5  3  5 -5  5 -2 -6 -5 -2 -5 -4 -1    1   0   0   0   0   0   0   0   0  15  64   0  16   0   0   0   2   0   0   1  1.24 0.43
   49 N    0 -1  5 -2 -2  0  0 -2 -2 -3  0 -1  2 -2 -4  2 -1  2 -2 -2    7   3  34   0   1   3   5   1   0   1   8   1   6   1   0  19   1   3   1   3  0.46 0.27
   50 H   -5 -4 -2  2 -7  2  2 -6 10 -7 -6 -4 -5 -5 -5 -4 -5 -6 -2 -7    0   0   1  11   0   8  11   0  69   0   0   0   0   0   0   0   0   0   0   0  2.28 0.66
   51 G    3 -5 -3 -4  2 -4 -4  6 -5 -5 -5 -2 -5 -6 -4  0 -1 -5 -5 -4   23   0   0   0   5   0   0  60   0   0   0   2   0   0   0   6   4   0   0   1  1.23 0.43
   52 I    1 -3 -3 -4 -2 -2 -3 -2 -4  2  3 -2  2 -2 -3  0  1 -4 -3  2   13   1   0   0   0   2   0   2   0  15  27   2   6   0   0   7  10   0   0  14  0.32 0.19
   53 A    3 -4 -3 -2 -4 -3 -1 -2 -4 -4 -3 -3 -3 -5  6  1 -2 -6 -4  0   22   0   1   1   0   0   3   3   0   0   2   1   0   0  45  13   1   0   0   6  1.06 0.39
   54 Y   -5 -6 -6 -7 -5 -6 -6 -6 -3 -3 -1 -6 -2  8 -7 -6 -5  5  5 -2    0   0   0   0   0   0   0   0   0   0   5   0   1  65   0   0   0   6  21   2  2.03 0.58
   55 D    1 -3  1  3 -1 -2 -2 -1 -2 -1 -1 -2 -1 -2  2  1  2 -4 -3  1   15   0   7  19   1   1   1   4   0   3   4   0   1   1   9   8  15   0   0  13  0.25 0.18
   56 S    1  1 -1 -2 -3  0 -1  1  0 -4 -4  1 -3 -2  1  3  1 -4 -2 -3   12   7   1   1   0   2   3  11   3   0   0  11   0   1   6  32   9   0   1   1  0.36 0.22
   57 N   -2  2  3 -2 -4  0 -3 -2  1 -5 -5  0 -4 -6  6  0 -1 -3 -3 -5    1  11  18   2   0   4   0   2   3   0   0   7   0   0  43   6   3   0   1   0  1.04 0.38
   58 T   -2 -3 -4 -3  0 -3 -4 -4 -4  3 -1  1  5 -3 -4 -2  3 -5 -4  3    2   0   0   1   2   0   0   0   0  14   2  12  20   0   0   2  23   0   0  22  0.63 0.32
   59 R   -2  2  2  1 -4  0  0 -3  0 -2 -3  4 -3 -4 -3  0  1 -4 -3 -1    1  10  11   6   0   3   6   0   2   2   2  36   0   0   0   4  11   0   0   5  0.46 0.24
   60 V   -3 -5 -5 -5 -4 -5 -5  0 -5  6 -1 -5 -1 -3 -5 -4 -2 -5 -4  4    0   0   0   0   0   0   0   8   0  54   3   0   0   0   0   0   1   0   0  32  1.18 0.41
   61 R   -3  2 -3 -4 -4 -3 -3  0  0 -2 -4  2 -3 -1 -4 -1  1  6  6 -1    1  10   0   0   0   0   1   9   1   2   0  12   0   1   0   5  10  11  32   4  0.73 0.33
   62 Q    4 -3 -2 -3 -2  1 -2 -2 -2 -3 -3 -1 -2 -1 -3  2  2 -4 -1  0   43   0   1   1   1   6   1   1   1   0   1   3   0   3   1  15  16   0   2   5  0.50 0.29
   63 G    1 -5  1 -4 -5 -4 -4  7 -5 -6 -6 -4 -5 -6 -5  1 -3 -6 -6 -5   11   0   6   0   0   0   0  74   0   0   0   0   0   0   0   9   0   0   0   0  1.57 0.49
   64 G   -3 -3  2  6 -5 -2  1  0 -3 -5 -5 -2 -5 -5 -4  1  3 -6 -5 -4    0   0   7  46   0   1   9   6   0   0   0   1   0   0   0  10  19   0   0   0  0.95 0.37
   65 Y   -5 -6 -6 -7 -5 -5 -6 -7 -2 -3 -2 -5 -4  0 -6 -6 -5 -1 10 -3    0   0   0   0   0   0   0   0   0   2   3   0   0   1   0   0   0   0  91   1  2.89 0.79
   66 E    2 -1 -1  2 -3  0  4 -2 -2 -4 -5  1 -4 -5 -2  3 -1 -5 -4 -4   16   1   1  10   0   3  30   1   0   0   0   9   0   0   1  25   3   0   0   0  0.58 0.29
   67 D   -2 -3 -1  8 -6 -2  1 -4 -3 -5 -5  0 -3 -6 -5 -3 -3 -7 -6 -5    3   1   1  77   0   1   8   0   0   0   1   5   1   0   0   1   1   0   0   0  1.74 0.55
   68 T    0 -5 -5 -6  9 -5 -5 -4 -6  0 -2 -5 -3 -5 -5 -2  4 -5 -3 -1    6   0   0   0  51   0   0   1   0   6   4   0   0   0   0   1  26   0   1   4  1.71 0.53
   69 A    3  2 -2 -2 -3  0  0 -1  0 -4 -4  4 -2 -5 -3  0 -2 -4 -3 -2   30   8   1   1   0   3   5   4   3   0   0  35   1   0   0   6   1   0   0   2  0.55 0.29
   70 G   -4 -4  2  7 -6 -3 -1  2 -3 -6 -7 -4 -5 -7 -5 -3 -3 -7 -6 -6    0   0   9  71   0   1   2  16   0   0   0   0   0   0   0   1   1   0   0   0  1.70 0.54
   71 S    5 -4 -4 -4  1 -3 -4 -3 -4 -4 -4 -3 -1 -5 -3  4 -2 -5 -5 -1   60   0   0   0   3   0   0   0   0   0   0   0   1   0   0  31   0   0   0   3  1.17 0.48
   72 D    1 -3  0  7 -6 -1 -1 -2 -4 -6 -6 -2 -5 -5 -4 -1 -3 -7 -4 -5   11   1   2  74   0   2   2   2   0   0   0   1   0   0   0   3   0   0   1   0  1.60 0.52
   73 V   -3 -5 -6 -6 -4 -5 -5 -6 -5  6  3 -5  1 -3 -5 -5 -3 -5 -3  4    1   0   0   0   0   0   0   0   0  46  25   0   3   0   0   0   0   0   0  24  1.11 0.38
   74 V   -2 -6 -6 -6 -2 -5 -5 -6 -6  4 -2 -5 -2 -4 -5 -5 -2 -6 -4  7    3   0   0   0   1   0   0   0   0  18   0   0   0   0   0   0   1   0   0  76  1.57 0.52
   75 V   -3 -6 -6 -6  2 -5 -6 -6 -6  5 -2 -5 -2 -4 -5 -5 -3 -6 -4  6    1   0   0   0   4   0   0   0   0  28   1   0   0   0   0   0   1   0   0  65  1.46 0.49
   76 I   -4 -6 -3 -6 -4 -6 -6 -7 -6  8  0 -6 -1 -1 -6 -5 -4 -6 -4  2    0   0   1   0   0   0   0   0   0  83   3   0   1   1   0   0   0   0   0  10  1.81 0.55
   77 T   -1 -5 -4 -5  6 -4 -4 -5 -5 -4 -5 -4 -4 -6 -5 -1  7 -6 -5 -3    4   0   0   0  14   0   0   0   0   0   0   0   0   0   0   3  78   0   0   0  1.86 0.63
   78 A    7 -5 -5 -5 -4 -4 -4 -3 -5 -5 -5 -4 -4 -6 -4  1 -3 -6 -5 -3   91   0   0   0   0   0   0   1   0   0   0   0   0   0   0   7   0   0   0   0  1.79 0.61
   79 G   -3 -6 -4 -5 -6 -5 -6  8 -5 -7 -7 -5 -6 -7 -5 -3 -5 -6 -6 -7    0   0   0   0   0   0   0  97   0   0   0   0   0   0   0   1   0   0   0   0  2.43 0.66
   80 I    5 -4 -4 -4 -2 -4 -4 -3 -4  3  0 -3 -1 -4 -1 -1 -2 -5 -4  2   53   0   0   0   0   0   0   1   0  18   7   1   1   0   2   2   1   0   0  13  0.74 0.34
   81 Q   -4 -3 -4 -2 -6  4  7 -6 -3 -5 -5 -2  5 -6 -3 -4 -4 -6 -5 -5    0   0   0   0   0  16  66   0   0   0   0   0  17   0   1   0   0   0   0   0  1.67 0.59
   82 T   -3 -4 -2 -4 -4 -4 -4 -5 -5 -4 -5 -4 -3 -6 -4  3  7 -6 -5 -4    0   0   1   0   0   0   0   0   0   0   0   0   0   0   0  21  77   0   0   0  1.80 0.63
   83 R   -5  9 -4 -6 -7 -3 -4 -6 -4 -7 -6 -2 -5 -7 -6 -5 -5 -7 -6 -7    0 100   0   0   0   0   0   0   0   0   0   0   0   0   0   0   0   0   0   0  2.79 0.78
   84 I   -4 -4 -4  2 -4 -3 -1 -6 -5  2  5 -5  0 -3 -5 -5 -3 -5 -4 -2    0   1   0  12   0   1   5   0   0   9  70   0   1   0   0   0   1   0   0   0  1.04 0.41
   85 D   -4 -4 -1  8 -7  1  2 -5 -3 -7 -7 -3 -6 -7 -5 -3 -4 -7 -6 -6    1   0   1  80   0   6  10   0   0   0   0   0   0   0   0   1   0   0   0   0  2.01 0.60
   86 L   -5 -5 -6 -7 -4 -5 -6 -7 -6 -1  6 -6  0 -3 -6 -5 -1 -5 -4 -2    0   0   0   0   0   0   0   0   0   1  92   0   1   0   0   0   5   0   0   1  1.68 0.55
   87 A    1 -5 -5 -6 -3 -5 -5 -5 -5  3  2 -5 -1 -3 -5 -4 -1 -5 -4  5   11   0   0   0   0   0   0   0   0  15  19   0   0   0   0   0   2   0   0  52  0.94 0.37
   88 G   -1 -1  3  2 -4  3  2  2  1 -5 -4  2 -3 -5 -3  0 -1 -5 -3 -4    5   2  15  11   0  13  14  14   4   0   0  14   0   0   0   6   1   0   0   0  0.43 0.22
   89 D   -3  3 -2  0 -5 -2 -2 -3 -3  0 -3  5 -3 -5 -4 -2  2 -5 -4 -2    1  18   1   5   0   0   0   1   0   7   2  46   0   0   0   0  15   0   0   1  0.80 0.37
   90 N   -5 -4  9 -2 -6 -4 -4 -3 -3 -7 -7 -4 -6 -7 -6  0 -3 -8 -6 -7    0   0  93   0   0   0   0   1   0   0   0   0   0   0   0   5   0   0   0   0  2.58 0.75
   91 A    3 -3 -3 -4 -3  0 -2 -3 -3  0  1 -2  1 -2 -3 -1  1 -4  0  2   34   0   0   0   0   4   1   0   0   5  16   1   3   1   0   2  12   0   4  19  0.38 0.24
   92 P    1  1  1 -1 -4  0  1  1 -2 -4 -4  4 -2 -5  0  0 -1 -5 -4 -3   14   5   8   2   0   2   7  13   0   0   0  38   1   0   4   4   2   0   0   1  0.48 0.25
   93 I   -5 -6 -7 -7 -5 -6 -7 -7 -7  8 -1 -6 -1 -4 -6 -6 -4 -6 -5  2    0   0   0   0   0   0   0   0   0  87   1   0   0   0   0   0   0   0   0  11  2.07 0.61
   94 M   -3 -5 -3 -6 -1 -4 -5 -6 -3  0  1 -5  6  6 -6 -4 -2 -3  1  1    2   0   2   0   1   0   0   0   0   4   8   0  27  38   0   0   2   0   3  12  1.11 0.41
   95 E   -2  2 -1 -1 -6  1  1 -4  0 -5 -5  6 -4 -6 -4 -1 -2 -6 -4 -5    2  11   2   3   0   6   9   0   2   0   0  60   0   0   0   4   1   0   0   0  1.10 0.42
   96 D   -1 -3  0  3 -4  0  1  0 -2 -4 -5 -1 -3 -5 -3  5  1 -5 -4 -4    3   0   3  15   0   4   7   8   1   0   0   2   0   0   0  50   6   0   0   0  0.72 0.35
   97 I   -4 -6 -6 -6 -4 -5 -6 -7 -6  7  0 -5  2 -1 -6 -5 -3 -5 -4  4    0   0   0   0   0   0   0   0   0  64   3   0   5   2   0   0   0   0   0  26  1.49 0.48
   98 Q   -1 -5 -3 -5 -2 -4 -4 -2 -4  4 -1 -4  0 -3 -4 -2  2 -5 -4  5    3   0   1   0   1   0   0   4   0  27   3   0   1   0   0   2  15   0   0  42  0.77 0.33
   99 S   -1 -1 -1  2 -4  1  2  0 -2 -4 -4  2 -4 -5  4  1  0 -5 -4 -4    3   3   2  11   0   5  16   8   1   0   0  13   0   0  23   8   7   0   0   0  0.50 0.23
  100 S   -2 -1  2  1 -5  3  4 -2 -2 -5 -5  0 -4 -5  3  2 -2 -5 -4 -5    1   2  11   5   0  17  27   2   0   0   0   5   0   0  13  15   1   0   0   0  0.65 0.30
  101 L   -3 -6 -6 -6 -4 -5 -6 -6 -6  6  1 -5 -2 -3 -6 -5 -3 -5 -4  5    0   0   0   0   0   0   0   0   0  49   9   0   0   0   0   0   0   0   0  41  1.38 0.46
  102 D    1 -2 -4 -4 -3 -3 -4 -5 -5  0  0 -1  7 -3 -4 -3  0 -5 -4  4   12   2   0   1   0   0   0   0   0   3   5   4  33   0   0   1   7   0   0  31  0.83 0.37
  103 E    2  1 -1  1 -5  0  3 -2 -2 -4 -4  5 -4 -5 -3 -1 -2 -5 -4 -4   19   4   3   8   0   3  18   2   0   0   0  38   0   0   0   3   1   0   0   0  0.64 0.31
  104 H   -1  0  0 -4 -4 -1 -3 -4  5 -4 -3 -3 -4 -1 -4  4 -1 -3  5 -2    3   6   4   0   0   1   0   0  14   0   1   0   0   1   0  37   3   0  25   3  0.83 0.39
  105 N    0 -3  3 -1  1 -3 -3  5 -2 -5 -5 -2 -4 -5 -4  3 -1 -4 -3 -5    5   0  16   3   4   0   1  45   1   0   0   1   0   0   0  22   2   0   1   0  0.87 0.35
  106 D   -4 -3 -2  0  0 -3 -3 -5 -3 -4 -4 -2 -4  7  5 -3 -2 -3  0 -4    0   2   2   6   2   1   1   0   0   0   0   2   0  50  29   1   2   0   1   0  1.34 0.47
  107 D   -4 -3  5  6 -6  0  1 -2  1 -6 -6  1 -5 -6 -4 -1 -2 -6 -4 -6    0   1  31  42   0   3   8   2   3   0   0   7   0   0   0   2   1   0   0   0  1.15 0.41
  108 Y    2 -5 -3 -4  2 -4 -4  6 -4 -5 -5 -4 -3 -1 -2  0 -1 -5 -3 -3   19   0   0   0   5   0   0  59   0   0   0   0   0   3   2   6   4   0   1   1  1.10 0.39
  109 I   -4 -5 -5 -6 -3 -5 -6 -7 -1  7 -1 -4 -2 -1 -6 -5 -1 -5  0  2    0   0   0   0   0   0   0   0   2  73   3   1   0   1   0   0   3   0   3  13  1.45 0.48
  110 S   -4 -5 -5 -6 -4 -5 -5 -6 -4  4  3 -5  0  6 -6 -3 -2 -3  1  0    0   0   0   0   0   0   0   0   0  23  28   0   1  38   0   2   2   0   3   3  1.02 0.37
  111 L   -4 -5 -6 -6 -4 -5 -6 -6 -6  4  5 -5  0 -2 -6 -5 -4 -5 -4  2    0   0   0   0   0   0   0   0   0  20  65   0   1   0   0   0   0   0   0  14  1.23 0.42
  112 T   -3 -5 -6 -6 -2 -5 -5 -6 -6  5 -1 -5  1 -3 -5 -4  0 -6 -4  6    0   0   0   0   0   0   0   0   0  29   3   0   2   0   0   0   4   0   0  60  1.32 0.46
  113 T    5 -5 -5 -5 -3 -4 -4 -4 -5  0  1 -4 -2 -4 -4 -2  0 -5 -4  4   46   0   0   0   0   0   0   0   0   2  10   0   0   0   0   0   4   0   0  38  0.91 0.40
  114 S    2 -4 -3 -4 -4 -3 -3 -3 -4 -5 -5 -3 -4 -5 -4  5  5 -6 -5 -4   15   0   0   0   0   0   0   0   0   0   0   0   0   0   0  49  36   0   0   0  1.24 0.51
  115 N   -6 -4  9 -3 -7 -4 -4 -4 -3 -7 -8 -4 -6 -7 -6 -3 -4 -8 -6 -7    0   0 100   0   0   0   0   0   0   0   0   0   0   0   0   0   0   0   0   0  2.93 0.82
  116 P   -5 -6 -6 -6 -7 -5 -5 -6 -6 -7 -7 -5 -7 -8  9 -5 -5 -8 -7 -7    0   0   0   0   0   0   0   0   0   0   0   0   0   0 100   0   0   0   0   0  3.36 0.85
  117 V   -2 -6 -6 -7 -2 -6 -6 -7 -6 -1 -1 -6  2 -4 -5 -5 -3 -6 -5  7    2   0   0   0   1   0   0   0   0   0   4   0   4   0   0   0   0   0   0  90  1.86 0.60
  118 D   -6 -6 -2  9 -8 -4 -2 -5 -5 -7 -8 -5 -7 -8 -5 -4 -5 -8 -7 -7    0   0   0 100   0   0   0   0   0   0   0   0   0   0   0   0   0   0   0   0  2.83 0.77
  119 L    1 -5 -5 -6 -3 -5 -5 -5 -6  6  0 -5 -1 -3 -5 -4 -1 -5 -4  4   11   0   0   0   0   0   0   0   0  53   6   0   1   0   0   0   4   0   0  24  1.08 0.40
  120 L   -4 -5 -6 -7 -4 -5 -6 -7 -6  1  5 -5  7 -3 -6 -5 -4 -5 -4 -2    0   0   0   0   0   0   0   0   0   4  64   0  31   0   0   0   0   0   0   0  1.64 0.54
  121 N    1 -4  0 -4 -4 -4 -4 -4 -5 -4 -5 -4 -4 -6 -4  2  7 -6 -5 -3    9   0   4   0   0   0   0   0   0   0   0   0   0   0   0  12  75   0   0   0  1.59 0.58
  122 R   -5  1 -4 -6 -5 -2 -4 -7  2 -5 -4 -4 -3 -1 -7 -5 -4 -1  9 -5    0   7   0   0   0   2   1   0   5   0   1   1   0   0   0   0   0   0  81   0  2.42 0.71
  123 H    3 -3 -3 -4 -2 -1 -3 -3  2  1  0 -3  0 -1 -4 -1  1 -4  1  3   29   0   0   0   0   2   1   1   6   8   8   0   3   2   0   2   9   0   4  26  0.36 0.23
  124 L    3 -4 -4 -4 -2 -4 -4 -4 -5 -1 -1 -4 -2 -3 -4 -1  5 -5 -4  3   27   0   0   0   0   0   0   0   0   2   5   0   0   1   0   3  38   0   0  24  0.79 0.38
  125 Y   -3 -2 -4 -6 -1  2 -4 -5  2 -2  1 -3 -1  1 -6 -4 -4  9  5 -3    2   2   0   0   1  10   0   0   5   2  14   2   1   5   0   1   0  31  23   1  1.34 0.44
  126 E   -3  1 -3 -3 -6  1  1 -4 -3 -3 -5  7 -4 -6 -4 -3 -3 -6 -5 -4    0   7   0   1   0   4   7   0   0   2   0  76   0   0   0   1   1   0   0   0  1.55 0.54
  127 A    0 -3 -3 -3 -2 -2  1 -4 -3  1  2 -2  0  3 -4 -2  1  0  1  0    7   0   0   0   1   1  11   0   0  10  27   2   1  18   0   1   9   1   5   7  0.30 0.18
  128 G   -2 -4 -3 -4 -4 -4 -4 -1 -4 -5 -4 -4 -3 -6 -4  7  1 -6 -5 -5    1   0   0   0   0   0   0   4   0   0   1   0   0   0   0  85   8   0   0   0  1.66 0.62
  129 D   -3 -4 -2  0 -6 -4 -4  7 -5 -7 -7 -2 -6 -7 -5 -3 -5 -6 -6 -7    0   1   1   4   0   0   1  89   0   0   0   3   0   0   0   1   0   0   0   0  2.02 0.59
  130 R   -4 -1 -6 -6 -5 -5 -5 -6 -4 -1  4 -3  0  6 -5 -5 -4  2  1 -2    0   4   0   0   0   0   0   0   0   1  48   1   2  38   0   0   0   3   3   0  1.22 0.43
  131 S   -3 -5 -2  0 -6 -4 -3 -5 -4 -7 -7 -3 -6 -7  8 -2 -4 -7 -7 -6    2   0   2   6   0   0   1   1   0   0   0   1   0   0  85   2   0   0   0   0  2.52 0.69
  132 R    1  2 -2 -3 -3  0  0 -3 -1 -4 -4  5 -3 -4  1  0 -1 -1 -3 -2   12  12   1   0   0   2   6   1   1   0   0  45   0   0   6   8   2   1   1   2  0.64 0.31
  133 E   -2 -1  5 -1 -4  0  4 -1  4 -6 -5 -1 -4 -5 -4  1 -1 -6 -3 -5    1   2  34   1   0   2  30   3   9   0   0   2   0   0   0  13   2   0   1   0  0.87 0.37
  134 Q   -4  7 -3 -4 -7  3 -2 -5  1 -6 -5  3 -4 -6 -5 -3 -4 -6 -5 -6    0  67   0   0   0  10   1   0   3   0   0  17   0   0   0   1   0   0   0   0  1.71 0.55
  135 V   -4 -6 -7 -7 -4 -6 -6 -7 -7  2 -2 -6 -3 -4 -6 -5 -3 -6 -5  7    0   0   0   0   0   0   0   0   0   6   0   0   0   0   0   0   0   0   0  93  2.06 0.64
  136 I   -5 -6 -7 -7 -4 -6 -6 -7 -6  8  0 -6  0  2 -6 -6 -4 -5 -4  1    0   0   0   0   0   0   0   0   0  81   6   0   2   7   0   0   0   0   0   4  1.78 0.55
  137 G   -3 -6 -4 -5 -6 -5 -6  8 -6 -7 -7 -5 -6 -7 -6 -2 -5 -6 -7 -7    1   0   0   0   0   0   0  97   0   0   0   0   0   0   0   2   0   0   0   0  2.43 0.66
  138 F   -2 -4 -3 -4 -4  2 -3 -4 -4 -5 -5 -3  2  0 -4  6  2 -5 -4 -4    0   0   0   0   0  10   0   0   0   0   0   0   7   4   0  67  12   0   0   0  1.24 0.53
  139 G   -1 -5 -4 -5 -6 -5 -5  7 -5 -7 -7 -5 -6 -6 -5  1 -4 -6 -6 -6    3   0   0   0   0   0   0  87   0   0   0   0   0   0   0  10   0   0   0   0  2.04 0.59
  140 G   -3 -5 -3 -5 -3 -4 -5  3 -5 -4 -5 -4 -4 -6 -4 -2  7 -6 -5 -4    0   0   0   0   0   0   0  21   0   0   0   0   0   0   0   0  78   0   0   0  1.79 0.63
  141 R    0 -1 -3 -4 -3 -3 -4 -4 -4  3 -1 -3 -1 -3 -4  2  1 -5 -4  5    8   4   1   0   0   0   0   0   0  15   4   0   1   0   0  17   9   0   0  42  0.59 0.30
  142 L   -5 -6 -7 -7 -5 -6 -6 -7 -6 -1  7 -6 -1 -3 -6 -6 -4 -5 -4 -1    0   0   0   0   0   0   0   0   0   1  97   0   0   0   0   0   0   0   0   1  1.90 0.59
  143 D   -6 -6 -2  9 -8 -4 -2 -5 -5 -7 -8 -5 -7 -8 -5 -4 -5 -8 -7 -7    0   0   0 100   0   0   0   0   0   0   0   0   0   0   0   0   0   0   0   0  2.83 0.77
  144 S   -2 -4 -3 -4 -4 -4 -4 -4 -5 -5 -5 -4 -4 -6 -4  5  6 -6 -5 -4    0   0   0   0   0   0   0   0   0   0   0   0   0   0   0  40  59   0   0   0  1.62 0.60
  145 A    6 -4 -4 -5 -4 -4 -4 -1 -5 -4 -5 -4 -2 -5 -4  3 -2 -6 -5 -4   78   0   0   0   0   0   0   2   0   0   0   0   1   0   0  17   1   0   0   0  1.46 0.54
  146 R   -5  9 -4 -6 -7 -3 -4 -6 -4 -7 -6 -2 -5 -7 -6 -5 -5 -7 -6 -7    0 100   0   0   0   0   0   0   0   0   0   0   0   0   0   0   0   0   0   0  2.79 0.78
  147 F   -5 -6 -6 -7 -5 -6 -6 -7 -5 -2  4 -6 -1  7 -6 -6 -5 -1  2 -3    0   0   0   0   0   0   0   0   0   0  41   0   0  54   0   0   0   1   4   0  1.65 0.51
  148 R   -4  7 -2 -5  0  0 -3 -5 -3 -6 -6  4 -4 -6 -5 -4 -4 -6 -5 -6    1  69   1   0   3   3   0   0   0   0   0  23   0   0   0   0   0   0   0   0  1.77 0.57
  149 Y   -1 -4 -1 -4 -3  0 -3 -5  2 -3 -3 -1 -2  2 -5  0  2 -1  7 -1    5   0   4   1   1   4   0   0   4   1   0   3   1   7   0   7  12   0  47   5  0.95 0.39
  150 V    0 -1 -3 -4 -1 -2  0 -4 -2  0  3 -2  3  3 -4 -2 -2 -3  0  0   11   3   1   0   1   1   7   0   1   3  33   1   8  17   0   1   1   0   3   6  0.34 0.20
  151 L   -4 -5 -6 -6 -4 -5 -6 -6 -6  4  5 -5  1 -2 -6 -5 -4 -5 -4  2    0   0   0   0   0   0   0   0   0  23  64   0   2   0   0   0   0   0   0  10  1.24 0.42
  152 S    4 -4 -3 -4 -4 -4 -4  5 -4 -5 -5 -4 -4 -5 -4  3 -3 -5 -5 -4   32   0   0   0   0   0   0  41   0   0   0   0   0   0   0  27   0   0   0   0  1.12 0.43
  153 E   -2  0  0  2 -6  4  5 -3 -1 -5 -4  3 -2 -6 -4 -2 -3 -5 -4 -5    2   4   3  11   0  17  43   1   1   0   1  15   1   0   0   1   1   0   0   0  0.91 0.37
  154 E    0  1 -1 -3 -5 -1  2 -4  5 -2  0  2  0 -1 -4 -2 -3 -3  4 -3    8   9   2   0   0   1  18   0  19   2   9  11   2   1   0   0   0   0  18   0  0.53 0.28
  155 F   -4 -5 -5 -6  3 -5 -4 -6 -3  0  4 -3  0  5 -5 -4 -2 -3  1  0    0   0   0   0   6   0   1   0   0   4  45   1   1  31   0   0   2   0   3   5  0.95 0.35
  156 D   -2 -2  5  4 -4  1  1  3  0 -5 -5  0 -4 -5 -4 -1 -2 -5 -4 -5    1   2  27  23   0   5   7  21   2   0   0   6   0   0   0   3   1   0   0   0  0.73 0.30
  157 A   -1 -5 -5 -6  0 -5 -5 -6 -6  4  0 -4 -1 -3 -5 -4 -1 -5 -4  6    4   0   0   0   2   0   0   0   0  21   8   1   1   0   0   0   3   0   0  61  1.14 0.41
  158 P    1 -4  1  6 -4 -3 -1 -3 -2 -6 -6 -3 -5 -6  1  3 -3 -6 -5 -5   10   0   6  52   0   0   2   0   1   0   0   0   0   0   6  22   0   0   0   0  1.13 0.43
  159 V    1 -4 -2 -4 -4 -3 -3 -3 -4 -1 -4 -4 -3 -5  6  1  0 -6 -3  2   13   0   2   0   0   0   0   1   0   2   0   0   0   0  45  14   4   0   1  17  1.06 0.39
  160 Q   -2  6  0 -2 -5  1  0 -3 -1 -5 -4  3 -2 -5 -4  0  0 -3 -4 -4    3  53   3   1   0   4   4   1   1   0   0  16   1   0   0   7   4   0   0   1  0.97 0.38
  161 N   -2 -4  6  4 -5 -3 -1 -3 -2 -5 -6 -3 -5 -6 -4  4 -2 -6 -4 -5    1   0  36  21   0   0   2   0   0   0   0   0   0   0   0  38   1   0   0   0  1.22 0.47
  162 V   -3 -6 -6 -6 -1 -5 -6 -6 -6  5 -1 -5  0 -3 -6 -5 -3 -6 -4  6    0   0   0   0   1   0   0   0   0  29   1   0   1   0   0   0   0   0   0  67  1.55 0.51
  163 E   -4 -2  0  1 -6  2  0 -5 10 -5 -6 -3 -4 -5 -5 -1  0 -6 -1 -6    0   1   4   6   0   8   6   0  62   0   0   0   0   0   0   3   7   0   1   0  1.80 0.57
  164 G    6 -5 -4 -5 -4 -4 -4  4 -5 -4 -5 -4 -4 -5 -4 -1 -1 -6 -5 -3   65   0   0   0   0   0   0  29   0   0   0   0   0   0   0   2   2   0   0   1  1.32 0.49
  165 T   -4 -4 -2 -5 -4 -3 -5 -6  2 -3 -3 -5  2  5 -5 -3 -1  0  8 -2    1   1   2   0   0   1   0   0   4   0   1   0   5  20   0   1   5   1  56   2  1.61 0.52
  166 I   -2 -6 -6 -6 -4 -5 -6 -6 -6  6 -1 -5  2 -3 -5 -2 -2 -5 -4  4    2   0   0   0   0   0   0   0   0  58   2   0   4   0   0   3   1   0   0  30  1.32 0.45
  167 L   -4 -5 -6 -6 -4 -5 -6 -6 -5  6  3 -5  6 -2 -6 -5 -3 -5 -4  1    0   0   0   0   0   0   0   0   0  44  29   0  20   1   0   0   0   0   0   6  1.22 0.42
  168 G   -2 -6 -4 -5 -6 -5 -6  8 -6 -7 -7 -5 -6 -7 -6 -4 -5 -6 -7 -7    2   0   0   0   0   0   0  98   0   0   0   0   0   0   0   0   0   0   0   0  2.47 0.67
  169 E   -3 -4 -4 -2 -7 -1  7  2 -4 -7 -7 -3 -6 -7 -5 -4 -4 -6 -6 -5    1   0   0   0   0   0  83  16   0   0   0   0   0   0   0   0   0   0   0   1  1.89 0.64
  170 H   -6 -5 -4 -5 -7 -4 -4 -6 11 -8 -7 -5 -6 -6 -7 -5 -6 -7 -2 -8    0   0   0   0   0   0   0   0 100   0   0   0   0   0   0   0   0   0   0   0  3.87 0.94
  171 G   -3 -6 -4 -5 -6 -5 -6  8 -6 -7 -7 -5 -6 -7 -6 -2 -5 -6 -7 -7    0   0   0   0   0   0   0  98   0   0   0   0   0   0   0   2   0   0   0   0  2.46 0.67
  172 D   -6 -6 -2  9 -8 -4 -2 -5 -5 -7 -8 -5 -7 -8 -5 -4 -5 -8 -7 -7    0   0   0 100   0   0   0   0   0   0   0   0   0   0   0   0   0   0   0   0  2.83 0.77
  173 A   -1 -4 -2  1 -3 -3 -3 -3 -4 -5 -5 -3 -4 -5 -4  6  4 -6 -5 -4    4   0   0   8   0   0   0   0   0   0   0   0   0   0   0  59  27   0   0   0  1.24 0.51
  174 Q   -3 -3 -4 -2 -6  3  6 -4 -3 -4 -4 -2  5 -5 -4 -1 -4 -6 -5 -3    1   0   0   0   0  14  61   1   0   0   0   0  17   0   0   5   0   0   0   1  1.40 0.53
  175 V   -3 -5 -5 -6 -4 -4 -5 -6 -5  2  3 -5  2  5 -5 -4 -3 -3 -2  4    0   0   0   0   0   0   0   0   0  10  23   0   5  27   0   0   1   0   0  34  0.93 0.35
  176 P    3 -5 -5 -5 -3 -4 -4 -4 -5 -2 -3 -4 -4 -5  7 -3 -3 -6 -5  2   28   0   0   0   0   0   0   0   0   2   1   0   0   0  51   0   0   0   0  16  1.47 0.50
  177 V    2 -4 -4 -4 -1 -4 -4 -4 -5  0  2 -4  0 -3  2 -2 -1 -5 -4  4   20   0   0   0   1   0   0   0   0   2  21   0   1   0  12   2   3   0   0  38  0.60 0.30
  178 F   -5 -6 -7 -8 -6 -6 -6 -6 -6 -1 -2 -6 -3  2 -2 -6 -1 12  2  0    0   0   0   0   0   0   0   0   0   4   4   0   0   7   2   0   4  67   4   7  2.80 0.72
  179 S   -2  3 -2 -2 -4 -3 -3 -4 -3 -6 -6 -2 -3 -6 -4  7 -1 -6 -5 -5    0  15   1   2   0   0   0   0   0   0   0   0   0   0   0  78   2   0   0   0  1.53 0.59
  180 K   -1  0  1 -2 -1  1 -1 -2  5 -2  0  1 -1 -2 -3  2  1 -3  3 -3    4   3   6   0   1   6   2   2  18   1  10   7   1   0   0  16   8   0  14   0  0.32 0.21
  181 V    5 -4 -3 -4 -2 -3 -3 -1 -4 -2 -2 -3 -2 -4 -4  1  2 -5 -4  2   51   0   1   0   0   0   0   3   0   1   3   0   0   0   0  11  15   0   0  15  0.74 0.36
  182 S   -2  1  5 -1 -3 -1 -3 -3  0 -4 -3 -2  1 -1 -4  1  3 -4  3 -4    1   6  36   2   1   1   0   0   2   0   2   0   3   2   0  10  21   0  11   0  0.70 0.34
  183 V    0 -3 -5 -6 -4 -5 -5 -6 -5  6 -1 -5 -1 -2 -5 -4 -3 -3 -1  5    9   1   0   0   0   0   0   0   0  43   2   0   1   0   0   0   0   0   2  40  1.09 0.40
  184 D    4 -3  0 -1 -3 -3 -3  5 -4 -5 -5 -3 -3 -5 -4  1 -3 -5 -2 -4   33   1   4   4   0   0   0  43   0   0   0   0   1   0   0  12   0   0   1   0  0.90 0.36
  185 G   -2 -5 -1 -4  1 -5 -5  7 -5 -6 -6 -4 -4 -6 -5 -1 -1 -6 -6 -4    2   0   2   0   3   0   0  84   0   0   0   0   0   0   0   3   3   0   0   1  1.81 0.54
  186 T   -2  0 -3 -4 -3 -1 -2 -3 -3  4  0  2  2 -3 -4 -2  0 -4 -3  3    2   4   0   0   0   3   2   1   0  26   6  19   7   0   0   3   5   0   0  21  0.39 0.23
  187 D   -3 -1  2  2 -5 -1 -2 -3  0 -5 -5  0 -4 -6  7  1 -3 -6 -5 -4    1   3  10  11   0   2   1   1   2   0   0   6   0   0  52   9   1   0   0   1  1.27 0.43
  188 P   -2 -4 -4 -4 -2 -4 -4 -4 -4  3  4 -2  1  1  3 -3 -2 -4 -3  2    1   0   0   1   0   0   1   0   0  15  40   2   3   5  13   1   0   0   0  15  0.56 0.25
  189 E   -1  0  1  2 -3  1  3 -2 -1 -3  0  1 -1 -3 -2  0  1 -4 -2 -2    3   4   7  13   0   4  27   1   1   0  10   9   1   1   1   8   8   0   1   2  0.29 0.17
  190 F   -1 -1 -2 -2  2 -1  0 -3  0  2  1 -1  0  3 -3 -2 -1  1  2  1    2   2   1   2   5   3   7   0   2  17  15   3   1  14   0   2   3   2   9   7  0.18 0.13
  191 S   -1 -1  1  2  1 -1  0 -1  0 -1 -1  0 -1 -1  2  2  1 -1  0 -2    3   2   6  15   3   2   3   3   3   3   5   5   1   2   9  19   9   1   4   2  0.14 0.11
  192 G    0  0  0  1  1  2  2 -1  1 -2 -1  2  0 -1  0  0 -1 -2 -2 -2    8   2   3   8   3   9  17   5   3   2   7  15   4   2   3   4   2   0   1   2  0.13 0.11
  193 D   -1 -2  0  4 -5  0  5 -3 -2 -2 -3  1 -3 -5 -2 -1 -2 -5 -4 -3    5   1   3  29   0   3  39   1   1   3   2   7   0   0   1   4   1   0   0   1  0.77 0.33
  194 E   -1  3  0  4 -3  1  3 -3 -1 -3 -4  1 -2 -2 -3 -1 -1 -3 -3 -2    5  17   3  23   0   4  25   1   1   2   1   6   1   2   0   4   2   0   0   2  0.49 0.24
  195 K   -3  1 -3 -4 -4 -1 -2 -5 -4  1  4  2  4 -2 -4 -3 -2 -2 -3 -1    1   8   0   0   0   2   2   0   0   7  50  15  10   1   0   1   1   1   0   1  0.64 0.31
  196 E   -1 -1  1  4 -5  1  4 -3  0 -3 -3  1 -3 -4 -3 -2 -2 -5 -3 -2    5   2   7  30   0   5  31   1   2   1   3   7   0   0   1   1   1   0   1   3  0.65 0.29
  197 Q    1  1  0  1 -4  2  4 -2 -1 -4 -4  3 -3 -5 -3 -1 -1 -5 -4 -2   14   8   4   9   0  10  28   2   1   1   1  18   0   0   0   1   3   0   0   2  0.47 0.24
  198 L   -4 -6 -6 -6 -3 -6 -6 -7 -5  7  1 -6  1 -2 -6 -5 -3 -6 -4  2    0   0   0   0   0   0   0   0   0  76  12   0   3   1   0   0   1   0   0   8  1.63 0.51
  199 L    1 -3 -3 -3 -4 -2  1 -4  1  0  0 -3 -1  5 -3 -1 -2 -2  3  2   13   1   0   0   0   1  12   0   3   4   6   1   0  27   1   3   2   0  11  16  0.41 0.23
  200 G    0 -1  0  3 -4  1  4 -2  0 -2 -2  0 -2 -2 -3 -1  0 -3 -2  0    6   2   4  14   0   4  36   2   2   3   3   5   0   2   0   2   5   0   1   8  0.39 0.22
  201 D   -2  3  3  4 -5  2  3 -2 -1 -5 -4  1 -3 -5 -3 -1 -2 -5 -4 -5    2  17  14  22   0  10  18   2   1   0   0   9   1   0   0   4   1   0   0   0  0.62 0.27
  202 L   -3 -5 -5 -5 -4 -5 -5 -6 -6 -1 -1 -5 -3 -4 -5 -3  5 -6 -4  6    1   0   0   0   0   0   0   0   0   1   4   0   0   0   0   0  36   0   0  58  1.33 0.51
  203 Q   -2  7 -3 -4 -6  1 -3 -5 -3 -4 -5  4  0 -6 -5 -3 -2 -4 -5 -2    3  55   0   0   0   5   0   0   0   1   0  29   3   0   0   0   2   0   0   3  1.34 0.48
  204 E   -3 -1  5  4 -4  0  0 -2  0 -4 -5  2 -3 -4 -4 -2  0 -6 -4 -1    0   3  30  29   0   3   4   2   2   0   0  13   0   1   0   0   5   0   0   6  0.75 0.32
  205 S    5 -4 -3 -4 -2 -3 -3  3 -4 -4 -4  0 -3 -5 -4  2 -2 -5 -5 -3   55   0   0   0   0   0   1  18   0   0   1   5   0   0   0  17   0   0   0   1  0.92 0.40
  206 A    6 -5 -4 -5 -4 -4 -4  4 -5 -5 -5 -4 -4 -6 -4 -2 -3 -6 -5 -4   74   0   0   0   0   0   0  26   0   0   0   0   0   0   0   0   0   0   0   0  1.55 0.55
  207 M    0 -5 -5 -6 -6 -3 -5  1 -2 -4 -4 -5  1  0 -6 -4 -5  4  9 -5    8   0   0   0   0   1   0  10   0   0   0   0   4   1   0   0   0   5  68   0  1.88 0.60
  208 D   -3 -1 -1  2 -6  1  6 -4  3 -6 -5  1 -4 -6 -4 -1  0 -6 -3 -5    1   2   2   9   0   5  56   0   8   0   0   8   0   0   0   2   6   0   1   0  1.05 0.41
  209 V   -4 -6 -7 -7 -4 -6 -6 -7 -7  8  0 -6 -2 -3 -6 -6 -4 -6 -5  2    0   0   0   0   0   0   0   0   0  82   6   0   0   0   0   0   0   0   0  12  1.90 0.57
  210 I   -4 -6 -6 -6 -4 -6 -6 -7 -6  7 -1 -6 -2 -2 -6 -5 -1 -5  0  2    0   0   0   0   0   0   0   0   0  76   2   0   0   1   0   0   4   0   3  13  1.63 0.52
  211 E   -1 -1  4  2 -4  2  4 -1 -1 -5 -5  2 -4 -5 -4  0 -2 -5 -4 -4    4   2  25   8   0   7  28   3   1   0   0  15   0   0   0   5   0   0   0   0  0.70 0.31
  212 R    1  5 -2 -4 -4 -2 -3 -2 -3 -3  2  3 -2 -3 -4 -2 -2 -5 -2 -3   14  37   1   0   0   0   0   2   0   0  21  19   0   0   0   1   1   0   2   1  0.66 0.32
  213 K   -4 -1  2 -4 -6 -2 -3 -5 -4 -6 -2  7  0 -6 -5 -4 -4 -6 -5 -5    0   0   9   0   0   0   0   0   0   0   5  83   2   0   0   0   0   0   0   0  1.79 0.61
  214 G   -3 -1 -2 -3 -6 -2 -4  7  0 -7 -7  1 -6 -6 -5 -3 -4 -6 -6 -6    0   3   1   1   0   2   0  82   2   0   0   8   0   0   0   1   0   0   0   0  1.78 0.54
  215 A    5 -4 -2 -4 -3 -3 -3 -3 -3 -4 -4 -3 -4 -4 -4  3  2 -5  0 -3   61   0   1   0   0   0   1   0   0   0   0   0   0   0   0  21  12   0   4   0  1.06 0.45
  216 T    1 -5 -4 -5 -4 -4 -4 -4 -5 -4 -5 -4 -4 -6 -4  0  7 -6 -5 -4   11   0   0   0   0   0   0   0   0   0   0   0   0   0   0   6  83   0   0   0  1.84 0.64
  217 E    0 -5 -1 -5 -2 -1 -3 -5  0 -4 -4 -4 -4  3 -5  1 -4  0  8 -4    7   0   3   0   1   3   2   0   2   0   0   0   0  12   0  12   0   1  59   0  1.51 0.52
  218 W   -6 -6 -6 -7 -6 -5 -6 -7 -2 -5 -5 -6 -5  2 -7 -6 -6  4 10 -5    0   0   0   0   0   0   0   0   0   0   0   0   0   6   0   0   0   6  88   0  2.96 0.79
  219 G    4 -5 -4 -5 -5 -4 -5  6 -5 -6 -6 -4 -5 -6 -5 -2 -4 -6 -6 -5   39   0   0   0   0   0   0  60   0   0   0   0   0   0   0   1   0   0   0   0  1.58 0.52
  220 P   -4 -6 -6 -6 -4 -5 -6 -6 -6  7 -2 -5 -2 -4  4 -5 -3 -6 -5  3    0   0   0   0   0   0   0   0   0  63   0   0   0   0  21   0   0   0   0  16  1.53 0.51
  221 A    5 -5 -4 -5 -4 -4 -4  5 -5 -5 -5 -4 -5 -6 -4 -2 -4 -6 -5 -4   58   0   0   0   0   0   0  41   0   0   0   0   0   0   0   1   0   0   0   0  1.46 0.51
  222 R    2 -3 -2 -5 -2 -3 -4 -4 -4 -1  2 -4  7 -2 -4 -1  2 -4 -4  0   20   0   1   0   0   0   0   0   0   2  22   0  32   0   0   5  12   0   0   4  0.72 0.35
  223 G    5 -4 -3 -4  1 -3 -3  3 -4 -4 -4 -3 -4 -5 -4  3  0 -5 -5 -2   47   0   0   0   3   0   0  20   0   0   0   0   0   0   0  26   3   0   0   1  0.92 0.40
  224 V   -1 -5 -5 -6 -2 -4 -5 -5 -5  1  5 -5  1 -2 -5 -3  0 -4 -4  4    5   0   0   0   1   0   0   0   0   6  53   0   3   0   0   1   4   0   0  28  0.87 0.34
  225 A    3  0  0 -1 -2 -2 -2 -2 -3 -1 -2  0  1 -3 -3  0  2 -4 -3  2   34   6   4   3   0   0   0   1   0   1   2   5   4   0   0   4  13   0   0  21  0.34 0.23
  226 H   -2  7 -2 -2 -5  2  1 -1  2 -5 -5  0 -3 -4 -5 -2 -3 -5 -1 -4    2  60   1   2   0   8   7   4   5   0   0   3   0   1   0   1   1   0   2   1  1.14 0.43
  227 M   -4 -6 -6 -6 -4 -5 -6 -7 -5  7  1 -5  5 -3 -6 -5 -2 -5 -4  0    0   0   0   0   0   0   0   0   0  69  11   0  17   0   0   0   1   0   0   2  1.62 0.52
  228 V    1 -4 -4 -5  5 -4 -4 -4 -5  1 -2 -4 -2 -4 -4  0  4 -5 -4  4   11   0   0   0  12   0   0   0   0   7   1   0   0   0   0   5  30   0   0  33  0.78 0.36
  229 E   -2  3 -1 -1 -6  2  5 -3 -2 -5 -5  4 -4 -6 -4 -2 -1 -5 -4 -4    2  16   2   2   0   7  38   1   0   0   0  29   0   0   0   1   3   0   0   0  0.94 0.38
  230 A    6 -5 -4 -5  1 -4 -4 -3 -4 -5 -5 -4 -4 -5 -4  1 -2 -6 -4 -2   83   0   0   0   3   0   0   0   0   0   0   0   0   0   0  10   2   0   0   1  1.54 0.56
  231 I   -5 -6 -7 -7 -5 -6 -7 -7 -7  8 -1 -6 -1 -3 -6 -6 -4 -6 -5  2    0   0   0   0   0   0   0   0   0  87   3   0   0   0   0   0   0   0   0  10  2.02 0.60
  232 L   -2 -5 -6 -6 -4 -5 -5 -6 -4  2  5 -5  1  2 -5 -4 -3 -4 -3  2    2   0   0   0   0   0   0   0   0   9  64   0   3  10   0   0   0   0   0  11  1.02 0.37
  233 H   -3  5  3 -1  0  1 -1 -1  3 -5 -4  3 -2 -3 -4 -2 -3 -4 -2 -5    0  35  17   3   2   5   3   5   6   0   1  17   1   1   0   2   0   0   1   0  0.71 0.31
  234 D   -5 -5  5  7 -7 -4 -2 -4 -3 -7 -7 -4 -6 -7 -5 -3 -4 -8 -6 -7    0   0  31  67   0   0   0   0   0   0   0   0   0   0   0   1   0   0   0   0  2.03 0.61
  235 T   -4 -2 -3 -1 -6  5  6 -5 -2 -6 -5  0 -5 -5 -4 -2  0 -6 -5 -5    0   0   0   2   0  24  62   0   0   0   0   4   0   0   0   2   5   0   0   0  1.45 0.53
  236 G   -3  2  6  0 -5  0 -1  0  4 -6 -5  3 -4 -5 -4 -2 -3 -6 -2 -5    1  10  40   5   0   3   1   7  10   0   0  21   0   0   0   2   0   0   1   0  0.91 0.37
  237 E    2  3 -2 -3 -2 -2  0 -3 -1 -3 -4  1 -3 -4 -3  4  1 -5 -4  0   16  20   0   0   1   0   5   0   1   0   0   8   0   0   0  33   7   0   0   8  0.50 0.28
  238 V   -2 -6 -6 -6 -3 -5 -5 -6 -6  6 -1 -5  1 -3 -5 -4 -3 -6 -4  5    3   0   0   0   0   0   0   0   0  43   2   0   3   0   0   0   0   0   0  48  1.35 0.46
  239 L   -4 -4 -6 -6 -4 -4 -6 -6 -4  2  6 -5  2  1 -6 -5 -4 -4 -2 -1    0   1   0   0   0   0   0   0   0  10  76   0   4   6   0   0   0   0   1   1  1.30 0.45
  240 P   -2 -5 -1 -4 -3 -4 -4 -5 -5 -5 -6 -4 -4 -6  7 -1  5 -7 -6 -5    3   0   3   0   0   0   0   0   0   0   0   0   0   0  58   3  32   0   0   0  1.84 0.58
  241 A   -1 -5 -5 -6  3 -5 -5 -3 -6  2  0 -5 -2 -4 -5 -1 -1 -5 -4  6    5   0   0   0   6   0   0   2   0   7   6   0   0   0   0   4   3   0   0  66  1.07 0.41
  242 S   -2 -4 -3 -4  1 -4 -4  0 -4  1 -5 -4 -4 -5 -4  7 -2 -6 -5 -3    0   0   0   0   3   0   0   7   0  10   0   0   0   0   0  79   1   0   0   1  1.46 0.58
  243 V    4 -3 -2 -4  1 -3 -3 -1 -2 -1 -3 -3 -2 -4 -3  2  3 -5 -4  2   35   0   1   0   3   0   0   2   1   2   1   0   0   0   0  18  22   0   0  15  0.59 0.31
  244 K   -3 -2 -4 -5 -2 -3 -4 -5  0  0  3 -1  2  1 -1 -3 -3 -1  6  0    1   1   1   0   1   1   0   0   2   3  34   3   6   5   3   1   1   0  31   6  0.71 0.31
  245 L   -3 -4 -3 -5 -3 -1 -5 -6 -4  1  5 -5  4 -1 -5 -5 -3 -3 -3  0    1   0   1   0   0   4   0   0   0   6  66   0  12   2   0   0   1   0   0   6  1.05 0.39
  246 E   -3  0  3  4 -3  2  4 -3  2 -5 -5  0 -4 -5 -3 -1 -1 -5 -4 -4    0   4  12  24   1   9  35   0   5   0   0   3   0   0   1   3   3   0   0   0  0.81 0.33
  247 G   -3 -5 -1  1 -6 -4 -4  7 -4 -7 -7 -4 -6 -6 -5 -3 -4 -6 -6 -6    0   0   3   7   0   0   1  88   0   0   0   0   0   0   0   0   0   0   0   0  2.03 0.58
  248 E   -3 -2 -2 -1 -4  4  6 -5  0 -3 -3 -2 -3 -3 -3 -3 -3 -5  2 -4    1   1   1   1   0  17  61   0   2   2   2   1   0   1   1   1   0   0   7   1  1.18 0.46
  249 F   -5 -5 -3 -7 -5 -5 -5 -7  2 -4 -3 -6 -4  2 -7 -5 -5 -2  9 -4    0   0   1   0   0   0   0   0   4   0   1   0   0   7   0   0   0   0  85   0  2.66 0.73
  250 G   -3 -5  0 -1 -6 -4 -3  7 -4 -7 -7 -4 -6 -6 -5 -3 -5 -6 -6 -6    1   0   3   3   0   0   2  89   0   0   0   1   0   0   0   1   0   0   0   0  2.02 0.58
  251 H   -2 -2 -3 -3 -3  2  1 -4  3  3  2 -2  0  0 -4 -3 -2 -3  3  1    1   1   0   0   0  12  11   0   7  23  18   1   2   3   0   0   1   0  10   9  0.37 0.22
  252 E   -2  0  3  3 -4  0  3 -3  2 -5 -5  2 -4 -4 -3  2 -1 -5 -2 -4    0   3  16  16   0   3  23   0   5   0   0  13   0   0   0  15   3   0   1   0  0.57 0.27
  253 D   -4 -5  2  7 -7 -3  0  2 -3 -7 -7 -4 -6 -7 -5 -3 -4 -7 -6 -6    0   0   7  71   0   0   3  17   0   0   0   0   0   0   0   0   0   0   0   0  1.76 0.55
  254 T   -3 -5 -5 -6  0 -5 -5 -6 -6  5  2 -5  1 -3 -5 -4  0 -5 -4  5    1   0   0   0   2   0   0   0   0  32  15   0   2   0   0   0   5   0   0  43  0.99 0.37
  255 A    0 -5 -5 -6  6 -5 -5 -5 -1 -4 -4 -5 -4  3 -5 -2 -3 -2  8 -2    9   0   0   0  18   0   0   0   1   0   0   0   0  12   0   2   1   0  53   2  1.64 0.53
  256 F   -2 -5 -5 -6 -1 -5 -5 -6 -5  5  4 -5  2  1 -5 -4 -1 -4 -3  0    3   0   0   0   1   0   0   0   0  37  43   0   4   4   0   0   3   0   0   3  0.91 0.34
  257 G   -1 -5 -3 -4 -5 -4 -5  6 -5 -7 -7 -4 -5 -6 -5  3 -4 -6 -6 -6    2   0   0   0   0   0   0  71   0   0   0   0   0   0   0  26   0   0   0   0  1.69 0.54
  258 V   -1 -5 -4 -5 -3 -3 -5 -5 -5  1  1 -4  3 -3 -5 -2  2 -5 -3  5    3   0   0   0   0   1   0   0   0   5  13   0   6   0   0   2  13   0   0  56  0.89 0.37
  259 P   -5 -6 -5 -6 -7 -5 -5 -6 -6 -7 -7 -5 -5 -8  9 -5 -4 -8 -7 -6    0   0   0   0   0   0   0   0   0   0   0   0   0   0  99   0   0   0   0   0  3.29 0.84
  260 V    4 -3 -3 -4  5 -3 -4 -3 -4 -3 -4 -3 -3 -4 -4  1  3 -5 -4  1   45   0   0   0  11   0   0   0   0   0   0   0   0   0   0  10  22   0   0   9  0.85 0.39
  261 S   -3 -4 -6 -6 -4 -4 -5 -6 -6  6  0 -1 -2 -3 -5 -4 -2 -5 -4  5    0   1   0   0   0   1   0   0   0  47   5   4   0   0   0   0   1   0   0  41  1.24 0.44
  262 L   -3 -5 -6 -6 -4 -5 -6 -6 -6  5  3 -5 -1 -3 -5 -5 -3 -5 -4  5    0   0   0   0   0   0   0   0   0  32  27   0   0   0   0   0   0   0   0  40  1.16 0.41
  263 G   -3 -4  6  0 -3 -4 -4  5 -2 -6 -7 -4 -5 -6 -5 -2 -2 -6 -5 -6    0   0  40   5   1   0   0  49   0   0   0   0   0   0   0   2   2   0   0   0  1.46 0.49
  264 S    1  6 -2 -3 -4  0 -1  1 -2 -4 -4  3 -4 -5 -4  1 -3 -3 -4 -4   14  42   1   0   0   3   4  10   0   0   0  15   0   0   0  10   0   0   0   0  0.75 0.33
  265 N   -2 -1  5  2 -4  1  1  0  1 -5 -5  0 -3 -3 -4  1  0 -4 -3 -5    2   2  37  13   0   8   8   6   3   0   0   5   0   1   0  10   5   0   1   0  0.65 0.29
  266 G   -3 -6 -4 -5 -6 -6 -6  8 -6 -8 -8 -5 -7 -7 -6 -4 -5 -6 -7 -7    0   0   0   0   0   0   0 100   0   0   0   0   0   0   0   0   0   0   0   0  2.59 0.70
  267 V    0 -3 -6 -6 -4 -5 -5 -6 -6  6  0 -5 -2 -3 -5 -4 -3 -3 -4  5    9   1   0   0   0   0   0   0   0  42   6   0   0   0   0   0   0   0   0  41  1.12 0.41
  268 E   -1  3 -2 -1 -4  1  5 -3 -1 -3 -4  2 -3 -4 -4 -1 -1 -5 -3 -1    4  20   1   2   0   4  41   1   1   1   1  13   0   0   0   4   2   0   0   5  0.69 0.32
  269 E   -2  3  0  0 -3  2  4 -2  1 -5 -4  3 -3 -4 -3  0 -1 -2 -3 -4    1  18   4   4   1   9  26   2   3   0   0  23   0   0   0   5   3   1   0   0  0.61 0.28
  270 I   -2 -3 -5 -5 -4 -3 -4 -6 -2  5 -1 -3 -2 -3 -3 -4 -1 -5 -4  5    2   1   0   0   0   1   1   0   1  39   2   2   0   0   1   0   2   0   0  46  1.06 0.40
  271 V   -3 -5 -6 -6 -4 -5 -5 -6 -5  5  3 -5  0  0 -5 -5 -3 -5 -2  4    0   0   0   0   0   0   0   0   0  33  25   0   2   3   0   0   0   0   1  35  1.02 0.37
  272 E   -3 -2  1  1 -6  0  6 -5 -2 -6 -5  0 -5 -5  2 -2 -2 -6 -4 -5    1   1   6   7   0   3  63   0   1   0   0   5   0   0   9   2   2   0   0   0  1.18 0.46
  273 W   -3 -5 -4 -6 -3 -4 -5 -6 -5  4  4 -4  1 -1 -2 -4 -2  3 -3  2    1   0   1   0   0   0   0   0   0  25  46   1   3   1   2   1   1   4   0  13  0.81 0.32
  274 D   -2 -1  1  3 -5  0  2 -3  1 -5 -5  1 -4 -5  5  1 -1 -5 -3 -4    1   2   8  16   0   3  17   0   4   0   0   8   0   0  27   9   3   0   0   1  0.68 0.29
  275 L   -5 -5 -7 -7 -5 -5 -6 -7 -6  1  6 -6  2 -1 -5 -6 -4 -5 -4 -2    0   0   0   0   0   0   0   0   0   4  90   0   4   1   0   0   0   0   0   0  1.72 0.55
  276 D   -1 -3  5  3 -4 -2 -2 -3 -3 -4 -4 -2 -4 -5 -3  3  4 -6 -5 -4    3   0  32  15   0   0   1   1   0   0   1   1   0   0   1  20  25   0   0   0  0.87 0.39
  277 D    0 -2 -1  5 -5  0  5 -2 -3 -5 -5  0 -4 -6  1 -1 -2 -6 -4 -4    7   1   1  30   0   2  39   2   0   0   0   5   0   0   7   3   1   0   0   1  0.88 0.36
  278 Y    0  0  0  3 -4  0  4 -2  1 -3 -3  1 -3 -3 -3  0  0 -4  0 -2    8   4   3  15   0   3  36   1   3   1   1   8   0   0   0   5   5   0   4   3  0.48 0.25
  279 E   -5 -4 -4 -1 -8 -2  8 -6 -4 -7 -7 -3 -6 -7 -5 -4 -5 -7 -6 -6    0   0   0   2   0   0  98   0   0   0   0   0   0   0   0   0   0   0   0   0  2.48 0.76
  280 Q   -1  1 -2 -2 -4  4  1 -4 -1 -1  0  4  1 -3 -3 -1 -1 -4 -3 -2    4   8   1   1   0  19   9   0   1   4  11  32   4   0   0   3   3   0   0   1  0.48 0.27
  281 D    2 -1  0  1 -4  2  4 -2 -2 -3 -3  2 -2 -4 -3  0  0 -5 -4 -3   22   2   3   7   0  10  29   2   0   1   2  12   0   0   0   4   4   0   0   1  0.47 0.26
  282 L    2  1 -1 -2 -4  3 -1 -2 -1 -4  0  4 -1 -4 -3 -1 -3 -4 -3 -3   19   8   2   1   0  16   2   3   1   0  13  32   1   0   0   2   0   0   0   0  0.50 0.29
  283 M   -5 -5 -6 -7 -5 -5 -6 -7 -5 -2  5 -6  5  6 -6 -5 -4 -3 -2 -3    0   0   0   0   0   0   0   0   0   0  50   0  15  34   0   0   0   0   0   0  1.48 0.50
  284 A    1  2  1  3 -3  2  1 -2  2 -3 -3  2 -2 -4 -3 -1  0 -3 -2 -2   12  10   7  17   0  12   6   1   6   1   2  15   1   0   0   2   5   0   1   2  0.32 0.18
  285 D    1  1  2  1 -4  1  2 -3  5 -4 -3  3 -3 -3 -3 -1 -1 -5 -2 -3   13   5  10   7   0   4  11   0  16   1   2  24   0   1   0   4   2   0   1   1  0.47 0.25
  286 A    0 -5 -3 -4 -5 -4 -4 -4 -5 -6 -6 -4 -5 -6 -5  7 -2 -7 -6 -5    4   0   0   0   0   0   0   0   0   0   0   0   0   0   0  96   0   0   0   0  2.14 0.74
  287 A    6 -2 -2 -5  3 -4 -3 -2 -5 -1 -4 -3 -4 -4 -4 -1 -2 -5 -3  1   70   2   2   0   5   0   1   1   0   3   0   0   0   0   0   2   1   0   1  11  1.08 0.45
  288 E    0  0  2  3 -4  2  3 -1 -1 -4 -4  2 -3 -4 -3  0  0 -5 -4 -4    9   2  11  16   0   9  22   3   1   0   0  16   0   0   0   6   4   0   0   0  0.48 0.24
  289 K    1 -2 -2 -3 -3  0 -1 -3 -1  2 -1  1 -1 -3 -3  1  3 -4 -3  2   12   0   0   0   0   5   3   1   2  12   4   9   1   0   0   9  22   0   0  19  0.29 0.21
  290 L   -4 -5 -6 -7 -4 -5 -6 -7 -6  2  6 -5  2 -2 -6 -5 -4 -5 -4  3    0   0   0   0   0   0   0   0   0   8  70   0   3   0   0   0   0   0   0  18  1.31 0.45
  291 S   -3  5 -2 -3 -5  1 -1 -4 -1 -5 -5  6 -3 -6 -4 -1 -3 -3 -5 -5    1  29   1   1   0   4   2   0   1   0   1  54   0   0   0   5   1   0   0   0  1.29 0.47
  292 D    0 -2  2  3 -5  1  4 -2 -2 -5 -5  2 -4 -5 -3  1 -1 -5 -4 -4    7   1  10  14   0   5  35   2   0   0   0  16   0   0   0   8   2   0   0   0  0.67 0.31
  293 Q   -1 -3 -1 -4 -2  0 -3 -4 -1  3 -1 -3  2 -1 -4 -1  2 -3  2  4    4   1   3   0   0   5   1   1   2  18   2   1   6   1   0   3  12   0   8  34  0.43 0.25
  294 Y   -2 -3  0 -5 -2  1 -4 -5 -4  4  2 -2  5  0 -5 -3 -1 -3  2  0    2   0   5   0   1   6   0   0   0  30  21   2  17   2   0   1   3   0   7   3  0.58 0.29
  295 D    0  0  2  4 -4  1  2 -1 -1 -5 -5  3 -4 -5 -3  0 -1 -5 -4 -4   10   4  11  25   0   4  15   3   1   0   0  18   0   0   0   7   2   0   0   0  0.53 0.25
  296 K    0  0 -1  0 -4  2  2 -1 -1 -2 -3  3 -2 -4  0  1  0 -4 -3  0    6   2   1   4   0   9  17   5   1   1   1  21   0   0   5  13   4   0   0  10  0.27 0.18
  297 I   -4 -5 -6 -6 -2 -5 -5 -6 -6  5  4 -5  1 -2 -5 -5 -3 -5 -4  3    0   0   0   0   0   0   0   0   0  32  45   0   2   0   0   0   0   0   0  20  1.07 0.37
  298 S    1 -1  4 -2 -4 -1 -2 -2 -2 -4 -4  4 -3 -5 -3  2  1 -5 -4 -3   15   0  23   0   0   0   0   0   0   0   0  37   0   0   0  17   8   0   0   0  0.64 0.26
