    1 D   -4 -2 -3  1 -6  7  5 -5 -3 -6 -6 -2 -4 -6 -4 -3 -4 -6 -5 -6    0   0   0   6   0  59  35   0   0   0   0   0   0   0   0   0   0   0   0   0  1.74 0.65
    2 V   -2 -5 -6 -6 -4 -4 -2 -6 -6  2 -1 -5 -1 -3 -5 -5 -3 -6 -4  7    1   0   0   0   0   0   3   0   0   9   3   0   1   0   0   0   0   0   0  82  1.53 0.59
    3 Q   -4 -1 -3 -4 -6  8 -1 -5  0 -6 -4  1 -3 -6 -5 -3  1 -4 -5 -4    0   2   1   0   0  75   1   0   2   0   2   6   0   0   0   1   9   0   0   1  1.77 0.72
    4 L   -5 -4 -7 -7 -3 -5 -6 -7 -6 -1  7 -6  0 -2 -6 -6 -4 -5 -4 -1    0   0   0   0   0   0   0   0   0   0  95   0   1   0   0   0   0   0   0   3  1.80 0.66
    5 Q   -3 -1 -3 -2 -4  6 -1 -5 -3 -2 -1  1 -1 -4 -4 -1  1 -3 -4  3    1   1   1   2   0  40   2   0   0   1   4   6   1   0   0   3   9   0   0  27  0.75 0.44
    6 E   -4 -3 -3 -2 -7  6  6 -5 -3 -6 -4 -2 -5 -6 -5 -3 -4 -6 -5 -6    0   0   0   0   0  37  59   0   0   0   2   0   0   0   0   1   0   0   0   0  1.76 0.70
    7 S   -2 -4 -3 -4 -4 -4 -4 -4 -4 -6 -4 -2 -5 -5  1  7 -1  2 -5 -5    0   0   0   0   0   0   0   0   0   0   1   1   0   0   8  85   1   3   0   0  1.68 0.73
    8 G   -2 -5 -4 -2 -6 -4  0  7 -5 -7 -7 -4 -6 -6 -3 -3 -5 -6 -6 -4    3   0   0   2   0   0   6  85   0   0   0   0   0   0   2   1   0   0   0   2  1.88 0.65
    9 P    1 -4 -4 -4 -5 -3 -3  3 -5 -5 -4 -4 -5 -6  7  1 -2 -6 -5 -4   14   0   0   0   0   0   1  21   0   0   1   0   0   0  50  10   2   0   0   0  1.37 0.54
   10 G   -1 -2 -2 -1 -4 -2  3  5 -4 -4 -4 -2 -4 -5 -4 -1 -3 -5 -5  0    3   2   1   2   0   0  26  52   0   0   1   1   0   0   0   5   0   0   0   7  0.94 0.44
   11 L   -3 -5 -6 -5 -4 -4 -5 -6 -5  1  5 -5  0 -3 -5 -3 -2 -3 -4  3    1   0   0   0   0   0   0   0   0   4  66   0   1   0   0   2   2   0   0  22  1.10 0.48
   12 V   -1 -1 -5 -5 -4 -4 -4 -4 -5  0 -1  2 -1 -4 -5 -4 -2 -6 -4  6    3   3   0   0   0   0   1   1   0   1   3  13   1   0   0   0   1   0   0  72  1.18 0.55
   13 K   -2  2 -1 -3 -6  4 -1 -5 -3 -5 -5  6 -3 -6 -4 -3 -1 -6 -5 -5    3   8   3   0   0  17   1   0   0   0   1  62   1   0   0   0   3   0   0   0  1.31 0.57
   14 P   -3 -6 -6 -5 -7 -5 -5 -6 -4 -7 -5 -5 -6 -8  9 -3 -4 -8 -7 -4    1   0   0   0   0   0   0   0   0   0   1   0   0   0  94   2   0   0   0   1  3.00 0.93
   15 S   -1 -5 -3 -4 -5 -4 -3  6 -5 -6 -5 -3 -5 -5 -4  4 -2 -6 -5 -5    2   0   0   0   0   0   1  55   0   0   1   0   0   0   0  39   1   0   0   0  1.40 0.59
   16 Q    1 -1 -2 -2 -5  5  3  2 -2 -5 -5 -1 -3 -5 -4  0 -1 -5 -4 -3   14   2   1   1   0  31  23  17   0   0   0   1   0   0   0   4   3   0   0   1  0.72 0.41
   17 S   -2 -4 -3 -4 -3 -4 -4 -4 -5 -4 -5 -3 -4 -5 -1  5  5 -6 -5 -3    0   0   0   0   0   0   0   0   0   0   0   1   0   0   2  52  42   0   0   1  1.40 0.65
   18 L   -3 -4 -6 -6 -4 -4 -5 -6  2  0  5 -5  0 -2 -6 -5 -4 -5 -3  3    2   1   0   0   0   0   0   0   5   1  66   0   1   0   0   0   0   0   0  23  1.16 0.51
   19 S   -2  4 -2 -3 -4 -1 -2 -4 -3 -5 -4  4 -2 -4 -3  4  1 -6 -4 -5    0  23   0   0   0   1   0   0   0   0   1  27   1   0   0  39   7   0   0   0  0.94 0.49
   20 L   -4 -5 -6 -7 -4 -5 -6 -7 -6  3  6 -5  2 -3 -6 -5 -4 -5 -4  1    0   0   0   0   0   0   0   0   0  13  74   0   3   0   0   0   0   0   0  10  1.36 0.54
   21 T   -2 -3 -2 -4 -4 -4 -3 -4 -4 -3 -5 -3 -4 -5 -3  5  6 -6 -5 -3    2   1   0   0   0   0   1   0   0   1   0   0   0   0   0  46  47   0   0   1  1.35 0.63
   22 C   -5 -8 -7 -8 12 -8 -8 -6 -8 -6 -6 -8 -6 -5 -7 -5 -5 -7 -5 -5    0   0   0   0  98   0   0   0   0   0   0   0   0   1   0   0   0   0   0   0  4.17 1.15
   23 T    2 -1 -2 -3 -4 -1 -1 -2 -4 -3 -3  3 -3 -4 -3  1  4 -5 -4 -1   21   2   0   0   0   2   2   2   0   0   1  23   0   0   0  11  31   0   0   4  0.59 0.38
   24 V    4 -4 -4 -4 -3 -4 -4 -1 -5  0 -2 -4 -2 -2 -4 -2 -1 -5 -3  5   33   0   0   1   0   0   0   4   0   2   2   0   0   1   0   2   4   0   1  49  0.85 0.45
   25 T   -2 -4 -3 -4 -4 -3 -4 -4 -2 -5 -5 -4 -5 -4 -3  7  2 -2 -3 -5    1   0   0   0   0   0   0   0   1   0   0   0   0   1   1  84   9   1   1   0  1.68 0.73
   26 G   -3 -4 -3 -2 -6 -4 -4  7 -5 -7 -7 -5 -6 -6 -5 -3 -5 -6 -6 -5    1   1   1   2   0   0   1  92   0   0   0   0   0   0   0   0   0   0   0   1  2.18 0.72
   27 Y   -2 -4 -2 -2 -5 -5 -4  0 -2 -2 -2 -5 -3  7 -6 -3 -4 -2  6 -2    3   0   2   3   0   0   1   9   0   2   2   0   0  45   0   1   0   0  29   2  1.30 0.54
   28 S   -1 -2  1 -2 -4 -3 -3 -3 -4 -3 -3 -2 -2 -5 -2  5  4 -6 -5 -3    2   1   5   1   0   0   0   1   0   1   2   1   1   0   2  53  29   0   0   1  1.00 0.53
   29 I   -4 -5 -6 -5 -4 -5 -6 -6 -5  5  2 -5 -1  6 -6 -3 -4 -3 -1  0    0   0   0   1   0   0   0   0   0  32  21   0   1  38   0   2   0   0   0   5  1.15 0.47
   30 S   -2 -2  1 -2 -2 -2 -2 -1 -3 -2 -3 -2 -2 -2 -2  3  5 -4 -3 -2    2   2   5   1   0   1   1   4   0   2   1   2   1   1   1  25  47   0   1   2  0.75 0.37
   31 S   -1 -2 -1  0 -3 -2 -2 -2 -2 -3 -4 -1 -3 -4 -2  6  1 -4 -4 -3    3   2   2   6   0   1   1   3   1   2   1   3   0   0   1  64   9   0   0   1  0.94 0.46
   32 D   -1 -1  3  3 -1 -1 -1  3 -1 -2 -3  0 -2 -2 -2  1 -1 -3 -1 -2    3   3  15  18   1   2   2  21   1   2   2   4   1   2   2  13   3   0   2   2  0.31 0.15
   33 Y   -3 -4 -2 -4 -3 -4 -4 -5  3 -4 -4 -4 -2  1 -5 -2 -4 -2  9 -3    2   0   2   1   1   0   1   1   7   1   1   0   1   3   0   4   1   0  73   2  2.03 0.69
   34 A    2 -3 -1  0  1 -3 -2  2  0 -2 -3 -3 -3  0 -2  0 -1  6  4 -2   17   1   3   5   3   0   1  15   3   2   1   0   0   3   2   8   3  13  19   1  0.50 0.29
   35 W   -4 -5 -6 -7 -4 -5 -6 -6 -6  3 -1 -5  7 -1 -6 -4 -1  9 -3  3    0   0   0   0   0   0   0   0   0  14   3   0  32   2   0   1   3  28   0  17  1.68 0.65
   36 N   -1 -3  4  0 -3 -2 -2  1  7 -3 -4 -3 -4 -3 -4  3 -1 -2 -1 -4    3   0  20   5   0   1   1   9  29   2   1   0   0   1   0  22   3   1   2   0  0.83 0.43
   37 W   -7 -8 -9 -9 -5 -7 -8 -7 -7 -7 -6 -8 -6 -2 -8 -8 -7 13 -2 -8    0   0   0   0   0   0   0   0   0   0   0   0   0   1   0   0   0  97   1   0  4.92 1.32
   38 I   -2 -6 -5 -6 -4 -5 -6 -6 -6  6 -1 -5  0 -2 -6 -5 -3 -2 -2  6    2   0   0   0   0   0   0   0   0  40   1   0   1   1   0   0   1   1   2  51  1.37 0.56
   39 R   -5  8 -3 -5 -2 -1 -4 -5 -2 -7 -5  2 -4 -6 -4 -4 -5 -2 -5 -5    0  82   0   0   1   2   0   0   1   0   0  11   0   0   1   0   0   1   0   0  2.10 0.77
   40 Q   -5 -2 -4 -4 -7  9 -2 -6 -2 -7 -5 -1 -5 -8 -6 -4 -5 -6 -6 -7    0   1   0   0   0  95   0   0   1   0   1   2   0   0   0   1   0   0   0   0  2.77 1.01
   41 F    4  1 -3 -4 -4 -2 -3 -3 -2 -4 -4 -1 -2  0  5  1 -1 -5 -3 -2   40   8   0   0   0   1   0   0   1   0   0   2   1   6  26   8   3   0   0   3  0.76 0.42
   42 P   -2 -5 -4 -4 -7 -3 -4 -6  0 -6 -5 -4 -6 -7  8 -1 -3 -8 -6 -5    3   0   0   1   0   1   1   0   3   0   1   0   0   0  85   4   1   0   0   0  2.55 0.85
   43 G   -2 -4 -4 -4 -6 -4  0  7 -5 -7 -7 -5 -6 -7 -6 -3 -5 -3 -7 -6    1   1   0   1   0   0   6  90   0   0   0   0   0   0   0   1   0   0   0   0  2.14 0.75
   44 N   -3  0  0 -3 -6  3 -1 -4 -1 -6 -5  7 -5 -6 -4 -2 -4 -6 -5 -6    2   3   4   0   0  14   2   1   1   0   0  71   0   0   0   2   0   0   0   0  1.55 0.66
   45 K    0 -1 -3 -3 -4 -4 -4  7 -5 -6 -6 -1 -5 -6 -4 -1 -2 -6 -6 -4    7   4   0   1   0   0   1  74   0   0   0   4   0   0   0   5   2   0   0   1  1.49 0.58
   46 L   -4 -5 -7 -7 -5 -6 -6 -7 -6 -1  6 -6  0 -1  0 -6 -5 -5 -4 -3    0   0   0   0   0   0   0   0   0   1  91   0   1   2   5   0   0   0   0   0  1.72 0.68
   47 E   -5 -4 -3 -1 -7  1  7 -5 -4 -7 -6 -1 -4 -7 -5 -4 -5 -7 -6 -3    0   0   0   1   0   6  87   0   0   0   0   2   0   0   0   0   0   0   0   2  2.05 0.80
   48 W   -7 -7 -8 -7 -3 -7 -8 -5 -5 -7 -3 -8 -6 -1 -8 -6 -7 13  0 -7    0   0   0   0   1   0   0   1   0   0   2   0   0   2   0   0   0  91   3   0  4.43 1.22
   49 M   -4 -5 -6 -6 -4 -5 -5 -6 -6  5  2 -5  6 -3 -6 -5 -3 -2 -4  3    0   0   0   0   0   0   0   0   0  33  17   0  25   0   0   0   0   1   0  23  1.16 0.50
   50 G    2 -4 -4 -4 -5 -4 -5  6 -5 -6 -4 -4 -5 -6 -5  0 -3 -6 -6 -2   20   0   0   0   0   0   0  68   0   0   1   0   0   0   0   7   1   0   0   2  1.46 0.58
   51 Y    0  1 -1 -2  0 -1 -1  0  2 -1 -2 -2 -1  0 -4  0  0  5  4  0    7   9   3   1   2   2   4   7   5   3   2   0   1   3   0   6   5   9  21   9  0.31 0.22
   52 I   -4 -6 -4 -3 -4 -5 -5 -5 -6  7 -1 -5  2 -1 -6 -4 -2 -4 -3  1    1   0   1   2   0   0   0   1   0  79   2   0   4   2   0   1   1   0   1   5  1.63 0.62
   53 S   -1 -1  3  1  1 -2 -2 -2  1 -3 -4 -2 -3 -2  0  2  0  6  4 -3    4   4  14  10   3   1   1   3   4   1   0   1   0   1   4  20   4  11  15   1  0.48 0.30
   54 Y   -1 -3  2 -2 -4 -2 -3  1  2 -3 -4 -3 -4 -1  2  2  0  2  5 -3    3   1  11   2   0   1   0  11   5   2   0   0   0   1  10  18   6   3  26   1  0.54 0.34
   55 S   -1 -2  3  4 -4 -2 -1  2 -3 -4 -4 -1 -4 -2 -3  3  0 -5 -2 -3    2   2  12  23   0   0   2  15   0   0   1   3   0   2   0  29   6   0   1   1  0.56 0.34
   56 G   -1 -3 -2  0 -3 -3 -3  7 -3 -6 -6 -4 -5 -5 -5 -1 -2  0 -1 -6    3   1   1   5   1   1   1  75   0   0   0   0   0   0   0   5   2   2   2   0  1.48 0.56
   57 S   -1 -1  2  2 -3 -2  0  2 -1 -3 -4 -2 -3 -4 -3  4  1 -5 -1 -3    3   2  12  14   0   0   4  14   1   2   0   1   0   0   0  37   6   0   2   1  0.50 0.33
   58 T   -1 -3 -1 -3 -4 -2 -3 -4 -3 -1 -3  1 -3 -5  0  0  6 -3 -4 -2    5   1   2   0   0   1   0   0   1   4   2   8   0   0   4   4  64   0   0   1  1.07 0.54
   59 S   -1 -1  3  0 -4 -2 -1 -1  1 -3 -3  1 -3  0 -3  1  0 -1  6 -2    5   3  15   5   0   1   2   5   3   1   1   8   0   3   1   9   5   0  31   2  0.46 0.30
   60 Y   -4 -5 -4 -5 -6 -3 -5 -7  0 -2 -3 -6 -3  0 -4 -4 -5 -2 10 -5    1   0   1   1   0   1   0   0   1   2   2   0   1   2   1   1   0   0  85   0  2.61 0.89
   61 N    3 -2  6 -2 -4 -3 -3 -2 -2 -5 -5 -2 -4 -5 -2  2 -1 -6 -2 -2   28   2  41   1   0   0   0   2   0   0   0   1   0   0   1  16   2   0   2   2  0.91 0.48
   62 P   -1 -3 -1  3 -6  3  1 -3 -2 -5 -5 -3 -5 -6  6  0 -3 -6 -5 -4    4   0   3  17   0  12   7   1   1   0   0   0   0   0  45   7   1   0   0   0  1.18 0.51
   63 S    2 -1 -1 -1 -4 -2 -2 -2 -3 -5 -5  2 -3 -5 -3  5  0  0 -4 -4   16   2   2   3   0   1   1   1   0   0   0  14   0   0   1  53   4   2   0   0  0.82 0.47
   64 L   -3 -5 -6 -6 -4 -5 -6 -5 -5  0  4 -5  0  5 -5 -5 -4 -3 -2  3    2   0   0   0   0   0   0   0   0   3  41   0   1  30   0   0   0   0   0  23  1.07 0.47
   65 K   -4  1 -2 -4 -6  4 -1 -5 -3 -5 -6  7 -2 -6 -2 -2 -3 -1 -5 -6    0   6   1   0   0  18   1   0   0   1   0  68   1   0   2   1   0   1   0   0  1.52 0.65
   66 S   -2 -3  0  0 -4 -4 -2  5 -4 -6 -6 -4 -5 -6 -4  4 -2 -6 -5 -5    1   1   4   6   0   0   2  45   0   0   0   0   0   0   0  40   1   0   0   0  1.14 0.53
   67 R   -5  8 -4 -5 -4  0 -4 -5 -2 -7 -5  3 -5 -7 -4 -4 -5 -3 -5 -6    0  82   0   0   0   3   0   0   1   0   0  13   0   0   1   0   0   0   0   0  2.16 0.78
   68 I    1 -4 -5 -5 -3 -4 -5 -5 -4  2  1 -4 -1  5 -5 -3  1 -3 -1  3   11   0   0   0   0   0   0   0   0  12  15   0   0  32   0   1   8   0   0  19  0.70 0.36
   69 S   -1 -4 -2 -4 -3 -4 -2 -4 -3 -3 -4 -3 -4 -5 -4  4  6 -6 -4 -2    4   0   1   0   0   0   2   0   0   1   0   1   0   0   0  32  57   0   0   1  1.32 0.63
   70 I   -4 -5 -6 -6 -4 -5 -6 -4 -6  7  1 -6  2  1 -4 -4 -3 -2 -4  0    1   0   0   0   0   0   0   2   0  68  13   0   6   5   1   1   1   1   0   3  1.38 0.56
   71 T   -2 -4 -2 -3 -4 -4 -4 -4 -4 -4 -5 -3 -5 -4 -4  6  5 -6 -5 -4    2   0   1   1   0   0   0   0   0   0   0   0   0   1   0  58  36   0   0   0  1.42 0.67
   72 R    1  6 -3 -4 -5 -2 -3 -3 -3 -2 -2  2 -2 -5 -3 -2 -1 -2 -4  1   12  50   0   0   0   1   0   1   0   2   4  11   1   0   1   1   3   1   0  11  0.86 0.43
   73 D   -4 -5 -1  8 -6 -3  0 -4 -3 -6 -6 -4 -6 -6 -5 -4 -4 -7 -4 -4    1   0   1  88   0   1   3   1   0   0   0   1   0   0   0   0   0   0   1   1  2.27 0.77
   74 T   -2 -2  4  0 -4 -2 -2 -3 -3 -4 -4  1 -2 -5 -3  0  6 -5 -4 -3    2   2  22   4   0   1   1   1   0   1   0   9   1   0   1   3  50   0   0   0  0.98 0.50
   75 S    1 -4 -1 -3 -4 -4 -3 -1 -4 -6 -4 -4 -5 -5 -3  7 -1 -4 -4 -5   11   0   3   0   0   0   0   3   0   0   1   0   0   0   1  77   2   0   0   0  1.46 0.68
   76 K   -1  1 -1 -3 -5  0 -2 -2 -4 -3 -5  6 -3 -5 -4  2  0 -2 -4 -3    5   5   2   0   0   3   1   3   0   2   0  56   0   0   0  16   6   1   0   1  0.92 0.48
   77 N   -3 -3  7  0 -5 -2 -3 -2 -3 -5 -6 -2 -5 -4 -5  4 -1 -6 -5 -5    0   1  55   3   0   1   0   2   0   0   0   2   0   0   0  30   3   0   0   0  1.41 0.61
   78 Q   -2 -2 -2 -4 -5  6  0 -5 -2 -2 -4 -2 -1 -4 -4  0  5 -5 -4 -4    2   1   1   0   0  40   5   0   1   2   1   1   1   1   0   5  40   0   0   0  1.16 0.59
   79 F    3 -5 -5 -5 -2 -4 -5 -4 -4  0  2 -4 -1  5 -5 -3 -3 -3  0  3   23   0   0   0   0   0   0   1   0   3  18   0   0  25   0   0   1   0   1  27  0.71 0.39
   80 F   -4 -5 -3 -3 -4 -3 -5 -5 -1 -5 -4 -5 -4  3 -5  3  0 -2  8 -4    0   0   1   1   0   1   0   0   1   0   1   0   0  12   0  27   5   0  51   1  1.51 0.65
   81 L   -5 -5 -7 -7 -5 -5 -6 -7 -6 -1  6 -5  5 -2 -5 -6 -4 -5 -4 -2    0   0   0   0   0   0   0   0   0   1  81   0  15   1   0   0   0   0   0   1  1.68 0.66
   82 Q   -3  0 -2 -1 -5  7  2 -5  1 -5 -5  3 -4 -6 -4 -1  0 -5 -5 -5    1   3   1   2   0  52  12   0   3   0   1  15   0   0   0   4   5   0   0   0  1.18 0.56
   83 L   -3 -5 -6 -6 -4 -5 -6 -3 -5  2  5 -5  7 -1 -6 -5 -4  0 -4  0    1   0   0   0   0   0   0   2   0   9  55   0  28   1   0   0   0   1   0   3  1.29 0.55
   84 S   -2  1  5 -2 -4 -1 -3 -3 -2 -4 -5 -1 -4 -5 -4  4  2 -6 -4 -4    2   7  34   1   0   2   0   0   1   1   0   2   0   0   0  38  11   0   0   1  0.98 0.51
   85 S   -1  0  2 -3 -4 -3 -3 -1 -1 -5 -6 -2 -5 -5 -4  6 -1 -6 -5 -5    3   5   9   1   0   0   0   5   1   0   0   1   0   0   0  73   2   0   0   0  1.32 0.64
   86 V   -3 -5 -6 -6 -4 -4 -5 -6 -6 -1  5 -5  3 -3 -3 -4 -2 -5 -4  4    1   0   0   0   0   0   0   0   0   0  57   0   6   0   2   0   1   0   0  32  1.15 0.51
   87 T   -3  4 -1 -2 -5  1 -2 -4 -4 -3 -5  2 -4 -5 -4 -1  6 -6 -5 -4    0  23   2   1   0   7   2   0   0   1   0  13   0   0   0   2  48   0   0   0  1.03 0.53
   88 T    3 -4  0 -3 -3 -3 -3 -3 -4 -2 -4 -3 -3 -4  2  3  4 -5 -4 -1   28   0   3   1   0   0   0   1   0   1   1   0   0   0   9  25  26   0   0   5  0.68 0.41
   89 E    1 -2 -2  2 -6 -1  7 -1 -4 -6 -6 -1 -5 -6 -4 -2 -3 -6 -5 -4   12   1   1   9   0   0  67   5   0   0   0   2   0   0   0   2   1   0   0   1  1.32 0.60
   90 D   -5 -6 -2  8 -8 -4 -1 -5 -5 -7 -8 -5 -7 -8 -6 -4 -5 -8 -7 -7    0   0   1  97   0   0   1   0   0   0   0   0   0   0   0   0   0   0   0   0  2.79 0.92
   91 T   -3 -4 -3 -4 -4 -4 -3 -5 -5 -3 -4 -4  0 -6 -5  3  7 -6 -5 -4    1   0   0   0   0   0   2   0   0   1   0   0   2   0   0  17  76   0   0   0  1.71 0.74
   92 A    7 -5 -5 -5 -2 -4 -4 -1 -5 -5 -5 -4 -5 -6 -3 -2 -3 -6 -5 -3   93   0   0   0   1   0   0   4   0   0   0   0   0   0   1   1   0   0   0   0  1.89 0.76
   93 T   -2 -3 -5 -3 -4 -4 -5 -5 -4  2 -1 -3  4 -3 -5 -3  3 -5 -4  5    1   1   0   2   0   0   0   0   0   8   3   1  12   1   0   0  19   0   0  52  0.96 0.48
   94 Y   -6 -6 -6 -7 -6 -5 -6 -7 -2 -5 -5 -6 -5  0 -7 -4 -6 -2 10 -5    0   0   0   0   0   0   0   0   0   0   0   0   0   1   0   1   0   0  96   0  3.28 1.03
   95 Y   -4 -5 -5 -7 -4 -5 -6 -7 -1 -5 -5 -6 -5  4 -7 -5 -6 -1 10 -5    1   0   0   0   0   0   0   0   1   0   0   0   0  13   0   0   0   0  83   0  2.79 0.92
   96 C   -4 -8 -7 -8 12 -7 -8 -7 -4 -6 -6 -8 -6 -7 -7 -4 -5 -4 -2 -5    1   0   0   0  96   0   0   0   0   0   0   0   0   0   0   1   0   0   2   0  4.00 1.11
   97 A    6 -4 -3 -5 -4 -2 -4 -2 -5 -3 -4 -3 -3 -5 -4 -1  1 -5 -1  0   76   0   1   0   0   2   0   2   0   1   1   1   0   0   0   1   7   0   2   6  1.25 0.59
   98 R   -3  8 -3 -4 -2 -1 -3 -3 -3 -4 -5  1 -4 -4 -5 -2 -2 -5 -2 -3    2  75   1   0   1   1   0   2   0   1   0   6   0   1   0   3   3   0   2   2  1.62 0.62
   99 G   -1  0  0  3 -1  0  0  1  3 -2 -2 -1 -2  0 -1  0 -1  2  1 -2    5   4   4  25   1   3   5  10   8   3   2   1   0   4   3   7   3   3   7   3  0.21 0.16
  100 Y   -1  1 -1  0 -2 -1 -1  1  0 -2 -2 -1 -1 -1 -1  1  3  0  3 -1    3   9   2   5   1   2   3  10   2   2   4   2   1   2   2   9  24   1  15   3  0.22 0.19
  101 Y   -1  1 -1 -1  0 -1 -1  0  1 -1 -1 -2 -1  0 -2  1  0  2  4  1    4   7   2   4   2   2   4   7   5   2   4   1   1   2   2  10   4   3  18  16  0.14 0.15
  102 G   -1  2  0  1 -1 -2 -2  3  0 -2 -2 -1 -1 -1 -1  1 -1 -1  3 -2    4  14   4   9   1   1   1  25   2   2   2   1   2   2   2   9   4   1  11   2  0.26 0.19
  103 S    0  1  0  0  0 -1 -1  3 -1 -3 -2 -1 -2  0 -2  1  0  0  3 -2    5   8   4   5   2   1   2  23   1   1   3   2   1   3   2  13   6   1  15   3  0.24 0.18
  104 S    0 -1  1  1  0  0  0  0  1 -2 -1 -1 -2  0  0  0  0  4  3 -1    5   3   7   9   2   4   4   8   4   1   5   2   0   4   3   8   5   6  14   3  0.14 0.12
  105 H    0 -1 -1 -1  0 -1 -2  1  2 -2 -2 -2 -2  1 -1  0 -1  5  5 -2   10   2   2   3   3   3   2  11   6   1   3   1   1   4   3   5   4   7  26   3  0.41 0.24
  106 S   -2 -4 -3 -3  1 -3 -1 -1 -1 -1  0 -4  4  7 -4 -3 -3  1  2 -2    3   1   1   1   3   1   4   5   1   3   6   0  13  45   1   2   1   2   4   2  0.90 0.41
  107 P    0 -3 -1  7 -3 -2  0 -2 -2 -4 -5 -3 -4 -4  1 -2 -2 -6 -3 -2   10   1   2  60   0   1   5   3   1   1   1   1   0   1   6   2   2   0   1   3  1.17 0.50
  108 V   -3 -2 -2 -4 -2 -3 -5 -5  0 -1 -1 -4 -2  2 -1 -2 -3 -1  8  2    1   3   2   1   1   1   0   1   2   3   6   0   1   8   3   3   1   0  50  13  1.15 0.50
  109 W   -6 -4 -7 -7 -4 -3 -6 -3  0 -5 -5 -6 -5 -4 -7 -5 -5 13 -2 -5    0   1   0   0   0   1   0   3   2   1   1   0   0   0   0   1   1  85   1   1  4.07 1.14
  110 G   -2 -4 -4 -5 -3 -3 -5  7 -5 -6 -6 -1 -6 -6 -5 -3 -2 -6 -6 -6    2   1   0   0   1   1   0  85   0   0   0   4   0   0   0   1   2   0   0   0  1.99 0.69
  111 A   -2 -1 -2 -4 -5  7 -2 -3 -1 -6 -5  1 -3 -6  3 -1 -2 -3 -5 -5    4   3   1   0   0  56   1   2   1   0   1   9   0   0  15   4   1   0   0   0  1.33 0.62
  112 G   -3 -4 -4 -4 -4 -3 -5  7 -4 -6 -6 -4 -6 -6  0 -3 -3 -6 -6 -5    1   1   0   1   0   1   0  84   0   0   1   1   0   0   4   1   2   0   0   1  1.94 0.70
  113 T   -2 -3 -3 -4  2 -2 -3 -3 -2 -2 -1 -2 -4 -3 -4 -1  7 -2 -5  0    3   1   0   0   4   1   1   1   1   2   5   2   0   1   1   2  68   1   0   5  1.26 0.60
  114 T   -1 -1 -3 -3 -1  0 -2 -3 -2 -2  3 -1  4 -1 -2  0  3 -1 -3  0    3   3   0   1   1   4   2   1   1   0  31   3  11   2   2   8  19   1   0   5  0.34 0.27
  115 V   -3 -2 -5 -5 -2 -4 -3 -3 -6  0  1 -4 -2 -3 -5 -2 -1 -6 -4  6    1   2   0   0   1   1   1   2   0   3  11   1   0   1   0   3   3   0   0  69  1.21 0.55
  116 T   -2 -3 -4 -4 -1 -1 -2 -3 -1 -2 -3 -3 -3 -4 -3 -1  7 -6 -4 -1    2   1   0   1   1   2   3   2   1   2   2   1   0   1   1   3  72   0   0   4  1.43 0.67
  117 V   -3 -3 -6 -5 -3 -1 -3 -4 -4 -1 -1 -3 -2 -5 -4 -3 -2 -6 -4  7    2   1   0   1   0   3   2   1   0   1   5   1   0   0   1   2   2   0   0  78  1.50 0.65
  118 S   -1 -3 -2 -3 -5  0 -4 -3 -5 -5 -5 -2 -3 -5 -3  7  2 -4 -4 -4    3   1   1   1   0   4   0   1   0   0   1   2   1   0   1  72  11   0   1   1  1.40 0.68
  119 S    0 -4 -2 -2 -1 -1 -3 -1 -2 -5 -3 -3 -5 -6 -2  6 -1 -6 -4 -3    7   1   1   2   1   2   1   4   1   0   2   1   0   0   2  71   2   0   0   1  1.27 0.64
  120 A    5 -2 -3 -2 -1  0  0  0 -2 -3 -3 -2 -3 -4 -2 -1 -2 -5 -5  0   61   2   1   2   1   3   6   6   1   1   1   1   0   1   1   4   1   0   0   6  0.82 0.45
  121 K   -1 -1 -2 -1 -4  1  0  0 -2 -4 -3  3 -4 -5  0  4  1 -4 -3 -2    4   2   1   3   0   6   4   5   1   0   2  18   0   0   4  38   8   0   1   3  0.49 0.35
  122 T    0 -2 -3 -3 -1  1 -2 -2 -3 -2 -2 -1 -3 -4  2  1  6 -5 -3 -2    8   2   1   1   1   6   2   3   1   2   3   3   0   1   9   7  48   0   1   2  0.73 0.44
  123 T   -1  0  0 -2 -3  0 -1 -1  0 -2 -3  4 -4 -5 -2  1  4 -5 -3 -2    3   3   3   1   0   3   2   5   3   2   1  33   0   0   1  10  26   0   1   2  0.57 0.36
  124 P    2 -3 -1 -2 -2 -2 -2  4 -1 -4 -5 -1 -4 -3  4  1 -2 -3 -5 -2   18   1   2   1   1   1   2  32   1   0   1   4   0   1  19  10   1   0   0   2  0.66 0.36
  125 P   -4 -4 -4 -5 -6 -1 -2 -2 -1 -4 -2 -5 -3 -5  8 -4 -4 -7 -6 -5    1   1   1   0   0   2   3   4   1   1   5   0   1   1  78   1   1   0   0   0  2.23 0.82
  126 P   -2 -1  0 -3 -3 -2 -3 -2 -1 -4 -1 -1 -4 -5 -1  6  2 -3 -4 -2    1   3   3   1   0   1   1   3   1   1   6   3   0   0   3  60   9   0   0   3  0.93 0.52
  127 V   -2 -4 -5 -4 -1 -1 -2 -4 -4  1  0 -3 -2 -3 -5 -1 -2 -6 -4  6    2   1   0   1   1   4   2   1   0   4   9   1   0   0   0   4   2   0   0  66  1.13 0.52
  128 Y   -4 -3 -4 -5 -5 -2 -3 -4  0 -4 -2 -1 -4  7 -6 -3 -4 -1  6 -3    1   2   1   0   0   2   2   2   2   0   4   4   0  47   0   2   1   0  28   2  1.49 0.58
  129 P   -4 -3 -4 -4 -3 -3 -4 -2 -5 -3 -3 -4 -5 -4  8 -1 -2 -6 -6 -2    1   2   1   1   1   1   1   3   0   2   3   1   0   1  74   5   2   0   0   3  2.03 0.75
  130 L   -2 -3 -5 -4 -3 -1 -2 -4 -5 -2  6 -4  0 -2 -5 -2 -3 -4 -4 -2    3   1   0   1   0   3   3   2   0   1  76   1   1   1   0   4   1   0   0   2  1.21 0.53
  131 V    5 -2 -2 -2 -3 -1 -3 -1 -4  0 -1 -2 -1 -4 -2  1  0  0 -4  0   50   2   2   1   0   2   1   3   0   5   6   1   1   0   1   9   5   1   0   7  0.56 0.35
  132 P   -4 -3 -3 -4 -5  1 -3 -2 -5 -5 -1 -3 -3 -3  7  1 -1 -6 -5 -4    1   1   1   0   0   6   1   3   0   0   6   1   1   2  63  10   3   0   0   1  1.62 0.64
  133 G   -2 -3 -4 -2  7 -2 -3  3 -5 -3 -4 -4 -4 -5 -1  3 -3 -3 -3  0    2   1   0   2  26   1   1  25   0   1   1   0   0   0   3  27   1   0   1   6  1.01 0.49
  134 S   -1 -3 -2 -1  5 -1 -1  1 -2 -3 -3 -2 -4 -4 -2  5 -1 -5 -4  0    3   1   1   3  13   3   3   8   1   1   2   1   0   0   2  47   2   0   0   7  0.74 0.42
  135 L    1  1 -2 -1 -3 -1 -1  2 -2 -2  1  3 -2 -3  0 -1 -1 -3 -3 -2   13   9   1   3   0   1   2  16   1   1  14  23   1   1   4   4   3   0   1   3  0.22 0.19
  136 A    2 -3 -1  2 -1 -2 -2  0 -4 -3 -3 -3 -1 -5  0  4  0 -5 -4  0   15   1   2  11   1   1   2   8   0   1   1   1   1   0   4  39   5   0   0   6  0.52 0.36
  137 Q   -2 -1 -1  0 -3  4  0  0 -3 -4 -2  0 -3 -5 -3  0  5 -2 -4 -3    2   2   2   4   1  23   5   6   0   1   5   5   0   0   1   4  37   0   0   1  0.68 0.43
  138 T   -1 -3 -2 -2 -1 -3 -3 -3 -4 -3 -4 -3 -4 -3  3  5  3 -5 -4  1    2   1   1   2   1   0   1   2   0   1   1   0   0   1  12  45  19   0   0   9  0.82 0.49
  139 N   -2 -4  3  1 -5  2  0  5 -3 -5 -4 -2 -1 -5 -4  0 -1 -5 -5 -4    2   0  12   8   0  10   5  44   0   0   2   2   2   0   0   8   3   0   0   1  0.78 0.41
  140 S   -1 -4 -1  2 -5  0 -1  4 -3 -5  0 -4 -2 -5 -2  4 -3 -6 -5 -5    3   0   2  11   0   3   4  35   0   0   9   0   1   0   2  29   1   0   0   0  0.71 0.43
  141 M   -2 -1  1 -3 -2  2 -1 -4  0 -3 -3 -1  4 -5  1  2  4 -2 -4 -2    1   2   6   1   1   9   4   0   2   1   1   2  12   0   7  16  32   1   0   2  0.58 0.41
  142 V    3 -4 -5 -5 -1 -2  1 -5 -5  1  1 -4 -2 -3 -5 -3 -3 -6 -4  5   24   0   0   0   1   2   9   0   0   4  10   0   0   0   0   1   0   0   0  47  0.86 0.48
  143 T    4 -1 -4 -4 -2 -1 -4 -3 -5 -2 -4 -2 -4 -5 -4  2  5 -2 -5  0   31   3   0   0   1   2   0   1   0   2   0   2   0   0   0  15  36   1   0   6  0.84 0.50
  144 L   -4 -5 -6 -7 -3 -5 -6  1 -6  2  6 -6  1 -2 -6 -5 -4 -3 -5  0    0   0   0   0   0   0   0  10   0  10  68   0   3   1   0   1   0   0   0   6  1.20 0.55
  145 G   -1 -6 -4 -5 -6 -3 -4  6 -5 -5 -4 -5 -6 -5  2  0 -1 -6 -6 -4    4   0   0   0   0   1   1  68   0   1   2   0   0   0  10   7   4   0   0   1  1.43 0.62
  146 C   -4 -5 -7 -7 11 -7 -8  1 -7 -6 -6 -5 -6 -7 -5 -4 -5 -7 -7 -3    1   1   0   0  84   0   0  11   0   0   0   1   0   0   1   1   0   0   0   1  3.47 1.08
  147 L   -1 -4 -6 -6 -5 -4 -6 -5 -6 -2  6 -3  1 -2 -6 -4 -2 -1 -4 -1    6   1   0   0   0   1   0   1   0   0  79   2   2   1   0   1   3   1   0   3  1.35 0.60
  148 V    2 -6 -6 -6 -4 -5 -6 -5 -6  0 -2 -5 -2 -3 -4 -2 -3 -6 -5  7   19   0   0   0   0   0   0   1   0   3   2   0   1   1   0   2   1   0   0  70  1.45 0.65
  149 K   -3  0 -3 -4 -2  1 -2 -4  1 -6 -5  6 -5 -6 -1  2  0 -6 -5 -4    1   4   0   0   1   5   2   0   3   0   0  60   0   0   3  15   5   0   0   1  1.20 0.59
  150 G   -4 -4  0  5 -6 -4 -2  5 -5 -7 -7 -4 -6 -7  2 -1 -4 -7 -6 -6    0   1   3  36   0   0   1  43   0   0   0   0   0   0  12   3   0   0   0   0  1.36 0.59
  151 Y   -4 -6 -6 -4 -6 -4 -6 -4 -3 -5 -3 -6 -4  6 -6  1 -4 -2  8 -4    1   0   0   1   0   1   0   1   0   0   2   0   0  30   0  11   1   0  52   1  1.90 0.75
  152 F   -4 -4 -2 -5 -5  2 -2 -5 -2 -3  0 -4 -1  7 -5  0  1 -3  0 -2    0   0   2   0   0  11   3   0   1   1   8   0   1  51   0   9   8   0   2   2  1.10 0.53
  153 P   -3 -6 -4 -4 -6 -3 -5 -6 -6 -1 -3 -4 -5  2  8 -2  1 -6 -5 -4    1   0   1   1   0   1   0   0   0   4   2   1   0   8  68   3   9   0   0   1  1.88 0.74
  154 E   -2 -1 -1  0 -3 -1  6 -3 -3 -4  1 -2 -3 -5 -4  1  0 -5 -3 -3    2   4   2   5   0   1  50   2   0   1  13   1   0   0   0  12   6   0   1   1  0.77 0.46
  155 P   -3 -4 -1 -1 -2 -2 -4 -4 -5 -6 -6 -4 -5 -6  7  4  0 -7 -6 -5    0   1   3   4   1   1   1   1   0   0   0   0   0   0  49  32   6   0   0   0  1.51 0.67
  156 V   -2 -4 -2 -4 -4 -3 -5 -4 -3  2  2 -5  1 -1 -3 -4 -3 -4  2  5    3   0   2   1   0   1   0   1   1   8  20   0   3   1   1   1   1   0   9  48  0.81 0.42
  157 T   -2 -2  1 -1 -1 -2 -3 -3 -1 -4 -4 -3 -4 -5 -5  1  7  1 -3 -4    2   2   6   3   1   2   1   2   2   0   1   1   0   0   0  10  66   2   1   0  1.28 0.63
  158 V   -3 -4 -6 -6  5 -1 -5 -5 -5  1  0 -5  3  2 -5 -4 -3 -2  1  5    1   1   0   0  12   4   0   1   0   6   8   0   6  10   0   0   0   0   4  47  0.93 0.46
  159 T   -1 -4 -2 -2 -3  1 -3 -3  0 -4 -4 -1 -4 -5 -4  4  5 -6 -2 -3    4   0   1   2   0   5   0   1   2   1   1   4   0   0   0  37  40   0   1   1  0.97 0.55
  160 W   -7 -8 -9 -9 -7 -7 -8 -6 -7 -4 -5 -5 -6 -1 -9 -8 -7 13 -2  1    0   0   0   0   0   0   0   1   0   1   1   1   0   2   0   0   0  85   1   9  4.19 1.26
  161 N   -4 -2  7  0 -5 -2 -2 -2 -3 -4 -5  0 -5 -6 -5  2  0 -6 -3 -4    0   1  57   4   0   1   1   2   0   1   1   6   0   0   0  18   6   0   1   1  1.25 0.58
  162 S   -1 -1  1  1 -4 -1 -1  2  0 -5 -5 -1 -4 -5 -4  5 -1 -1 -3 -4    2   3   5   7   0   3   3  14   2   0   0   2   0   0   0  55   2   1   1   1  0.81 0.47
  163 G   -1 -4 -1 -1 -5 -1 -2  6 -4 -3 -4 -1 -4  1 -4  0 -3  0  0 -4    3   0   2   3   0   3   2  62   0   1   1   3   0   8   0   6   1   1   3   1  1.03 0.46
  164 S    4 -3 -2 -3 -4 -3 -1  1 -4 -3 -5  0 -4 -5 -1  4 -1 -5 -4 -2   32   0   0   0   0   0   3  10   0   1   0   5   0   0   3  41   1   0   0   2  0.76 0.44
  165 L   -3 -3 -1  0 -4 -1 -2 -3 -2  3  4 -2 -1 -2 -1 -2 -2 -4 -2  0    1   0   3   6   0   2   2   2   1  16  53   2   0   0   3   3   2   0   1   3  0.54 0.33
  166 S   -1 -4 -1 -3 -1  0 -3  0 -4 -1 -2 -3 -2 -5 -4  4  6 -5 -4 -3    2   0   2   1   1   4   0   6   0   3   4   0   1   0   0  28  48   0   0   0  0.93 0.51
  167 S   -1 -2 -1 -3 -4 -2 -2 -3 -4 -3 -5 -1 -3 -5 -4  6  3 -6 -5 -2    3   1   2   1   0   1   1   0   0   1   0   4   0   0   0  61  21   0   0   3  1.09 0.57
  168 G   -2 -3 -1  1 -5 -2 -4  6 -4 -5 -5 -3 -5 -5 -4  2  1 -5 -5 -3    0   1   3   7   0   1   0  60   0   0   0   0   0   0   1  15   9   0   0   2  1.11 0.48
  169 V   -1 -5 -5 -5 -3 -4 -3 -5 -5  3  1 -5 -2  1 -5 -3 -2 -4 -1  6    5   0   0   0   0   0   2   0   0  13   9   0   0   7   0   1   1   0   2  59  0.95 0.43
  170 H   -2  2  1 -3 -5 -1  0 -5  9 -1 -5  1 -1 -4 -5 -1 -3  2 -2 -2    2  13   6   0   0   1   4   0  49   4   0   9   1   0   0   4   0   3   0   3  1.24 0.52
  171 T   -2 -1  2 -3 -4  3 -3 -3 -3 -4 -3 -1 -1  0 -4 -1  6  2 -3 -3    2   2   8   0   0  17   0   1   0   0   2   4   2   4   0   3  53   3   0   0  0.88 0.47
  172 F   -5 -5 -5 -6 -5 -3 -5 -6 -3 -3 -3 -5  1  8  1 -5 -5 -2  5 -1    0   0   0   0   0   1   0   0   0   0   0   0   3  64   7   0   0   0  18   4  1.77 0.61
  173 P   -3 -2 -5 -5 -6 -2 -3 -3 -5 -3 -6 -2 -5 -6  8 -2 -4 -7 -6 -5    1   2   0   0   0   2   1   3   0   2   0   2   0   0  85   2   0   0   0   0  2.46 0.75
  174 A    5 -1 -3 -3 -3 -3 -1 -2 -4 -4 -3 -3 -3 -5  3  2 -1 -5 -4 -2   56   3   0   1   0   0   4   1   0   0   2   0   0   0  13  15   2   0   0   2  0.82 0.41
  175 V   -2 -5 -5 -5 -3 -4 -3 -5 -5  2  0 -4 -1 -1 -5  0 -2  2 -3  6    2   0   0   0   0   0   2   0   0  10   6   0   1   2   0   7   1   3   0  66  0.97 0.43
  176 L    0 -2 -4 -3 -3  2 -2 -2 -2 -1  5 -2  1 -2 -3 -3 -1  0 -3 -1    9   2   0   1   0   9   2   2   1   0  61   2   3   0   1   1   3   1   0   2  0.62 0.35
  177 Q   -2  1 -1 -1 -5  7 -1  0 -3 -5 -3  1 -3 -5 -2  2 -2 -5 -4 -4    3   6   2   2   0  52   2   8   0   0   2   6   0   0   1  15   0   0   0   0  0.94 0.46
  178 S   -1 -3  1  0 -4  1  0  2 -3 -5 -5 -3 -4 -5 -4  5 -2 -5 -4 -2    1   0   6   5   0   5   7  17   0   0   0   0   0   0   0  55   0   0   0   3  0.83 0.43
  179 D   -1 -2  1  4 -5 -3 -2  6 -4 -5 -5 -3 -4 -5 -4 -2 -1 -5 -5 -5    3   2   6  23   0   0   1  58   0   0   0   1   0   0   0   1   3   0   0   0  1.13 0.41
  180 L   -3 -1 -4 -2 -3 -2 -2 -4 -4  0  4  1  0 -1 -2 -2  1 -3  0 -1    0   3   0   3   0   1   2   1   0   4  57  10   1   2   1   2   8   0   3   1  0.52 0.30
  181 Y   -5 -5 -5 -6 -4 -5 -5 -6 -1 -4 -4 -4 -4  1 -6 -5 -3  1 10 -3    0   0   0   0   0   0   0   0   1   0   1   1   0   3   0   0   1   1  88   2  2.61 0.78
  182 T   -1 -3 -2 -3 -3 -3 -3 -2 -3 -3 -3 -2  0 -4 -3  4  5 -4  0 -1    3   0   0   0   0   0   0   2   0   0   2   2   3   0   0  37  42   0   3   3  0.85 0.42
  183 L    0 -2 -4 -4 -3 -3 -4  0 -4 -1  4 -1  4 -2 -4 -1  0 -4 -2 -2   10   2   0   0   0   0   0   9   0   0  52   4  12   0   0   3   5   0   1   0  0.54 0.30
  184 S   -2 -4  0 -3  0 -2 -3 -3 -4  0 -4 -3 -4 -3 -4  6  1 -5 -4 -1    0   0   4   0   2   1   0   0   0   5   1   0   0   1   0  73   8   0   0   4  1.14 0.53
  185 S   -2 -4 -3 -4 -4 -3 -3 -4 -4 -5 -6 -3 -5 -6 -3  7 -1 -6 -5 -2    0   0   0   0   0   0   0   0   0   0   0   0   0   0   1  95   1   0   0   3  1.90 0.73
  186 S   -2 -2 -2 -3 -4  5 -2 -4 -1 -2 -1 -2  1 -4 -4  2 -1 -5 -4  4    0   2   0   0   0  32   0   0   1   0   4   0   3   0   0  19   3   0   0  34  0.71 0.41
  187 V   -3 -5 -5 -4 -3 -4 -5 -5 -5  3  3 -5 -1 -3 -5 -4 -1 -5 -3  5    0   0   0   1   0   0   0   0   0  12  29   0   0   0   0   0   3   0   0  55  1.01 0.40
  188 T   -2  1  0 -3 -4 -1 -2 -4 -4 -3 -1 -1 -3 -4 -4  1  6 -5 -4 -2    1   7   3   0   0   3   2   0   0   0   5   3   0   0   0   7  68   0   0   1  1.08 0.49
  189 V   -3 -5 -5 -5 -3 -4 -5 -5 -5  2  2 -4 -1  0 -1 -4 -2 -5 -3  6    0   0   0   0   0   0   0   0   0   7  16   0   0   3   3   0   1   0   0  68  1.07 0.43
  190 P   -1 -2 -3 -1 -4 -3 -3 -4 -4 -4 -3 -1 -4 -5  7  2  2 -5 -3 -3    3   2   1   3   0   0   0   0   0   0   2   3   0   0  57  14  12   0   1   2  1.34 0.46
  191 S    3  1 -2 -3 -3 -2 -2 -2 -3 -4 -3  1 -3 -4 -3  5 -1 -5 -4 -3   21   8   0   0   0   0   0   0   0   1   3   9   0   0   0  56   1   0   0   1  0.82 0.41
  192 S    1 -2 -1  0 -3  1 -2 -3 -2 -3 -3 -1 -3 -4 -3  5  0 -4 -1  0   10   1   1   5   0   5   1   0   0   0   1   2   0   0   0  58   5   0   2   9  0.70 0.38
  193 T   -2 -2 -1  4 -4  1  1 -3 -3 -4 -4 -1 -3 -5  0  3  3 -5 -4 -2    1   1   1  23   0   7   7   0   0   0   0   3   0   0   3  31  22   0   0   2  0.61 0.33
  194 W   -4 -2 -5 -6  4 -1 -5 -2 -5 -3  2 -5 -2 -2 -5 -1 -4 10 -1 -3    0   3   0   0  10   3   0   4   0   0  25   0   1   1   0   5   0  45   1   1  1.70 0.53
  195 P   -1 -2  0  1 -4 -2  0  3 -3 -5 -4  1 -3 -5  5  0 -1 -5 -4 -4    2   0   5  10   0   1   5  26   0   0   1  12   1   0  29   6   2   0   0   0  0.70 0.28
  196 S    1 -1  0  0 -3 -2  0 -1 -3 -3 -4  0 -3 -4 -3  4  4 -4 -4 -3   12   3   4   5   0   0   6   3   0   1   0   4   0   0   0  31  32   0   0   0  0.56 0.31
  197 E   -2  0  0 -1 -5  6  3 -3 -1 -5 -4  3 -3 -5 -2  0 -1 -5 -4 -4    2   2   4   2   0  39  19   0   1   0   1  22   0   0   1   5   2   0   0   0  0.86 0.37
  198 T   -1 -1  0 -3 -2 -1 -2 -2 -2 -3 -3 -1 -3 -4 -1  3  5 -4  0 -1    3   2   3   0   0   2   2   3   1   0   1   3   0   0   3  26  45   0   4   2  0.65 0.34
  199 V   -3 -3 -5 -5 -4 -2 -4 -5 -2  1  0 -4 -2  5 -5 -4 -3 -1  7  3    0   1   0   0   0   2   0   0   0   6   5   0   0  22   0   0   0   0  37  25  1.05 0.40
  200 T   -2 -1 -2 -3 -3  1 -1 -4 -3  3 -2  1 -1 -3 -3 -1  5 -4  0  0    1   1   1   0   0   7   2   0   0  23   0  12   1   0   0   2  40   0   4   5  0.53 0.30
  201 C   -4 -7 -6 -7 12 -6 -7 -6 -6 -5 -5 -6 -5 -6 -6 -4 -4 -6 -3 -4    0   0   0   0  97   0   0   0   0   0   0   0   0   0   0   0   0   0   1   0  3.69 0.83
  202 N   -2 -2  6 -1 -5  0  1 -3  2 -3 -4  2 -4 -5 -4  1 -2 -5 -2 -2    2   0  50   0   0   2   9   0   6   2   1  11   0   0   0  11   1   0   1   3  0.86 0.37
  203 V    2 -5 -5 -6 -3 -5 -5 -5 -6  0 -2 -5 -2 -4 -5 -4 -3 -6 -4  7   16   0   0   0   0   0   0   0   0   1   1   0   0   0   0   0   0   0   0  82  1.47 0.53
  204 A    2 -2  4 -1 -3  3  0 -2 -1 -4 -4  1 -3 -4 -3  0  1 -4 -1 -1   21   0  27   2   0  15   3   0   1   0   0  10   0   0   0   5   9   0   3   4  0.46 0.26
  205 H   -5 -4  0 -2 -7 -3 -3 -4 11 -7 -6 -3 -5 -5 -6 -4 -5 -6  0 -7    0   0   3   2   0   0   0   1  91   0   0   1   0   0   0   0   0   0   2   0  3.03 0.77
  206 P    0 -1  1  0  0 -1 -2 -3 -3 -4 -3  4 -3 -4  5  0 -1 -4  1 -4    6   2   6   4   3   1   0   1   0   0   3  27   0   0  34   5   2   0   5   0  0.71 0.29
  207 A    3 -3  0 -1 -2 -2 -2  0 -3 -4 -4  0 -3 -4  5  1  1 -5 -2 -2   29   0   4   3   1   1   1   5   0   0   0   5   0   0  32  10   8   0   1   2  0.68 0.28
  208 S   -1 -3  1 -3 -3 -2 -2  2 -3 -4 -3 -2 -4 -4 -3  5  2 -5 -2 -4    3   0   7   0   0   1   1  17   0   0   1   1   0   0   0  55  13   0   1   0  0.80 0.37
  209 S   -1 -3  6  0 -4 -2 -2  0 -2 -3 -5 -2 -4 -5  2  3  0 -5 -4 -4    4   0  40   4   0   0   0   5   0   2   0   1   0   0  11  28   4   0   0   0  0.79 0.34
  210 T   -2 -1 -2 -3 -3 -2 -3 -2 -3 -3 -3  1 -3 -1 -1  1  6 -4  0  0    1   3   0   0   0   0   0   2   0   0   0  10   0   3   3   8  59   0   3   7  0.79 0.37
  211 K   -2  0 -1 -1 -5  3  0 -4 -1 -5 -5  6 -3 -5  0  0  0 -5 -4 -4    1   1   2   3   0  14   4   0   1   0   0  58   0   0   3   6   6   0   0   0  0.92 0.38
  212 V    0 -4 -4 -5 -3 -1 -4 -5 -5  1  0 -1 -1 -2 -4 -2 -1 -5 -3  6    6   0   0   0   0   4   0   0   0   2   6   4   0   1   0   2   2   0   0  73  0.95 0.38
  213 D   -3 -1  2  6 -5 -2  2 -4 -1 -3 -5 -2 -4 -4 -4 -1  1 -6 -4 -3    0   2   7  60   0   0  13   0   1   1   0   0   0   1   0   2  11   0   0   1  1.12 0.37
  214 K   -3  0 -3 -3 -5  0  0 -4 -3 -3 -1  7 -3 -5 -3 -2 -1 -5 -4  0    0   1   0   0   0   1   4   0   0   0   6  75   0   0   0   1   3   0   0   8  1.11 0.40
  215 K   -2  3 -1 -2 -4 -1  0 -3 -2 -3 -3  5  1 -4  0  1  0 -5 -4 -4    0  19   1   0   0   0   4   0   0   1   2  50   4   0   5  10   4   0   0   0  0.71 0.29
  216 I   -2 -4 -5 -5 -3 -4 -4 -5 -5  4  1 -1 -1 -2 -4 -3 -1 -4 -3  5    0   0   0   0   0   0   0   0   0  31   9   6   0   0   0   0   1   0   0  51  0.85 0.29
  217 E   -1 -2 -2  1 -5  1  6 -4 -2 -3 -4  2 -3 -4 -3 -2 -2 -5 -4  2    3   0   0   5   0   3  58   0   0   0   0  14   0   0   0   0   0   0   0  17  0.82 0.30
  218 P   -3 -4 -4 -4 -5 -3 -3 -4 -4 -5 -5 -3 -5 -6  9 -3 -3 -6 -5 -5    0   0   0   0   0   0   0   0   0   0   0   0   0   0 100   0   0   0   0   0  2.85 0.41
