    1 N   -4 -4  6  1 -6 -4 -4  3  2 -7 -7 -4 -6 -6 -5  4 -3 -7 -5 -6    0   0  40   7   0   0   0  19   5   0   0   0   0   0   0  28   0   0   0   0  1.31 0.55
    2 L   -4 -5 -7 -7 -5 -6 -7 -7 -7  2  6 -6  1  1 -7 -6 -4 -5 -4  2    1   0   0   0   0   0   0   0   0   9  65   0   3   6   0   0   1   0   0  15  1.36 0.55
    3 Y   -3 -6 -4 -6 -5 -5 -5 -6 -4  2  4 -5  0  1 -7 -5 -2  9  2  1    2   0   1   0   0   0   0   0   0  11  33   1   2   6   0   0   2  25   6   9  1.20 0.49
    4 Q   -6 -3  2  1 -8  8  3 -5 -2 -8 -6 -3 -6 -8 -6 -4 -5 -7 -6 -7    0   0  11   6   0  63  17   0   1   0   1   0   0   0   0   1   0   0   0   0  1.96 0.82
    5 F   -7 -7 -8 -8 -7 -8 -8 -8 -6 -4  3 -8 -4  8 -8 -7 -7 -4  0 -5    0   0   0   0   0   0   0   0   0   0  30   0   0  68   0   0   0   0   3   0  2.40 0.82
    6 K    1  3  1 -3 -4  1  0  3  1 -5 -4  2 -3 -5 -4  0 -3  0 -4 -4   13  15   8   1   0   6   6  27   3   0   1  11   1   0   0   6   1   1   0   1  0.50 0.30
    7 N   -2  2  4 -1 -4 -1  0  1 -2 -4 -3  3 -1 -2 -4  1 -1 -4 -2 -2    3  10  23   2   0   2   6  11   0   1   2  20   1   2   0  10   3   0   2   3  0.43 0.28
    8 M   -2 -7 -7 -8 -6 -6 -7 -8 -7 -2  0 -6 10 -5 -8 -6  0 -7 -6  1    4   0   0   0   0   0   0   0   0   2   6   0  75   0   0   0   5   0   0   8  2.73 0.97
    9 I   -6 -8 -8 -8 -6 -7 -8 -7 -8  8 -1 -7  0  1 -7 -7 -4 -7 -5  2    0   0   0   0   0   0   0   0   0  77   3   0   2   5   0   0   0   0   0  12  2.12 0.76
   10 K   -4  2  0 -1 -6  3  2 -4  0 -2 -1  4  1 -3 -4 -1 -1  0 -4 -3    0   8   4   2   0  15  15   1   2   2   6  31   3   1   0   4   3   1   0   1  0.57 0.35
   11 C   -2 -1 -4 -5 10  2 -2 -5  3 -5 -2  1 -5 -1 -6 -3 -4 -6 -2 -4    4   3   1   1  52   8   2   0   7   0   4  10   0   2   0   2   1   0   2   1  1.76 0.67
   12 T    2 -2 -1 -4 -4 -3  0 -3 -4  1 -2  0  2 -4 -4 -1  4 -5 -4  3   17   1   3   0   0   0   6   1   0   7   1   7   6   0   0   3  26   0   0  20  0.48 0.34
   13 V   -1 -4  2 -4 -4  0 -4 -3 -5  3 -2 -4  1 -5 -5 -2  6 -6 -5 -1    4   0   9   0   0   5   0   2   0  18   4   1   3   0   0   1  49   0   0   3  0.99 0.50
   14 P   -4  0 -1 -4 -6 -5 -5  6 -2 -7 -6 -2 -6 -7  5 -4 -4 -6 -6 -6    0   5   3   0   0   0   1  55   1   0   1   3   0   0  30   0   1   0   0   0  1.60 0.64
   15 S   -2  3  0  0 -4 -2 -1  0 -3 -1 -4  5 -3 -4 -3  2  0 -4 -3 -4    2  17   3   4   0   1   2   8   0   4   1  33   0   0   1  16   5   0   1   1  0.58 0.32
   16 R   -3  4  3 -2 -5  0  0 -2  3 -2 -3 -1 -3 -2 -4  3 -2 -5 -3 -1    1  25  13   2   0   3   5   2   7   3   2   2   0   2   0  25   2   0   1   5  0.56 0.35
   17 S    3 -2  0 -3 -5 -4 -4  0 -3 -5 -5 -4 -5 -6  6  2 -1 -7 -5 -4   26   2   4   1   0   0   0   7   0   0   0   0   0   0  36  17   4   0   0   1  1.07 0.52
   18 W    1 -4 -4 -4 -1 -4 -4 -3 -4  2  2 -4  0  2  2 -2 -1  4 -1  1   14   0   0   0   1   0   1   2   0  10  25   0   2  11  10   2   4   6   1  10  0.39 0.24
   19 W   -4 -2 -5 -6 -5 -4 -5 -4 -3  0  4  0  1  3  0 -1 -1  6 -2 -1    1   2   0   0   0   0   0   1   0   3  41   7   4  15   5   4   4   9   1   3  0.70 0.37
   20 D    1 -1  1  4 -5  0  1 -3  3 -4 -4 -1 -2 -1 -4  3 -2  2  0 -4   12   2   5  21   0   4   9   1   7   1   1   2   1   3   0  25   1   2   3   1  0.48 0.32
   21 F   -7 -7 -4 -6 -4 -7 -8 -9 -4 -7 -6 -7 -6  3 -9 -7 -7 -3 10 -7    0   0   1   1   0   0   0   0   0   0   0   0   0  11   0   0   0   0  87   0  3.33 1.10
   22 A    1 -2  5 -3 -4 -3 -4  1  0 -1 -2 -3  3 -3 -5  1 -1  3  1  0   14   2  26   0   0   0   0  10   2   4   3   0   9   1   0  10   4   4   5   7  0.45 0.32
   23 D    0 -2  3  4 -5 -3 -2  2 -2 -4 -4 -2 -1  3 -1  0 -2  0  1 -4    6   2  15  24   0   0   1  16   1   1   1   1   1  12   2   8   1   2   4   0  0.50 0.31
   24 Y   -7 -7 -8 -9 -3 -7 -8 -9 -4 -7 -7 -7 -7 -3 -9 -7 -7 -3 10 -7    0   0   0   0   1   0   0   0   0   0   0   0   0   0   0   0   0   0  99   0  3.87 1.24
   25 G   -3 -7 -5 -6  0 -7 -7  8 -7 -9 -9 -7 -8 -8 -7 -4 -7 -8 -6 -8    2   0   0   0   2   0   0  95   0   0   0   0   0   0   0   1   0   0   0   0  2.70 0.92
   26 C   -6 -5 -4 -9 12 -9 -9 -8 -9 -7 -7 -9 -7 -8 -9 -4 -7  2 -8 -7    0   1   1   0  95   0   0   0   0   0   0   0   0   0   0   1   0   2   0   0  4.38 1.28
   27 Y   -7 -7 -2 -8 -8 -6 -7 -8  4 -7 -6 -7 -6  3 -8 -7 -7  5  9 -7    0   0   3   0   0   0   0   0  10   0   0   0   0   8   0   0   0   6  73   0  2.85 0.98
   28 C   -6 -10 -9 -10 12 -9 -10 -9 -9 -7 -7 -9 -7 -8 -9 -7 -7 -8 -9 -7    0   0   0   0 100   0   0   0   0   0   0   0   0   0   0   0   0   0   0   0  4.76 1.36
   29 G   -5 -6 -5 -5 -8 -7 -7  8 -7 -9 -6 -7 -8 -3 -7 -4 -7 -8 -8 -6    0   0   0   0   0   0   0  96   0   0   1   0   0   1   0   1   0   0   0   0  2.69 0.93
   30 R   -2 -2 -5 -6 -4 -4 -4 -5 -3  0  4  0  0  3 -1 -2 -1  7 -1  0    3   2   0   0   0   0   0   1   1   4  37   7   1  10   4   3   3  14   2   6  0.67 0.35
   31 G   -2 -4 -5 -3 -4 -6 -6  7 -7 -8 -7 -4 -7 -7 -7 -3 -6 -1 -4 -5    2   1   0   1   0   0   0  88   0   0   0   1   0   0   0   2   0   1   1   1  2.27 0.81
   32 G   -5 -4 -4 -4 -7 -6 -6  7 -4 -5 -8 -5 -7 -8 -7 -3 -4 -7 -8 -7    0   1   0   1   0   0   0  91   0   1   0   0   0   0   0   2   1   0   0   0  2.45 0.86
   33 S   -3  4 -3 -5 -3  3 -3 -3  2 -5 -4  3 -5 -4 -5  4 -2  3 -2 -5    1  20   1   0   0  11   0   1   4   0   2  16   0   1   0  36   2   3   1   0  0.89 0.52
   34 G   -5 -4  1 -3 -7 -6 -7  7  0 -5 -8 -2 -7 -6 -7 -5 -6 -7 -5 -6    0   1   6   1   0   0   0  84   2   1   0   3   0   0   0   0   0   0   0   1  2.20 0.84
   35 T   -3  1 -2 -1 -5  3 -2 -5 -2 -3 -4  1 -3 -6  0 -1  5  5 -3 -2    2   7   2   3   0  14   1   0   1   1   2   9   1   0   4   3  40   8   0   2  0.84 0.49
   36 P   -2 -5 -8 -7 -8 -7 -7 -8 -8 -8 -9 -7 -8 -5  9 -3 -4 -2 -8 -8    3   1   0   0   0   0   0   0   0   0   0   0   0   1  92   2   1   1   0   0  3.19 1.15
   37 V   -4  1 -5 -2 -6  1 -3 -5 -6 -1 -1  4  2 -5 -6 -5 -3 -7 -5  5    0   7   0   2   0   6   1   0   0   2   6  25   5   0   0   0   1   0   0  46  1.03 0.54
   38 D   -5 -7 -4  9 -9 -6  0 -7 -7 -9 -9 -6 -9 -9 -7 -6 -7 -10 -9 -6    1   0   0  94   0   0   5   0   0   0   0   0   0   0   0   0   0   0   0   1  3.04 1.08
   39 D    4 -2 -3  4 -6  0  4  0 -5 -6 -6 -1 -4 -7 -2 -2 -3 -7 -5 -4   34   1   1  22   0   3  24   7   0   0   0   4   0   0   2   1   1   0   0   1  0.86 0.48
   40 L   -3 -6 -5 -6 -5 -6 -6 -7 -6  0  4 -6 -2 -5 -6 -2  6 -6 -6  2    2   0   0   0   0   0   0   0   0   4  36   0   1   0   0   2  45   0   0  11  1.26 0.62
   41 D   -7 -7 -4  9 -9 -6 -3 -7 -7 -9 -9 -6 -9 -9 -7 -6 -7 -10 -3 -9    0   0   0  98   0   0   1   0   0   0   0   0   0   0   0   0   0   0   1   0  3.24 1.14
   42 R   -4  7 -5 -6 -7 -2 -3 -6 -2 -7 -6 -1 -2 -6 -3 -2 -3  9 -5 -7    1  55   0   0   0   2   1   1   1   0   1   3   1   0   2   4   1  27   0   0  2.12 0.81
   43 C   -6 -8 -7 -8 12 -8 -8 -5 -8 -6 -7 -8 -7 -7 -8 -6 -6 -7 -7 -6    0   0   0   0  96   0   0   1   0   0   0   0   0   0   0   0   0   0   0   0  4.45 1.31
   44 C   -6 -5 -7 -8 12 -7 -8 -7 -8 -6 -6 -8 -7 -7 -7 -6 -6 -7 -7 -6    0   1   0   0  95   0   0   0   0   0   0   0   0   0   0   0   0   0   0   0  4.42 1.29
   45 Q   -1  1 -3 -4 -6  5 -1 -5  6 -4 -2  1 -3  3 -5 -4 -4  3  1 -3    4   9   0   0   0  25   4   0  18   0   5   9   1  13   0   1   0   4   5   2  0.84 0.45
   46 V    3  0 -2 -3 -4 -2 -1 -4 -1  1 -2 -1 -1 -4 -4 -2  3 -5 -4  4   25   4   1   1   0   1   3   1   1   7   2   4   1   0   0   2  17   0   0  28  0.51 0.34
   47 H   -7  0 -4 -6 -8 -3 -5 -7 11 -8 -5 -6 -7 -6 -7 -6 -7 -1 -4 -8    0   4   1   0   0   1   0   0  90   0   1   0   0   0   0   0   0   1   0   0  3.80 1.21
   48 D   -5 -5 -2  8 -5 -5 -3 -4 -1 -8 -8 -3 -7 -8 -6 -5 -6 -8 -7 -8    1   0   1  91   0   0   1   1   1   0   0   1   0   0   0   0   0   0   0   0  2.78 0.99
   49 N   -4 -1  3  1 10 -1 -2 -5  2 -4 -4 -2 -6 -4 -6 -4 -3 -2 -1 -5    1   3  14   7  52   3   3   1   5   1   2   3   0   1   0   1   1   1   2   0  1.85 0.70
   50 C   -6 -8 -8 -8 12 -8 -8 -8 -8 -7 -7 -8 -7 -8 -8 -6 -6 -7 -8 -6    0   0   0   0  97   0   0   0   0   0   0   0   0   0   0   0   0   0   0   0  4.57 1.34
   51 Y   -7 -7 -7 -8 -4 -7 -7 -8 -2 -6 -3 -7 -6 -2 -8 -7 -7  0 10 -6    0   0   0   0   0   0   0   0   1   0   2   0   0   1   0   0   0   1  93   0  3.50 1.18
   52 N    1  0  0  2 -4  0  1  4 -1 -4 -4  1 -3 -3 -3  1  0 -4 -3 -4   12   5   3  13   0   3   8  27   1   1   1   8   0   1   1   8   5   0   1   1  0.39 0.23
   53 E   -1  3  0  1 -3  3  2 -3  2 -3 -3  3 -1 -3 -3 -2 -2 -4 -2 -3    6  19   4   7   0  14  13   1   6   1   3  17   1   1   1   2   2   0   1   2  0.45 0.25
   54 A    4 -4 -4 -4 -3 -3 -4 -3 -4 -1  3 -4 -1 -2 -3 -1 -2 -4 -4  2   38   1   1   1   0   1   1   2   0   2  32   1   1   1   1   4   2   0   0  12  0.69 0.36
   55 E   -2  1 -1  0 -4  1  4 -1 -2 -1 -2  3  2 -1 -3 -1 -1 -1 -2 -2    3   7   2   4   0   4  27   4   0   4   3  21   5   3   1   4   3   1   1   3  0.36 0.23
   56 K   -3  1  1  1 -4  2  2 -2  0 -4 -4  5 -3 -4 -4  0 -2 -2 -1 -4    1   7   6   6   0   7  11   3   2   1   1  42   1   1   0   5   2   1   2   1  0.72 0.37
   57 I   -1  0 -1 -1 -1 -1 -1 -2  2  1  3 -1  2  0 -2  0  0 -1  0  1    4   4   2   3   1   2   4   2   7   6  29   3   5   4   1   6   4   1   3   8  0.13 0.09
   58 S    0  1  0  0  0  1  1  0  3 -3 -2  1 -2 -2  2  0  1 -2 -2 -2    7   8   5   5   2   6   9   8   7   1   3   8   1   1  11   7   9   0   1   1  0.17 0.12
   59 G   -1 -1  1  0  2 -3 -1  5 -2 -4 -5  0 -4 -4 -4  1 -2 -5 -3 -2    4   3   7   6   4   1   5  46   1   1   1   6   0   1   0  11   2   0   1   3  0.73 0.36
   60 C   -5 -4 -7 -6 12 -7 -8 -7 -7 -5 -5 -5 -6 -4 -7 -4 -6 -2 -5 -6    1   1   0   1  90   0   0   0   0   1   1   1   0   1   0   1   0   1   0   0  3.99 1.19
   61 W   -3  1  5  1  1  1 -1  0  2 -4 -5  0 -4 -2 -3  2 -3  3  0 -5    1   7  28   7   3   6   3   6   5   1   1   5   0   2   1  15   1   4   4   0  0.52 0.33
   62 P    0 -5 -6 -6 -7 -6 -6 -6 -5 -2 -4 -4 -6 -5  8 -3  2 -8 -4 -2    7   0   0   0   0   0   0   0   0   3   1   1   0   1  70   1  12   0   1   2  2.09 0.84
   63 Y   -5 -1 -4 -6 -5 -3 -4 -7  1 -3 -2  6 -2  0 -6 -4 -3 -2  7 -1    0   2   1   0   0   1   0   0   3   2   3  43   1   3   0   1   1   0  33   5  1.42 0.66
   64 F   -3 -3 -3 -3 -5 -4 -5 -5 -5  1  2 -3  3  1 -5 -1  5  4 -1  0    1   1   1   2   0   0   0   0   0   7  20   2   7   7   0   3  35   5   2   7  0.69 0.41
   65 K   -2 -2  2  3 -5  1  2 -3 -3 -1 -1  0 -2 -5 -4  0  2 -5 -3 -1    3   1   9  19   0   8  12   1   0   4   8   6   1   0   0   7  16   0   0   4  0.34 0.26
   66 T   -1  1  0 -2 -3 -1 -2 -1  2  0  0  0 -1  0  0  2  2 -1 -2 -1    2   9   4   2   0   2   0   4   5   6   8   6   2   4   4  21  16   1   1   3  0.19 0.21
   67 Y   -8 -8 -8 -9 -3 -7 -8 -9 -4 -7 -7 -8 -7 -2 -9 -7 -7 -4 10 -7    0   0   0   0   1   0   0   0   0   0   0   0   0   1   0   0   0   0  98   0  3.88 1.29
   68 S   -1  0  1  1 -4  1 -1 -4  1 -3 -3  2 -4 -3 -1  4  1 -4 -3 -4    3   5   5   8   0   7   3   0   3   2   3  14   0   1   3  33   8   0   1   1  0.46 0.33
   69 Y   -6 -7 -7 -8 -7 -5 -7 -6  0 -5 -4 -7 -6  5 -8 -5 -6  7  8 -4    1   0   0   0   0   0   0   1   2   1   1   0   0  22   0   1   0  15  56   1  2.50 0.90
   70 E   -1  0  0  0 -5  0  0 -3  2 -4 -5  1 -4 -4 -4  4  3  2 -1 -3    3   5   3   6   0   4   5   2   5   0   0   8   0   1   0  34  19   3   2   1  0.58 0.39
   71 C   -3 -4 -5 -7 10 -5 -3 -6 -2  2 -1 -5 -2  2 -6 -3 -2  4  1 -1    1   1   0   0  49   0   2   0   1  10   5   1   1  10   0   2   3   5   5   5  1.72 0.66
   72 S   -1  1  0  0 -3  0  2 -2 -1 -1 -3  1 -3 -3 -3  3  0 -2 -2  0    3   7   4   4   0   4  14   3   1   4   2   7   0   1   1  29   6   1   1   8  0.29 0.25
   73 Q   -3  0  5  2 -6  1  2  3 -1 -6 -6  1 -4 -5 -4  0 -2  0 -4 -6    1   4  26  12   0   5  13  19   1   0   0   7   0   0   1   7   1   1   1   0  0.66 0.37
   74 G   -3  0  4  0 -2  0 -2  5  0 -5 -6  1 -4 -5 -3  0 -1 -6 -5 -5    1   6  19   6   1   5   2  38   2   0   0   7   0   0   1   8   4   0   0   0  0.77 0.41
   75 T    0 -1  0  2 -1  2  2 -1 -1 -2 -3  1 -2 -4 -4  0  3 -5 -3 -1    6   3   4  10   1  11  16   4   1   3   2   7   1   0   0   8  17   0   1   5  0.28 0.23
   76 L   -3 -7 -4 -7 -5 -6 -7 -7 -7  6  0 -6 -2 -3  1 -5 -5 -7 -3  4    2   0   1   0   0   0   0   0   0  50   7   0   0   1   8   1   0   0   1  29  1.42 0.60
   77 T   -2 -3 -3 -3  0  1 -2 -6 -1  2 -2 -3 -3 -1 -4 -1  5 -6 -1  3    2   1   0   1   2   6   2   0   2  12   2   1   0   2   1   3  43   0   2  18  0.79 0.46
   78 C   -6 -9 -6 -7 12 -9 -9 -7 -9 -7 -6 -9 -7 -4 -9 -5 -7 -8 -4 -7    0   0   0   0  96   0   0   0   0   0   1   0   0   1   0   1   0   0   1   0  4.44 1.34
   79 K   -1  0  1  0 -1 -1  1  2 -1 -3 -3  1 -3 -4 -2  3  0 -2 -1 -3    4   4   8   6   1   1   9  16   1   1   3   7   0   0   2  28   5   1   2   1  0.33 0.23
   80 G    0 -3  0  4 -3 -2  0  4 -3 -4 -5 -1 -5 -5  0  2 -2 -4 -4 -4    9   1   4  25   0   1   5  27   0   1   1   3   0   0   5  14   1   0   1   1  0.65 0.36
   81 D    0  0  1  2 -4 -1  1 -1 -2 -2 -1  4 -2 -4 -2  0  1 -5 -3 -2    9   3   7  13   0   2   7   3   1   2   8  25   0   0   1   7   9   0   1   2  0.28 0.22
   82 N   -2  0  6 -1 -4  1  1  2 -3 -4 -4  0 -3 -5 -4  0 -1 -3 -4 -5    2   4  39   3   0   7   8  16   0   1   2   5   1   0   1   5   3   0   1   1  0.79 0.40
   83 N   -4 -4  5  5  1 -4 -3 -1 -2 -6 -6 -1 -5 -6 -3  2  3 -7 -6 -5    1   0  23  33   4   0   1   4   1   0   0   3   0   0   1  12  16   0   0   0  1.02 0.51
   84 A    1  0 -2 -1 -4 -1  2 -2 -1 -4 -1  2 -3 -2  3  0  0  5 -1 -3   11   5   2   2   0   2  13   2   1   0   7  11   0   2  16   7   5   9   2   1  0.34 0.25
   85 C   -6 -7 -9 -9 12 -6 -9 -8 -5 -7 -6 -9 -7 -8 -9 -4 -7 -8 -8 -6    0   0   0   0  97   0   0   0   0   0   1   0   0   0   0   1   0   0   0   0  4.47 1.29
   86 A    0  2 -2  0 -6  5  4  0 -3 -6 -2  3 -4 -6 -3 -3 -3 -6 -5 -5    6   9   1   4   0  24  27   6   0   0   4  15   0   0   1   1   1   0   0   0  0.76 0.42
   87 A    2  4 -2 -1 -5  2  0 -4 -2 -4 -2  4  2 -4 -4 -1 -2 -3 -2 -3   17  22   2   3   0   8   6   1   0   0   4  23   6   0   0   3   2   0   1   2  0.53 0.33
   88 S    0  0 -3 -3 -5  4  1 -2 -1 -1  0  0  2  5 -5 -1 -3 -1 -2 -3    7   5   0   1   0  20  10   2   1   3   9   4   5  26   0   4   1   1   0   1  0.53 0.34
   89 V    0 -5 -5 -6 -4 -5 -5 -4 -6  5  2 -5  0 -3 -5 -2  1 -6 -4  4    8   0   0   0   0   0   0   1   0  29  22   0   2   1   0   3   9   0   0  25  0.80 0.39
   90 C   -6 -10 -9 -10 12 -9 -10 -9 -9 -7 -7 -9 -7 -8 -9 -7 -7 -8 -8 -7    0   0   0   0 100   0   0   0   0   0   0   0   0   0   0   0   0   0   0   0  4.75 1.35
   91 D    0 -1  4  2 -6  1  6 -3 -3 -6 -4  0 -4 -7 -5 -3 -3 -7 -5 -5    7   2  19   8   0   5  45   2   0   0   2   6   0   0   0   1   1   0   0   0  1.00 0.50
   92 C   -6 -9 -9 -10 12 -9 -10 -9 -9 -7 -7 -9 -7 -8 -9 -7 -7 -8 -3 -7    0   0   0   0  99   0   0   0   0   0   0   0   0   0   0   0   0   0   1   0  4.67 1.33
   93 D   -7 -7 -2  9 -9 -6 -4 -7 -6 -9 -9 -6 -9 -9 -7 -6 -6 -10 -9 -9    0   0   1  99   0   0   0   0   0   0   0   0   0   0   0   0   0   0   0   0  3.24 1.08
   94 R   -1  6 -4 -5 -7  2 -3 -4 -5 -6 -3  5 -3 -5 -6 -3 -4 -4 -6 -4    5  46   0   0   0   8   0   1   0   0   3  33   0   0   0   2   0   0   0   1  1.43 0.62
   95 L    3  0  0 -2 -4  2  2 -4 -3 -2 -3  1 -3 -4 -4 -1  2 -3 -4  1   24   5   4   2   0  10  16   0   0   2   1  10   0   0   0   3  13   0   0   9  0.39 0.29
   96 A    6 -6 -6 -6 -5 -5 -5 -4 -6 -1  0 -5 -3 -2 -5 -1 -4 -7 -4  1   72   0   0   0   0   0   0   1   0   3   8   0   0   2   0   4   0   0   0   9  1.41 0.64
   97 A    7 -5 -6 -6 -5 -5 -6 -4 -6 -5 -6 -5 -5 -7 -6 -2  0 -7 -6  1   83   0   0   0   0   0   0   0   0   0   0   0   0   0   0   1   5   0   0  10  1.90 0.77
   98 I   -3 -1 -1 -2 -3 -2  0 -5  2  3  2  1  1  0 -5 -2 -2 -3  3 -1    0   2   3   2   0   1   8   0   5  23  18   9   4   3   0   3   2   0  13   3  0.36 0.25
   99 C   -6 -9 -9 -10 12 -9 -10 -9 -9 -7 -7 -9 -7 -8 -9 -7 -7 -8 -8 -7    0   0   0   0 100   0   0   0   0   0   0   0   0   0   0   0   0   0   0   0  4.74 1.32
  100 F   -7 -7 -8 -8 -5 -8 -8 -8 -6 -3  3 -8 -1  9 -8 -6 -7  2 -2 -5    0   0   0   0   0   0   0   0   0   1  23   0   1  72   0   0   0   2   0   0  2.42 0.81
  101 A    4  3 -3 -4 -5  1 -3  0 -3 -5 -4  2 -3 -3 -4  2 -3 -6 -4 -4   38  18   0   0   0   5   0   7   0   0   1  13   0   1   0  13   0   0   0   0  0.75 0.43
  102 G   -2  5  0  1 -6  2  2 -1  0 -5 -6  4 -5 -5 -4 -1 -2 -6 -5 -5    2  28   4   7   0   9  12   6   2   0   0  23   0   0   0   4   1   0   0   0  0.74 0.38
  103 A    4 -3  5 -3 -4  0 -3 -4  0 -4 -5 -3 -4 -5 -4  2  1 -6 -2 -3   32   0  31   1   0   4   1   0   2   1   1   1   0   0   0  14   8   0   1   1  0.87 0.46
  104 P   -2 -1 -2  0 -5 -2  0 -3 -3 -4 -1  0 -4 -5  5  1  3 -5 -2 -3    2   2   2   6   0   1   6   1   0   1   7   7   0   0  33   8  21   0   1   1  0.74 0.39
  105 Y   -5 -4 -5 -6 -3 -5 -6 -6  0 -5 -5 -4 -5  1 -6 -1  3  2  9 -5    0   1   0   0   1   0   0   0   2   0   0   1   0   5   0   5  16   2  66   0  2.15 0.78
  106 N   -5 -2  7  0 -6 -2 -3 -5  3 -1 -6 -3 -5 -4 -6 -2 -2 -5  5 -6    0   2  52   4   0   1   2   0   6   5   0   1   0   0   0   3   2   0  22   0  1.50 0.63
  107 D   -3  1  2  2 -5  1  1 -3 -2 -3 -2  3 -3 -4  3  0 -2 -4 -1 -4    1   7  10  10   0   6   8   1   1   1   6  23   0   0  15   6   1   0   2   1  0.45 0.28
  108 N    0  1  2  0 -6  1  3 -2  0 -5 -5  5 -4 -6 -4 -1 -3 -2 -4 -4    6   6  11   5   0   5  17   2   2   0   0  37   0   0   0   5   1   1   0   1  0.71 0.38
  109 N   -4  0  5 -4 -5 -3 -3 -4  6 -5 -4  1 -4 -1 -5 -1 -1 -4  6 -5    1   5  26   0   0   1   1   1  17   0   1  10   0   2   0   4   4   0  26   0  1.10 0.49
  110 Y   -3  1 -3 -4 -5 -3 -1 -6  0 -3 -1  4 -3  2 -6 -4 -4  4  7 -4    2   8   1   1   0   0   3   0   2   2   5  23   0   8   0   1   1   5  37   1  1.07 0.49
  111 N   -3  3  5  0 -4  2 -2  1  4 -5 -2  1  1 -3 -4 -2 -3  3 -3 -5    1  15  27   4   0   8   1   9   9   0   4   7   5   1   0   2   0   4   0   0  0.60 0.35
  112 I   -3 -2 -2 -4 -3 -1 -4 -5 -3  4  2 -2  0  4 -4 -3 -3 -2  4 -1    1   2   2   0   0   3   1   1   0  25  20   2   1  20   1   1   1   0  14   3  0.68 0.32
  113 D   -4 -3  1  4 -6 -3 -2 -3  0 -4 -3 -1 -4  1  0 -1 -3 -3  7 -3    1   1   8  23   0   0   2   2   2   0   2   3   0   6   5   5   1   0  39   1  1.00 0.47
  114 L   -2 -2 -1 -4 -4 -2 -3 -2 -2 -2  1  0 -1  1  4  1  2  3  0 -3    1   2   3   0   0   1   0   2   1   2  13   5   1   7  25  13  17   4   3   0  0.48 0.30
  115 K   -1  2  4  1 -5  0 -1 -3 -3 -3 -4  4 -4 -4 -2  1 -1 -3 -3 -4    6  10  20   6   0   4   3   1   0   2   1  29   0   1   2  12   3   0   1   0  0.56 0.32
  116 A   -1  0 -1 -1 -3 -1  0 -2 -1  0 -1  3 -2  1  1  1  1 -1 -1 -1    4   3   2   2   0   1   5   2   1   6   6  23   0   8   7  14   7   1   2   5  0.17 0.17
  117 R   -4  5  1 -3 -4 -1 -3 -5  5 -4  0  1 -2  1 -3 -2 -3 -2  5 -4    0  29   7   1   0   2   0   0  12   0  10   8   1   6   1   2   0   0  19   0  0.77 0.39
  118 C   -6 -9 -8 -9 12 -8 -9 -8 -8 -7 -7 -8 -7 -8 -1 -6 -6 -8 -8 -6    0   0   0   0  96   0   0   0   0   0   0   0   0   0   4   0   0   0   0   0  4.32 1.18
  119 Q   -4  4 -4 -4 -7  7  0 -5 -4 -7 -6  5 -4 -7 -5 -4 -4 -6 -5 -6    0  20   0   0   0  45   4   0   0   0   0  31   0   0   0   0   0   0   0   0  1.60 0.61
