    1 S   -4 -5  2 -4 -5 -4 -5 -5 -5 -5 -6 -4 -5 -6 -5  4  7 -7 -6 -5    0   0   9   0   0   0   0   0   0   0   0   0   0   0   0  26  65   0   0   0  1.75 0.73
    2 I   -5 -6 -6 -7 -3 -5 -6 -7 -6  4  4 -6  3  4 -4 -6 -3 -4 -1  0    0   0   0   0   0   0   0   0   0  25  42   0   6  20   1   0   1   0   2   4  1.14 0.49
    3 S    3 -3 -1 -4 -5 -3 -3  4  1 -6 -6  1 -5 -6 -1  2 -3 -6 -5 -5   26   1   3   0   0   1   0  36   4   0   0   8   0   0   2  18   1   0   0   0  0.86 0.46
    4 S   -2 -2 -1  4 -6  3  5 -4 -1 -4 -5  1 -4 -6 -5  0 -1 -4 -4 -4    2   1   2  22   0  11  41   1   1   1   0   7   0   0   0   5   3   0   1   1  0.95 0.49
    5 R   -6  9 -3 -6 -8 -3 -5 -7 -5 -6 -6 -1 -6 -8 -7 -6 -5 -8 -7 -7    0  94   1   0   0   1   0   0   0   0   1   3   0   0   0   0   1   0   0   0  2.87 1.02
    6 V   -4 -6 -7 -7 -5 -6 -6 -7 -7  5  4 -6  0 -2 -6 -5 -4 -6 -5  2    1   0   0   0   0   0   0   0   0  39  42   0   2   1   0   0   0   0   0  15  1.33 0.55
    7 K   -1  4  0 -3 -5 -1 -2 -5 -3 -2 -3  6  0 -3 -5 -2 -2 -6 -4 -4    5  23   4   1   0   2   1   0   0   2   2  50   2   1   0   2   3   0   0   1  1.09 0.53
    8 S    1  0 -1 -1 -4  3  2 -3  2 -1 -1  1  0 -1 -3  0  0  0  0 -2   14   3   3   2   0  13  17   1   5   3   6   9   2   2   0   8   7   1   4   1  0.22 0.21
    9 K    4  4 -4 -5 -2 -2 -2 -4 -4 -2  1  1 -2 -5 -5 -1 -2 -6 -3 -2   41  25   0   0   1   2   2   0   0   2  13   8   1   0   0   3   1   0   1   2  0.76 0.45
   10 R   -6  8 -5 -7 -8 -4 -5 -7 -5 -4 -2 -3  5 -4 -7 -6 -6 -2 -6 -6    0  81   0   0   0   0   0   0   0   1   4   0  14   1   0   0   0   1   0   0  2.45 0.94
   11 I   -1  1  0 -1 -4  1  2 -4 -1  0  0  5 -2 -5 -4 -1  0 -5 -3 -2    4   5   4   3   0   5  14   1   1   7   8  37   1   0   0   3   6   0   1   2  0.48 0.32
   12 Q    1  0 -1  0 -5  3  4 -3  2 -3 -2  2 -1 -4 -4 -1 -1 -5 -1 -3   12   5   3   3   0  14  30   1   6   1   5  10   1   1   0   3   2   0   2   1  0.47 0.32
   13 L    3  2 -2 -4 -1 -1 -3 -3 -1 -1  3  2  1 -2 -4 -1 -2 -5 -4 -2   23  12   2   0   1   2   0   1   2   2  32  13   3   1   0   3   1   0   0   2  0.43 0.32
   14 G   -3  0  2 -2 -4 -1 -2  6 -1 -7 -7  3 -4 -7 -5 -1 -5 -6 -6 -6    1   4   9   2   0   2   2  58   1   0   0  15   0   0   0   4   0   0   0   0  1.26 0.56
   15 L   -5 -5 -7 -7 -4 -5 -6 -7 -2  1  5 -2  5  1 -6 -6 -5  3  0 -1    0   0   0   0   0   0   0   0   1   6  61   2  14   5   0   0   0   3   3   3  1.26 0.56
   16 N   -3 -4  0 -4 -5 -5 -4 -5 -3 -6 -5 -2 -5 -7 -5  4  7 -7 -5 -4    0   1   5   1   0   0   0   0   1   0   1   2   0   0   0  29  60   0   0   0  1.60 0.76
   17 Q   -5 -3 -5 -6 -8  9 -2 -5 -3 -6 -6 -3 -2 -8 -7 -5 -5 -7 -7 -7    1   1   0   0   0  93   1   1   0   0   0   1   1   0   0   0   0   0   0   0  3.00 1.16
   18 A    2  1 -1  0 -4  1  2  0 -1 -3 -3  2 -2 -4 -2  1  0 -5 -2 -1   19   6   2   4   0   7  15   6   1   0   2  15   0   0   1   8   6   0   1   5  0.27 0.22
   19 E    1 -3 -2  1 -6  4  5 -3 -2 -5 -5  0 -3 -5 -5 -1 -2 -4 -4 -4   12   1   1   8   0  18  43   2   1   1   0   6   0   0   0   4   1   0   0   1  0.92 0.51
   20 L   -2 -6 -8 -8 -5 -6 -7 -8 -7  0  6 -7  0 -1 -7 -6 -5 -6 -5  1    3   0   0   0   0   0   0   0   0   3  84   0   1   2   0   0   0   0   0   7  1.77 0.72
   21 A    7 -6 -6 -6 -5 -5 -4  1 -6 -6 -6 -5 -6 -7 -5 -1 -4 -7 -6 -3   86   0   0   0   0   0   1   9   0   0   0   0   0   0   0   3   1   0   0   1  1.99 0.85
   22 Q   -1  2 -1  2 -4  0  5 -4 -2 -5 -4  4 -3 -6 -4 -1 -2 -6 -5 -3    5  10   2  10   0   3  34   0   1   0   2  25   1   0   0   4   2   0   0   2  0.77 0.44
   23 K    2  3 -3 -3 -3  0 -1 -4 -2 -1  1  4  2 -4 -4 -2 -2 -5 -3 -2   18  17   1   1   0   4   2   0   1   3  12  30   5   0   0   1   1   0   1   1  0.58 0.38
   24 V    3 -5 -5 -6  0 -5 -5 -4 -5  3  1 -5 -1 -3 -5  0 -1 -5 -4  4   22   0   0   0   2   0   0   1   0  15  15   0   1   1   0   7   2   0   0  34  0.73 0.41
   25 G   -4 -3  1 -2 -3 -3 -3  7 -3 -8 -8 -1 -7 -5 -6 -2 -5 -7 -7 -7    0   1   7   2   1   1   2  80   1   0   0   4   0   0   0   2   0   0   0   0  1.92 0.76
   26 T   -3 -5 -6 -7  0 -5 -6 -7 -3  4  1 -4  3 -4 -6 -4  0 -3 -5  5    1   0   0   0   2   0   0   0   1  25  12   1   7   0   0   0   5   0   0  45  1.13 0.52
   27 T    0 -1 -1 -3 -5 -1 -3 -3 -3 -5 -5  2 -5 -6 -2  5  4 -6 -5 -4    7   2   3   1   0   2   1   2   0   0   0  12   0   0   1  42  25   0   0   1  0.90 0.53
   28 Q   -2  2 -3 -3 -7  7 -2 -5  1 -5 -4  1 -5 -5  1 -3 -2 -2 -4 -5    4  10   1   1   0  57   1   1   4   0   1   6   0   0   8   1   3   1   1   1  1.40 0.69
   29 Q    0 -1  0 -4 -5  5 -2  0 -4 -4 -5 -3 -1 -6  3  2  1 -6 -5  1    9   3   3   0   0  26   1   6   0   0   0   1   1   0  15  17   8   0   0  11  0.61 0.42
   30 S    4 -5 -2 -4 -4 -1 -4 -3 -2 -4 -4 -4 -1 -2 -5  4  4 -6 -3 -2   29   0   1   0   0   2   0   1   1   1   1   0   1   2   0  32  26   0   1   2  0.90 0.53
   31 I   -4 -7 -7 -7 -5 -6 -7 -8 -6  7  0 -7 -1 -3 -7 -6 -5  2  2  4    1   0   0   0   0   0   0   0   0  60   5   0   1   1   0   0   0   2   7  23  1.66 0.67
   32 E    1 -3  0 -3 -2  4 -2  0  1 -4 -5 -3 -4 -2 -5  5  0  3 -2 -3   13   1   4   1   1  18   1   6   3   1   0   0   0   2   0  39   4   5   1   2  0.74 0.48
   33 Q    0  2  1  0 -5  4  0 -2  1 -5 -3  4 -3 -4 -4  0 -2 -5  1 -4    6   8   8   6   0  20   3   2   3   0   2  28   0   1   0   6   1   0   4   0  0.60 0.38
   34 L   -2 -5 -7 -8 -6 -6 -7 -7 -5  4  3 -6  0 -2 -7 -6 -5  9  4 -2    3   0   0   0   0   0   0   0   0  26  24   0   2   0   0   0   0  27  15   2  1.63 0.67
   35 E   -4 -5 -5 -3 -3 -3  8 -7 -5 -4 -2 -3 -4 -7 -6 -4 -2 -7 -7 -2    1   0   0   0   1   0  84   0   0   1   5   1   0   0   0   1   3   0   0   3  2.07 0.89
   36 N   -1  3  4 -1 -4 -2 -2 -2 -3 -5 -3  1 -3 -5 -4  4  1 -3 -5 -3    5  14  20   3   0   1   1   2   0   0   2   6   1   0   0  32   9   0   0   2  0.64 0.41
   37 G   -3 -3  0  1 -7 -5 -3  7 -3 -8 -7 -5 -7 -7 -6 -2 -4 -7 -7 -6    1   1   4   7   0   0   2  80   1   0   0   0   0   0   0   3   1   0   0   0  1.94 0.76
   38 K   -2  3 -1  1 -5  1  1 -2  0 -2 -1  4 -2 -4 -3 -1  1 -5 -4 -2    2  16   3   7   0   4  10   3   2   3   6  27   0   0   0   3  10   0   0   3  0.40 0.28
   39 T    1  0  3 -3 -3 -2 -1 -3 -2 -2 -4 -2 -2 -5 -3  2  5 -6 -3 -2   11   6  12   1   0   1   3   1   1   3   1   1   1   0   1  17  38   0   1   2  0.67 0.43
   40 K   -2  1 -1 -2 -5  2 -1 -3 -1 -3 -1  4 -1 -4  5 -1 -2 -5 -4 -3    3   8   3   2   0   8   4   1   1   2   6  24   2   0  28   5   2   0   0   1  0.66 0.38
   41 R   -2  4  2  0 -5  0 -1  0 -2 -4 -5  3 -3 -4  0  2  0 -5 -4 -4    3  20  10   6   0   4   2   8   1   1   0  18   0   0   5  18   5   0   0   1  0.47 0.32
   42 P   -1 -3 -3 -3 -5 -2 -3  2 -2 -2 -4 -2 -4 -4  5  4  2 -2 -3 -4    4   1   1   1   0   1   1  15   1   2   1   2   0   1  25  28  14   1   1   1  0.76 0.45
   43 R   -1  4  0  1 -5 -1  3 -1 -2 -5 -4  2 -3 -5 -3  1  1 -3 -4 -3    5  27   3   8   0   1  17   4   1   0   1  12   0   0   0  10   9   0   0   1  0.56 0.35
   44 F   -2  1  4 -2 -3 -2 -3 -4  4 -2 -3  3  0  1 -5 -1  0 -3  3 -3    3   9  25   1   0   1   1   0   9   2   2  17   2   7   0   4   6   0  10   2  0.55 0.36
   45 L   -2 -6 -4 -6 -5 -6 -6 -5 -6  4  5 -6  0 -2 -6 -3 -1 -5 -3  0    3   0   1   0   0   0   0   1   0  22  60   0   2   1   0   2   4   0   0   5  1.18 0.54
   46 P    0 -1 -2 -2 -2 -1 -1 -2  1  2  1 -1  1  1  1 -1 -1 -3 -1  2    8   3   2   2   0   2   5   2   3  12  14   4   3   7   8   2   2   0   1  20  0.14 0.14
   47 E    1  1  0  1 -5  2  3 -2 -2 -4 -4  4 -2 -5 -2  0 -2 -2 -4 -4   14   6   3   9   0   8  21   3   0   0   1  24   1   0   2   6   2   0   0   0  0.50 0.33
   48 L   -4 -6 -7 -7 -5 -6 -7 -8 -7  6  5 -6  1 -1 -7 -6 -5 -6 -5 -1    1   0   0   0   0   0   0   0   0  41  51   0   3   2   0   0   0   0   0   2  1.59 0.65
   49 A    7 -6 -6 -6  1 -5 -5 -3 -6 -6 -5 -5 -3 -4 -5  1 -3 -7 -6 -5   83   0   0   0   2   0   0   1   0   0   1   0   0   1   0  11   1   0   0   0  1.89 0.83
   50 S    0  2  1  2 -4  1  2 -2  0 -3 -3  3 -2 -4 -4  0  0 -5 -2 -3    7  10   8  11   0   7  12   2   3   2   2  23   1   1   0   6   4   0   1   1  0.35 0.24
   51 A    5 -5 -5 -6 -2 -4 -3 -4 -4  1 -1 -4 -2  1 -5 -2 -2 -6 -1  2   57   0   0   0   1   1   1   1   0   8   5   0   1   5   0   1   1   0   2  16  0.96 0.52
   52 L   -6 -6 -8 -8  3 -6 -7 -8 -7 -2  6 -7 -1  3 -7 -7 -4 -5 -2 -3    0   0   0   0   5   0   0   0   0   1  82   0   1   9   0   0   1   0   1   1  1.82 0.73
   53 G   -3  0  3  2 -2  1 -1  5  0 -6 -5  1 -3 -6 -5 -1 -3 -6 -4 -5    1   5  16  11   1   7   3  38   2   0   0  10   0   0   0   4   0   0   0   0  0.78 0.41
   54 V   -3 -7 -7 -7  7 -5 -7 -7 -7  0 -3 -4 -4 -5 -6 -4  0 -7 -4  6    1   0   0   0  20   0   0   0   0   4   1   1   0   0   0   1   6   0   0  65  1.78 0.72
   55 S   -3  1  2  4 -5 -2 -1 -4 -1 -6 -6 -3 -4 -5 -1  5  2 -7 -5 -5    1   7   9  19   0   1   2   0   1   0   0   1   0   0   2  43  12   0   0   0  0.91 0.52
   56 V    2 -5 -4 -5 -4 -3 -3 -5 -5  1 -1 -4 -2 -3  6 -2  1 -6 -3  2   16   0   0   0   0   1   1   0   0   7   5   0   1   1  39   3   8   0   1  16  0.93 0.47
   57 D   -1 -1  1  4 -5  0  4 -2  1 -1 -2 -1 -1 -3 -4 -1  0 -5 -1 -2    5   2   6  28   0   3  25   2   4   4   4   3   1   1   0   4   5   0   2   2  0.51 0.32
   58 W   -6 -6 -8 -7 -8 -4 -3 -8 -4 -7 -7 -8 -4 -1 -9 -6 -6 12  5 -5    0   0   0   0   0   1   3   0   0   0   0   0   0   2   0   0   0  72  20   1  3.78 1.21
   59 L   -6 -7 -8 -8 -6 -7 -7 -8 -7  1  7 -7 -2 -2 -7 -7 -5 -6 -5 -2    0   0   0   0   0   0   0   0   0   5  92   0   0   2   0   0   0   0   0   1  2.08 0.79
   60 L    1 -2 -3 -3 -3  1  0 -4 -2  0  4 -1  2  0 -4  0 -1 -2 -3  0   13   2   0   1   0   8   6   1   1   4  40   3   5   3   0   6   2   0   0   4  0.36 0.27
   61 N   -2 -2  2  0 -3 -2 -1 -1 -1 -3 -3 -1 -2  3 -4  1  4 -4  3 -3    1   2   9   5   0   2   4   5   1   1   2   3   1  12   0  12  31   0   9   0  0.46 0.34
   62 G   -4 -3 -3 -6 -7 -4 -7  8 -7 -8 -8 -3 -7 -8 -7 -4 -6 -7 -8 -8    1   2   1   0   0   1   0  94   0   0   0   1   0   0   0   0   0   0   0   0  2.55 0.89
   63 T   -2 -4 -3 -4  2 -3 -4 -4 -4 -2 -3 -3 -3 -4 -4  3  5 -5 -4  4    0   0   0   0   4   0   0   0   0   0   0   0   0   0   0  28  38   0   0  29  0.95 0.43
