    1 M   -3 -4 -4 -5 -3 -3 -4 -5 -4  3  1 -4  9 -2 -4 -3 -2 -4 -3  2    0   0   0   0   0   0   0   0   0  14   5   0  69   0   0   0   0   0   0  12  1.29 0.30
    2 Q   -1  1 -1  1 -4  5  4 -3  0 -4 -4  1 -2 -5  0 -1 -1 -4 -3 -4    3   8   1   6   0  41  29   0   1   0   0   6   0   0   3   1   1   0   0   0  0.73 0.19
    3 T   -1 -2 -1 -2 -2  0 -1 -3  0  2 -1 -1 -1 -1  0  0  4 -4 -2  2    1   1   1   1   0   4   4   0   2  12   1   3   0   2   3   5  41   0   0  18  0.30 0.14
    4 F   -2 -2 -3 -4 -2 -2 -3 -4  5  3  2 -2  0  3 -4 -3 -2 -1  3  1    1   2   0   0   0   1   0   0  19  23  24   1   1  12   0   1   0   0   9   5  0.42 0.14
    5 Q   -2  1  1  0 -4  4  3 -3  0 -3 -3  3 -2 -2 -2  0  1 -3 -1 -3    0   5   5   3   0  22  19   0   2   0   0  21   0   1   0   6  11   0   2   1  0.42 0.14
    6 A    0 -3 -2 -3  0 -2 -2 -3  6 -2 -2 -2 -2  4 -4 -1  0 -1  5 -2    9   0   0   0   3   1   2   0  25   1   1   0   0  17   0   3   9   0  27   2  0.67 0.20
    7 D   -4 -4 -1  8 -6 -3  0 -4 -4 -6 -6 -3 -6 -6 -3 -3 -4 -7 -6 -6    0   0   0  97   0   0   2   0   0   0   0   0   0   0   1   0   0   0   0   0  2.22 0.47
    8 L    1 -4 -4 -5 -2 -4 -4 -4 -5  4  1 -4  0 -2 -4 -3  0 -4 -3  5   13   0   0   0   0   0   0   0   0  23   9   0   2   0   0   0   3   0   0  50  0.69 0.23
    9 A    1 -4 -5 -5 -2 -4 -4 -4 -5  4  2 -4 -1 -2 -4 -3 -2 -4 -3  5   13   0   0   0   0   0   0   0   0  21  18   0   0   0   0   0   0   0   0  47  0.71 0.23
   10 I   -3 -5 -5 -5 -3 -5 -5 -6 -5  7 -1 -5 -1 -2 -5 -4 -2 -5 -3  4    0   0   0   0   0   0   0   0   0  67   0   0   0   0   0   0   1   0   0  31  1.33 0.35
   11 V   -2 -5 -5 -5 -2 -4 -5 -6 -5  4  0 -5  0 -2 -5 -4 -2 -5 -3  6    0   0   0   0   0   0   0   0   0  25   5   0   1   1   0   0   0   0   0  68  1.16 0.32
   12 G   -2 -5 -3 -4 -5 -4 -5  7 -5 -7 -6 -4 -5 -6 -5 -3 -4 -5 -6 -6    0   0   0   0   0   0   0 100   0   0   0   0   0   0   0   0   0   0   0   0  2.20 0.45
   13 A    5 -3 -2 -3 -2 -3 -3  4 -3 -4 -4 -3 -1 -4 -3  2 -1 -4 -4 -3   51   0   0   0   1   0   0  28   0   0   0   0   1   0   0  17   2   0   0   0  0.82 0.27
   14 G   -2 -5 -3 -4 -5 -4 -5  7 -5 -6 -6 -4 -5 -6 -5 -3 -4 -5 -6 -6    0   0   0   0   0   0   0  99   0   0   0   0   0   0   0   0   1   0   0   0  2.17 0.45
   15 G   -1 -4 -3 -4 -4 -4 -4  6 -4  0  3 -3 -1 -3 -4 -3 -3 -4 -4 -3    2   0   0   0   0   0   0  61   0   5  30   0   1   0   0   0   0   0   0   0  0.99 0.29
   16 A    6 -4 -3 -4 -3 -3 -3 -1 -4 -4 -4 -3 -3 -5 -3  2 -1 -5 -4 -3   82   0   0   0   0   0   0   2   0   0   0   0   0   0   0  13   3   0   0   0  1.21 0.37
   17 G   -2 -5 -3 -4 -5 -4 -5  7 -5 -7 -6 -4 -5 -6 -5 -3 -4 -5 -6 -6    0   0   0   0   0   0   0 100   0   0   0   0   0   0   0   0   0   0   0   0  2.21 0.46
   18 L   -3 -4 -5 -6  3 -3 -5 -5 -5 -1  5 -4  6 -1 -5 -3 -3 -4 -3 -1    0   0   0   0   6   1   0   0   0   0  68   0  22   1   0   2   1   0   0   0  1.14 0.34
   19 R   -3  8 -3 -4 -4 -1 -2 -5 -2 -5 -4  0 -1 -4 -5 -3 -3 -2  1 -5    2  88   0   0   0   0   1   0   0   0   0   0   2   0   0   0   1   0   5   0  1.82 0.45
   20 A    6 -4 -4 -4  1 -3 -3 -2 -4 -4 -4 -3 -3 -5 -3  0 -1 -5 -4 -2   92   0   0   0   3   0   0   0   0   0   0   0   0   0   0   2   2   0   0   0  1.44 0.42
   21 A    6 -3 -3 -4 -3 -3 -3 -2 -4 -3 -4 -3 -3 -4 -3  1  2 -5 -4 -1   75   0   0   0   0   0   0   0   0   0   0   0   0   0   0   9  13   0   0   2  1.06 0.35
   22 I   -3 -3 -5 -5 -2 -4 -4 -5 -4  4  4 -4  2  1 -4 -4 -2 -3 -2  2    0   1   0   0   0   0   0   0   0  34  38   0   6   5   0   0   1   0   0  14  0.71 0.22
   23 A    2 -2 -1 -1 -3  2  4  2 -2 -3 -3 -1 -2 -3 -2  0 -2 -3 -1 -3   23   1   1   0   0  11  33  19   0   1   1   1   0   0   0   4   1   0   2   1  0.48 0.19
   24 A    3 -3 -3 -3  2 -2 -3 -2 -3  2  2 -2  2 -2 -3  0 -1 -3 -3  1   39   1   0   0   5   0   0   0   0  14  19   0   7   0   0   6   1   0   0   6  0.35 0.16
   25 A    5 -2 -2 -3  0 -2 -2  0 -1 -2 -2  0  0 -3 -2  1 -1 -4 -3 -1   60   1   1   0   2   0   0   4   1   1   3   5   2   0   1  10   1   0   1   4  0.56 0.22
   26 Q   -1  3 -1  0 -4  3  4 -3 -1 -4 -4  2 -2 -4 -3 -1 -2 -4 -2 -4    4  16   1   3   0  17  37   0   1   0   1  13   1   0   0   3   1   0   1   0  0.66 0.23
   27 A    3 -1 -1 -2 -2  0 -1 -1 -1 -1 -1  1 -1 -2 -2  1  1 -3 -1 -1   39   2   2   1   0   5   3   3   1   3   4   9   1   1   1  13   9   0   2   4  0.25 0.13
   28 N   -1 -1  3  2 -3  0  0  4  0 -4 -4 -1 -3 -4 -3  1 -1 -4 -2 -3    4   2  20  13   0   3   4  35   3   0   1   3   0   0   0   8   2   0   1   1  0.51 0.16
   29 P    0 -1 -1  0 -2 -1  0  0 -1 -2 -1  1 -2 -2  5  0 -1 -2 -2 -1    5   2   2   4   1   2   5   7   1   2   8  11   1   2  34   7   3   0   1   4  0.45 0.11
   30 N   -1  1  2  2 -2  0  1  2  1 -2 -2  2 -2 -3 -2  1  0 -3 -2 -2    3   8  14  11   0   3   6  14   4   1   2  14   1   1   1   9   3   0   1   1  0.21 0.07
   31 A    1 -3 -3 -3  0 -2 -3 -3 -3  1  4 -2  1  0 -3 -2 -1 -3  0  1   13   1   0   1   2   2   1   1   0   5  51   1   2   2   1   2   3   0   2   9  0.37 0.15
   32 K   -2  3  2  2 -4  0  0 -2 -1 -4 -3  4 -3 -4 -2  1 -1 -4 -3 -3    1  15  10  11   0   2   3   1   1   0   1  35   0   0   1  14   3   0   0   1  0.50 0.18
   33 I   -2 -4 -4 -4 -1 -4 -4 -5 -5  4 -1 -4 -1 -3 -4 -2  4 -5 -3  5    0   0   0   0   1   0   0   0   0  23   1   0   0   0   0   0  29   0   0  44  0.86 0.30
   34 A    6 -4 -4 -4  0 -3 -3  1 -4 -3 -3 -3 -3 -5 -3 -1 -2 -5 -4 -2   86   0   0   0   1   0   0   7   0   0   2   0   0   0   0   1   1   0   0   1  1.31 0.41
   35 L   -2 -5 -4 -5  6 -4 -5 -5 -5  2  2 -4  0 -3 -5 -3 -2 -4 -3  5    0   0   1   0  20   0   0   0   0   9  24   0   1   0   0   0   0   0   0  45  0.93 0.29
   36 I   -3 -5 -5 -5 -3 -4 -5 -6 -5  5  3 -4  0 -1 -5 -4 -2 -4 -3  4    0   0   0   0   0   0   0   0   0  41  26   0   1   1   0   0   0   0   0  32  0.94 0.28
   37 S    0 -3 -2 -3 -3 -3 -3 -3 -4 -4 -4 -3 -4 -5 -3  6  4 -5 -4 -3    6   0   0   0   0   0   0   0   0   0   0   0   0   0   0  64  30   0   0   0  1.21 0.40
   38 K   -4  0 -3 -4 -6 -1 -2 -4 -4 -6 -5  8 -3 -6 -4 -3 -4 -6 -5 -5    0   0   0   0   0   0   1   0   0   0   0  98   0   0   0   0   0   0   0   0  2.05 0.53
   39 V   -3 -5 -4 -5 -3 -4 -5 -5 -5  1  2 -4 -1 -3 -5 -4  1 -5 -3  6    0   0   0   0   0   0   0   0   0   3  22   0   0   0   0   0   8   0   0  67  1.02 0.33
   40 Y   -3 -4 -4 -5 -5  1 -4 -5  5 -3 -2 -4 -1  6 -3 -3 -4 -1  7 -3    1   0   0   0   0   6   0   0  15   0   1   0   1  38   1   1   0   0  35   1  1.35 0.37
   41 P   -2 -5 -5 -5 -6 -4 -4 -3 -5 -5 -2 -4 -5 -6  9 -4 -4 -7 -6 -3    2   0   0   0   0   0   0   2   0   0   4   0   0   0  91   0   0   0   0   2  2.62 0.54
   42 M   -3 -4 -2 -4 -3 -3 -4 -4 -4  1  0 -3  6 -3 -2 -1  6 -5 -4  0    0   0   1   0   0   0   0   0   0   9   6   0  23   0   2   1  54   0   0   3  0.99 0.36
   43 R   -5  8 -3 -5 -7 -2 -3 -5 -3 -6 -5 -1 -4 -6 -5 -4 -4 -6 -5 -6    0 100   0   0   0   0   0   0   0   0   0   0   0   0   0   0   0   0   0   0  2.45 0.57
   44 S   -1 -4 -2 -3 -1 -3 -3 -3 -4 -5 -5 -3 -4 -5 -3  7 -1 -6 -5 -5    2   0   0   0   1   0   0   0   0   0   0   0   0   0   1  97   0   0   0   0  1.78 0.53
   45 H   -3 -4 -3 -5 -6 -3 -3 -5 11 -7 -6 -4 -5 -5 -6 -4 -5 -6 -2 -7    2   0   0   0   0   0   0   0  98   0   0   0   0   0   0   0   0   0   0   0  3.31 0.68
   46 T   -2 -4 -2 -3 -4 -3 -3 -4 -4 -4 -4 -3 -4 -5 -4  4  7 -5 -4 -3    0   0   0   0   0   0   0   0   0   0   0   0   0   0   0  27  73   0   0   0  1.51 0.46
   47 V   -2 -5 -4 -5  1 -4 -5  3 -5  1 -2 -4 -2 -3 -5 -2 -2 -5 -4  6    1   0   0   0   3   0   0  22   0   4   0   0   0   0   0   2   1   0   0  66  0.98 0.34
   48 A    6 -4 -3 -4  1 -2 -3 -2 -4 -4 -4 -3 -1 -5 -3  3 -2 -5 -4 -3   75   0   0   0   3   1   1   0   0   0   0   0   2   0   0  18   0   0   0   0  1.18 0.39
   49 A    7 -4 -4 -5 -3 -4 -4 -3 -5 -4 -4 -4 -4 -5 -4 -2 -3 -5 -3 -3   99   0   0   0   0   0   0   0   0   0   0   0   0   0   0   0   0   0   1   0  1.79 0.51
   50 E   -3 -2 -3 -2 -6  8  4 -5 -2 -6 -5 -2 -4 -6 -4 -3 -4 -5 -4 -5    1   0   0   0   0  70  29   0   0   0   0   0   0   0   0   0   0   0   0   0  1.81 0.51
   51 G   -3 -5 -3 -4 -6 -5 -5  7 -5 -7 -7 -4 -6 -6 -5 -3 -4 -5 -6 -6    0   0   0   0   0   0   0 100   0   0   0   0   0   0   0   0   0   0   0   0  2.32 0.52
   52 G   -3 -5 -3 -4 -6 -5 -5  7 -5 -7 -7 -4 -6 -6 -5 -3 -4 -5 -6 -6    0   0   0   0   0   0   0 100   0   0   0   0   0   0   0   0   0   0   0   0  2.32 0.52
   53 S    1 -3  1 -3  2 -3 -3 -3 -3  4 -1 -3  3 -2 -3  1  1 -4 -3  1   13   0   9   0   4   0   0   0   0  35   1   0   9   0   0   9  11   0   0   7  0.40 0.21
   54 A    5 -3  3 -3  0 -3 -3  1 -3 -2 -4 -3 -3 -4 -3  1 -2 -5 -4 -2   57   0  18   0   2   0   0   8   0   3   0   0   0   0   0  10   1   0   0   2  0.76 0.30
   55 A    6 -4 -4 -4 -3 -3 -4  1 -4 -4 -4 -3 -4 -5 -3 -1 -3 -5 -4 -2   86   0   0   0   0   0   0  10   0   0   1   0   0   0   0   2   0   0   0   1  1.38 0.43
   56 V    3 -3 -3 -4 -2 -3 -3 -3 -4  0  2 -3  0 -3 -2  2 -1 -4 -3  3   28   0   0   0   0   0   0   0   0   1  18   0   1   0   1  17   2   0   0  31  0.44 0.22
   57 A    1 -3 -3 -4 -3 -2 -2  1 -4  1  4 -2  1 -1 -1 -2 -1 -3 -2  0   15   0   0   0   0   1   1  11   0   8  47   1   2   1   2   1   4   0   0   5  0.35 0.17
   58 Q    0  0  3  1 -4  1  1  3  0 -4 -3  1  0 -4 -3  0 -2 -4 -3 -3    7   6  20   7   0   8   6  24   2   0   1   9   3   0   0   5   0   0   0   1  0.36 0.15
   59 D   -1 -2  5  3 -4  0  3 -3 -2 -4 -4 -1  0 -5  2  0 -1 -5 -4 -3    5   0  30  15   0   2  22   0   0   0   0   2   3   0  11   6   2   0   0   1  0.62 0.23
   60 H   -2 -2  1  3 -5  0  4  0  4 -4 -4  0  1 -4 -1 -1 -1 -4 -2 -3    2   0   7  14   0   2  35   8  15   0   0   3   4   0   3   2   2   0   1   1  0.55 0.22
   61 D   -5 -5 -2  8 -6 -3 -1 -4 -4 -6 -6 -4 -6 -6 -4 -3 -4 -7 -6 -6    0   0   0  98   0   0   0   0   0   0   0   0   0   0   0   0   0   0   0   0  2.42 0.55
   62 S   -2 -2  4  4 -3 -2 -1 -3  2 -4 -5 -1 -4 -5 -3  4  1 -5 -4 -4    0   1  18  21   0   0   0   0   6   0   0   2   0   0   0  43   8   0   0   0  0.78 0.29
   63 F   -4 -5 -6 -6 -5 -4 -4 -6 -4 -1  1 -4 -3  2  0 -5 -4 11  1 -1    1   0   0   0   0   0   1   0   0   4  13   1   0   8   5   0   1  59   3   4  2.18 0.48
   64 E   -2  3 -1  3 -5  1  5 -4  2 -4 -4  0 -4 -4 -3 -2 -2 -5 -2 -4    2  19   1  15   0   5  43   0   6   1   1   3   0   0   0   0   2   0   1   0  0.78 0.27
   65 Y    0 -3 -1 -3 -4 -1 -2 -4 -2 -3  1  0  0  0 -5 -1 -3 10  2 -3   10   0   3   1   0   2   3   0   1   0  14   7   2   2   0   6   1  42   5   0  1.21 0.33
   66 H   -5 -4 -3 -5 -7 -3 -4 -6 11 -7 -6 -4 -5 -5 -6 -4 -5 -6 -2 -7    0   0   0   0   0   0   0   0 100   0   0   0   0   0   0   0   0   0   0   0  3.46 0.71
   67 F    3 -4 -4 -4 -2 -3 -3 -3 -4  0 -1 -3  7  4 -4 -2  1  0 -2 -1   28   0   0   0   1   0   1   1   0   3   1   0  34  18   0   1   8   1   0   2  0.76 0.31
   68 H   -3 -4 -1 -2 -5 -2 -3 -5  1 -3 -3 -4 -2  6 -5 -4 -4  4  7 -3    1   0   4   2   0   2   1   0   3   0   1   0   0  34   0   0   0   4  46   0  1.42 0.39
   69 D   -5 -5 -2  8 -7 -3 -1 -4 -4 -6 -7 -4 -6 -7 -5 -3 -4 -8 -6 -6    0   0   0 100   0   0   0   0   0   0   0   0   0   0   0   0   0   0   0   0  2.53 0.58
   70 T   -3 -4 -3 -4 -4 -4 -4 -5 -5 -4 -4 -4 -4 -5 -4 -2  8 -6 -5 -3    0   0   0   0   0   0   0   0   0   0   0   0   0   0   0   0 100   0   0   0  2.17 0.59
   71 V   -3 -5 -6 -6 -3 -5 -5 -6 -6  4 -1 -5  0 -3 -5 -4 -2 -5 -4  6    0   0   0   0   0   0   0   0   0  20   1   0   1   0   0   0   0   0   0  77  1.43 0.41
   72 A    0  0 -3 -3 -5 -1 -2 -2 -3 -5 -5  7 -3 -6 -4  0 -3 -6 -5 -4    6   0   0   0   0   0   0   2   0   0   0  84   0   0   0   7   0   0   0   0  1.51 0.45
   73 G   -3 -5 -3 -4 -6 -5 -5  7 -5 -7 -7 -4 -6 -6 -5 -3 -4 -5 -6 -6    0   0   0   0   0   0   0 100   0   0   0   0   0   0   0   0   0   0   0   0  2.32 0.52
   74 G    0 -4 -2 -3 -4 -3 -3  4 -4 -5 -5 -3 -4 -5 -4  6 -2 -5 -5 -4    4   0   0   0   0   0   0  28   0   0   0   0   0   0   0  68   0   0   0   0  1.25 0.41
   75 D   -4 -5 -1  8 -7 -3 -1 -4 -4 -6 -6 -4 -6 -7 -5 -3 -4 -7 -6 -6    1   0   1  98   0   0   0   0   0   0   0   0   0   0   0   0   0   0   0   0  2.41 0.56
   76 W   -5 -5 -6 -7 -5 -5 -6 -5 -3 -5 -4 -5 -4  4 -6 -5 -5 10  7 -5    0   0   0   0   0   0   0   1   0   0   0   0   0  14   0   0   0  39  46   0  2.48 0.54
   77 L   -4 -5 -6 -6 -4 -5 -6 -6 -5  2  6 -5  0 -2 -5 -5 -4 -4 -4 -1    0   0   0   0   0   0   0   0   0   7  92   0   0   0   0   0   0   0   0   0  1.51 0.42
   78 C    3 -4 -3 -4  5 -3 -4  5 -4 -3 -4 -3 -3 -4 -4 -1 -1 -5 -4  0   33   0   0   0  13   0   0  41   0   0   0   0   0   0   0   1   2   0   0   9  0.86 0.29
   79 E   -5 -4 -2  8 -7 -3  2 -4 -4 -6 -7 -3 -6 -7 -4 -3 -4 -7 -6 -6    0   0   0  90   0   0  10   0   0   0   0   0   0   0   0   0   0   0   0   0  2.19 0.52
   80 Q   -3 -2 -3 -4 -6  9 -1 -5 -3 -6 -5 -2 -3 -7 -5 -3 -3 -5 -5 -4    1   0   0   0   0  96   1   0   0   0   0   0   0   0   0   0   0   0   0   1  2.42 0.63
   81 D   -5 -4  0  8 -6 -2  0 -3 -4 -6 -6 -3 -6 -7 -2 -3 -4 -7 -6 -6    0   0   2  92   0   1   2   1   0   0   0   0   0   0   2   0   0   0   0   0  2.14 0.51
   82 V    6 -4 -4 -4  0 -3 -4 -2 -4 -2 -3 -3 -3 -4 -3 -1 -2 -5 -4  2   79   0   0   0   2   0   0   0   0   1   0   0   0   0   0   3   1   0   0  15  1.21 0.40
   83 V    1 -5 -5 -5 -2 -4 -4 -5 -5  5 -1 -4  0 -3 -4 -3 -2 -5 -3  5   15   0   0   0   0   0   0   0   0  39   0   0   1   0   0   1   0   0   0  43  0.93 0.31
   84 D   -2 -2 -2  2 -6  1  6 -4  2 -3 -4 -1 -1 -4 -4 -2 -3  0 -3 -4    3   1   0   9   0   3  70   0   6   2   0   1   1   1   0   1   0   1   0   1  1.20 0.38
   85 Y   -2 -1 -4 -4 -4 -3 -3 -5 -1  3  0 -3  0  4 -5 -3 -2 -1  7  0    3   3   0   0   0   0   1   0   1  18   7   0   1  15   0   0   2   0  41   6  0.82 0.27
   86 F   -4 -4 -5 -6 -4 -4 -5 -6 -4 -1  3 -5  8  5 -5 -5 -4 -3 -1 -2    0   0   0   0   0   0   0   0   0   0  26   0  43  30   0   0   0   0   0   1  1.40 0.41
   87 V    1 -5 -4 -5  9 -4 -5 -4 -5 -1 -3 -4 -3 -4 -4 -2  2 -5 -4  4   14   0   0   0  42   0   0   0   0   1   0   0   0   0   0   1  12   0   0  30  1.28 0.37
   88 H   -1  5  0 -2 -5  2  1 -3  1 -5 -4  4 -3 -4 -3  0 -2 -4 -1 -4    3  37   3   0   0   8  10   1   2   0   0  26   0   0   0   6   1   0   2   1  0.70 0.25
   89 H   -2 -1  2  1 -5  1  5 -3  3 -4 -2  0 -2 -4 -3 -1 -1 -3 -3 -2    2   2  11   5   0   4  50   1   7   0   3   4   1   0   0   2   3   0   0   3  0.66 0.25
   90 C    6 -4 -4 -4  3 -3 -3  1 -4 -2 -3 -3  1 -4 -3 -1 -2 -5 -4 -1   74   0   0   0   7   0   0   7   0   2   0   0   5   0   0   2   1   0   0   2  1.06 0.36
   91 P   -1 -4 -4 -4 -5 -4 -4 -5 -4  2 -4 -4 -3 -5  8 -2  0 -6 -2 -1    4   0   0   0   0   0   0   0   0  14   0   0   1   0  68   2   5   0   2   3  1.69 0.41
   92 T    0  1  0  3 -4  2  3 -1 -1 -3 -3  2 -3 -4  1  0 -1 -4 -3 -3    8   8   3  15   0   9  25   3   1   1   1  12   0   0   6   5   2   0   0   1  0.39 0.16
   93 E    3 -1 -2 -1 -2 -1  3 -3 -3  0 -2 -2 -1 -4 -3  0  0 -4 -3  1   37   2   0   1   1   1  27   0   0   5   2   0   1   0   0   6   6   0   0  12  0.41 0.22
   94 M   -2 -5 -4 -5 -3 -4 -5 -5 -5  5  0 -4  3 -2 -5 -4 -2 -5 -3  5    1   0   1   0   0   0   0   0   0  33   6   0   9   0   0   0   0   0   0  51  1.05 0.33
   95 T   -3  1 -4 -4 -3 -3 -4 -5 -1  4  1 -2  0  1 -4 -3 -1 -1  5  1    1  11   0   0   0   0   0   0   1  27  15   2   1   4   0   1   4   0  28   7  0.54 0.22
   96 Q   -2 -1 -2  3 -5  3  6 -4 -2 -5 -3 -1 -4 -1 -4 -2 -2  1 -3 -4    1   3   0  14   0  16  55   0   0   0   3   0   0   4   0   0   1   2   0   0  0.98 0.33
   97 L   -3 -4 -6 -6 -4 -4 -5 -6 -5  0  6 -5  3 -1 -5 -4 -1 -4 -2 -1    1   0   0   0   0   0   0   0   0   2  84   0   8   1   0   0   3   0   1   0  1.29 0.38
   98 E   -4 -3 -3  3 -7 -1  7 -5 -3 -6 -6 -2 -5 -6 -4 -3 -4 -6 -3 -5    0   0   0  16   0   0  83   0   0   0   0   0   0   0   0   0   0   0   1   0  1.77 0.49
   99 L   -4  2  2 -2 -6  0 -3 -4  9 -5 -4  0 -4 -2 -5 -1 -4 -5  0 -5    0   9  10   1   0   3   0   1  63   0   1   6   0   1   0   3   0   0   2   0  1.64 0.44
  100 W   -3 -3 -5 -6 -4 -3 -5 -5 -4  0  0 -5  7  3 -6 -3 -4  9  4 -3    2   1   0   0   0   1   0   0   0   4   5   0  30  11   0   1   0  34  12   0  1.57 0.41
  101 G   -3 -5 -3 -4 -5 -5 -5  7 -5 -7 -7 -4 -6 -6 -5 -3 -4 -5 -6 -6    0   0   0   0   0   0   0 100   0   0   0   0   0   0   0   0   0   0   0   0  2.31 0.52
  102 C   -1 -4 -4 -5  7 -4 -4 -5 -5  0  2 -4  4 -2 -4 -3  1 -4 -3  4    2   0   0   0  23   0   0   0   0   1  23   0  11   0   0   0   8   0   0  32  0.81 0.28
  103 P   -3 -5 -4 -5 -6 -4 -4 -5 -5 -4 -1 -4 -5 -6  8 -3 -4 -7 -6 -2    1   0   0   0   0   0   0   0   0   0   7   0   0   0  87   1   0   0   0   3  2.48 0.54
  104 W   -5 -6 -6 -7 -5 -6 -6 -6 -4 -4 -3 -6 -3  8 -7 -6 -5  9  1 -4    0   0   0   0   0   0   0   0   0   0   0   0   0  68   0   0   0  29   3   0  2.48 0.54
  105 S   -1 -3  2  1 -4 -3 -3 -3 -3 -5 -5 -3 -4 -5 -4  6 -1 -6 -4 -4    1   0  11   7   0   0   0   0   0   0   0   0   0   0   0  80   1   0   0   0  1.34 0.45
  106 R   -4  8 -3 -5 -7 -2 -3 -5 -3 -6 -5  0 -4 -6 -5 -4 -4 -6 -5 -6    0  99   0   0   0   0   0   0   0   0   0   1   0   0   0   0   0   0   0   0  2.40 0.58
  107 R   -2  1  1  0 -3 -1 -1 -3 -3 -2  1  1  0 -1 -3 -1  4 -4 -3 -2    0   8   8   6   0   1   3   0   0   0  17  11   2   3   0   0  39   0   0   0  0.40 0.23
  108 P    0 -3 -2  3 -5 -1  4 -3 -3 -4 -5  0 -4 -5  5 -1 -3 -5 -4 -4    6   0   1  16   0   1  32   1   0   1   0   5   0   0  33   3   0   0   0   0  0.97 0.30
  109 D   -3 -3  3  6 -6 -1  3 -3 -2 -5 -6 -2 -5 -6 -4 -2 -3 -6 -5 -5    1   0  13  57   0   2  23   0   0   0   0   1   0   0   0   2   1   0   0   0  1.30 0.37
  110 G   -3 -5 -2 -4 -5 -5 -5  7 -5 -7 -7 -3 -6 -6 -5 -3 -4 -5 -6 -6    0   0   1   0   0   0   0  98   0   0   0   1   0   0   0   0   0   0   0   0  2.21 0.51
  111 S   -3  5 -2 -1 -5 -1 -1 -3  0 -4 -3  5 -3 -4 -3  0  2 -5 -4 -4    0  35   0   2   0   1   1   0   3   0   1  37   0   0   0   6  13   0   0   0  0.85 0.30
  112 V   -3 -6 -6 -6 -4 -5 -6 -6 -6  7  0 -5 -1 -2 -5 -5 -3 -5 -2  3    0   0   0   0   0   0   0   0   0  80   2   0   1   1   0   0   0   0   1  15  1.56 0.43
  113 N    4 -3  1  1 -4 -1 -2 -3 -1 -4 -3 -3 -2 -1 -4  0 -3 -2  6 -3   36   0   9  10   0   2   0   0   0   0   1   0   1   1   0   5   0   0  35   1  0.77 0.31
  114 V   -4 -2 -3 -4 -1  8 -1 -5 -3 -3 -2 -2 -3 -6 -4 -3 -3 -5 -4  2    0   0   0   0   1  80   0   0   0   0   3   0   0   0   0   0   1   0   0  14  1.75 0.54
  115 R   -5  8 -3 -5 -7 -2 -3 -6 -3 -6 -5  0 -4 -6 -5 -4 -4 -6 -5 -6    0  99   0   0   0   0   0   0   0   0   0   1   0   0   0   0   0   0   0   0  2.43 0.59
  116 R    2  3 -1 -2 -4 -2 -3 -4 -3 -4 -3 -1 -3 -2  6 -2 -3 -5 -3 -4   20  18   3   1   0   1   0   0   0   0   2   2   0   2  48   1   0   0   0   0  1.10 0.33
  117 F   -5 -6 -6 -7 -6 -6 -6 -6 -4 -3 -2 -6 -1  9 -7 -4 -5 -2  0 -4    0   0   0   0   0   0   0   0   0   0   1   0   1  96   0   1   0   0   0   0  2.58 0.59
  118 G   -3 -5 -3 -4 -6 -5 -5  7 -5 -7 -7 -4 -6 -6 -5 -3 -5 -6 -6 -6    0   0   0   0   0   0   0 100   0   0   0   0   0   0   0   0   0   0   0   0  2.32 0.53
  119 G   -2 -5 -3 -4 -5 -5 -5  7 -5 -7 -7 -4 -6 -6 -5 -3 -4 -5 -6 -6    1   0   0   0   0   0   0  99   0   0   0   0   0   0   0   0   0   0   0   0  2.26 0.52
  120 M    2 -2 -3 -4 -4  3 -2 -3  5 -3 -1 -1  6 -3 -4 -2 -2 -4 -1 -2   23   1   0   0   0  18   1   1  19   0   2   4  29   0   0   1   1   0   1   1  0.77 0.33
  121 K    0 -1 -2 -2 -3  1 -2  0 -3 -4 -4  2 -2 -4  3  4  2 -5 -4 -3    5   1   0   0   0   7   0   7   0   0   0  14   1   0  13  36  16   0   0   0  0.53 0.24
  122 I    0 -1 -2 -3 -3 -1 -2 -3  2  1 -1  1 -1  3 -3 -1  1 -2  1  3    9   3   0   0   0   2   0   0   6  10   3  12   0  15   0   2   8   0   5  25  0.21 0.14
  123 E    0  2  0  0 -4  3  2 -3 -1 -4 -4  1 -2 -5  5 -1 -2 -4 -3 -4    7  11   5   4   0  14  16   0   1   0   1   6   1   0  30   1   1   0   1   0  0.66 0.22
  124 R   -4  8 -3 -4 -6 -2 -3 -5 -3 -6 -5 -1 -4 -6 -5 -4 -4 -6 -5 -5    0  98   0   0   0   0   0   0   0   0   0   0   0   0   0   0   0   0   0   0  2.34 0.57
  125 T    3 -3 -2 -3  3 -3 -3 -3 -4 -3 -4 -3 -3 -4 -3  1  6 -5 -4 -2   24   0   1   0   6   0   0   0   0   0   0   0   0   0   0   6  60   0   0   0  1.07 0.38
  126 W   -1 -5 -2 -6 10 -5 -5 -5 -5 -4 -3 -5 -4 -4 -5 -3  0  7 -4 -1    6   0   2   0  65   0   0   0   0   0   1   0   0   0   0   0   7  14   0   4  2.16 0.49
  127 F    3 -4 -4 -5 -1 -4 -4 -4  0 -3 -3 -4 -1  5 -4 -3 -3 -1  6 -3   32   0   0   0   1   0   0   0   1   0   0   0   2  28   0   0   0   0  35   0  1.11 0.36
  128 A    6 -4 -4 -4  0 -3 -3 -1 -4 -3 -4 -3 -3 -5 -3  1 -2 -5 -4  0   83   0   0   0   2   0   0   3   0   0   0   0   0   0   0   7   0   0   0   5  1.25 0.41
  129 A    6 -3 -4 -4 -3 -2 -2  0 -4 -4 -4  0 -3 -5 -3  0 -2 -5 -4 -2   82   0   0   0   0   2   1   4   0   0   0   5   0   0   0   4   1   0   0   1  1.18 0.40
  130 D   -4 -5 -2  8 -6 -3 -1 -4 -4 -6 -7 -4 -6 -6 -4 -3 -4 -7 -6 -6    1   0   0  97   0   0   1   0   0   0   0   0   0   0   0   0   0   0   0   0  2.38 0.56
  131 K   -3  6 -3 -4 -6  0 -1 -4 -3 -4 -3  5 -4 -4 -4 -3 -3 -5 -3 -5    0  54   0   0   0   1   1   0   0   1   2  39   0   0   0   0   1   0   0   0  1.39 0.40
  132 T   -2 -4 -3 -4 -4 -3 -4 -4 -4 -3 -4 -3 -2 -5 -4  0  7 -5 -4 -1    1   0   0   0   0   0   0   0   0   1   0   0   0   0   0   5  89   0   0   2  1.73 0.51
  133 G   -3 -5 -3 -4 -5 -5 -5  7 -5 -7 -6 -4 -6 -6 -5 -3 -4 -5 -6 -6    0   0   0   0   0   0   0  99   0   0   0   0   0   0   0   0   0   0   0   0  2.27 0.52
  134 F   -4 -3 -3 -5 -6 -2 -4 -5 10 -5 -2 -4 -4  5 -6 -4 -5 -4 -1 -5    0   0   0   0   0   1   0   0  69   0   3   0   0  25   0   0   0   0   0   0  2.24 0.55
  135 H    4 -3 -1 -4 -3 -2 -3 -3  5 -1 -2 -2  3  0 -3 -1 -1 -4  1  0   45   0   3   0   0   0   0   0  17   2   0   1  11   5   0   0   3   0   5   8  0.59 0.28
  136 M   -3 -4 -5 -5 -3 -3 -1 -5 -4  5  3 -4  6 -2 -5 -4 -3 -4 -3  1    1   0   0   0   0   0   6   0   0  39  27   0  23   0   0   0   0   0   0   4  0.90 0.31
  137 L   -4 -5 -6 -6 -4 -5 -5 -6 -5 -1  6 -5  4 -2 -5 -5 -4 -4 -4 -1    0   0   0   0   0   0   0   0   0   0  89   0   9   0   0   0   0   0   0   2  1.49 0.42
  138 H   -4 -2 -1 -3 -6  4 -2 -5 10 -6 -6 -3 -4 -4 -5 -2 -3 -5 -1 -6    0   1   1   1   0  20   0   0  72   0   0   0   0   0   0   3   1   0   1   0  2.25 0.56
  139 T    0 -4 -2 -3 -2 -3  0 -4 -4 -4 -4 -3 -3 -5 -4  0  7 -5 -4 -2    8   0   0   0   0   0   5   0   0   0   1   0   0   0   0   5  80   0   0   1  1.43 0.46
  140 L   -4 -5 -3 -6 -4 -5 -5 -6 -5  0  6 -5  2 -2 -5 -5 -4 -4 -4 -1    0   0   1   0   0   0   0   0   0   2  92   0   4   0   0   0   0   0   0   1  1.49 0.42
  141 F   -5 -5 -4 -6 -5 -4 -5 -6  0 -3 -3 -5 -3  5 -6 -5 -4  1  9 -1    0   0   0   0   0   1   0   0   1   0   0   0   0  23   0   0   0   1  69   5  2.03 0.51
  142 Q   -3 -1 -1  1 -3  6  3  1 -2 -5 -5 -1 -3 -5 -3 -1 -2 -4 -4 -4    0   1   2   8   0  50  22  12   0   0   0   1   0   0   0   2   1   0   0   0  0.99 0.34
  143 T   -2  2  3 -2 -4  6 -1 -2  0 -4 -4  0 -3 -5 -3 -1  2 -4 -1 -4    2   9  13   0   0  47   1   1   1   0   0   4   0   0   0   2  17   0   2   0  0.85 0.33
  144 S    1 -3  4 -2  6 -1 -3 -2 -3 -2 -1 -3 -2 -4 -3  3 -1 -5 -4 -1   12   0  20   0  19   1   0   1   0   2   7   0   1   0   0  31   1   0   0   5  0.59 0.26
  145 L   -3 -3 -5 -5 -2 -2 -4 -5 -3  2  5 -3  1 -1 -5 -4 -2 -4 -3  3    0   1   0   0   0   2   0   0   1  12  57   1   3   1   0   0   1   0   0  21  0.77 0.26
  146 Q   -1  4 -2 -3 -5  2 -1 -3 -1 -5 -4  6 -1 -5 -3 -1 -2 -5 -4 -4    5  25   0   0   0   8   2   1   1   0   0  51   1   0   0   4   1   0   0   1  0.93 0.32
  147 F   -1  0  0 -2  0 -1 -1 -2  5 -2 -1 -1 -1  3 -2 -1 -2  0  5 -2    3   6   3   2   2   1   2   2  20   2   7   4   1  12   2   3   2   1  22   3  0.39 0.12
  148 P    1  0  2  1 -2  0  0  0  0 -2 -2  1 -2 -2  3  1 -1 -2 -1 -2   15   5  12   7   1   4   6   6   2   1   3   8   1   1  14   8   2   0   3   2  0.20 0.06
  149 Q   -2  0  4  2 -3  2  0  3  0 -4 -4  1 -3 -4 -3  0 -1 -4 -4 -3    1   5  27  11   0   9   4  23   1   0   0   8   0   0   0   6   3   0   0   1  0.49 0.19
  150 I    1 -4 -4 -4  0 -3 -4 -4 -4  4 -1 -2  0 -2 -4 -2  3  0 -2  4   10   0   0   0   1   0   0   0   0  30   1   2   1   1   0   0  21   1   1  31  0.58 0.25
  151 Q   -1  1  1  0 -3  2  3 -3  4 -3 -3  2 -2 -1 -2 -1  1 -4 -2 -2    2   8   7   4   0  13  19   0  12   1   1  13   1   3   1   2  11   0   0   3  0.33 0.16
  152 R   -4  3 -4 -5 -4 -3 -4 -5 -3  1 -1 -2 -1  7 -5 -4 -3 -2  2  1    0  20   0   0   0   1   0   0   0   8   1   1   1  53   0   0   0   0   4  10  1.06 0.34
  153 F   -5 -5 -5 -6 -4 -5 -5 -6  1 -2  0 -5 -2  7 -6 -5 -4  1  7 -3    0   0   0   0   0   0   0   0   2   1   9   0   0  51   0   0   0   1  35   0  1.63 0.42
  154 D   -3 -3  4  4 -4  0  1 -3  0  2 -3 -2 -3 -4 -1  0 -1 -5 -3  1    0   0  24  29   0   3   7   0   3  15   0   0   0   0   2   6   1   0   1   9  0.52 0.23
  155 E   -4 -3 -3  0 -7 -1  8 -5 -3 -6 -6 -2 -5 -6 -4 -2 -4 -6 -5 -6    0   0   0   1   0   0  97   0   0   0   0   0   0   0   0   1   0   0   0   0  2.12 0.57
  156 H   -5 -4 -4 -6 -2 -2 -4 -5  4 -4 -3 -5 -3  4 -6 -5 -5 10  6 -3    0   1   1   0   1   2   0   0   9   0   0   0   0  18   0   0   0  35  31   1  1.87 0.45
  157 F   -4 -4 -4 -5 -3 -1 -4 -5  1 -2 -1 -4  2  7 -5 -4 -3 -1  6 -2    1   0   0   0   1   3   0   0   3   1   5   0   6  52   0   0   1   0  26   1  1.32 0.37
  158 V    4 -4 -4 -5  2 -4 -4 -3 -4  0  0 -4  0 -2 -4 -2 -1 -5 -3  4   43   0   0   0   5   0   0   0   0   1   5   0   2   1   0   0   1   0   0  41  0.75 0.30
  159 L   -2 -4 -4 -4 -2 -3 -4 -5 -3  1  4 -3  3 -2 -4 -2  3 -4 -2  1    2   0   0   0   0   0   0   0   0   7  51   0   6   0   0   1  24   0   1   6  0.65 0.26
  160 D   -3  1  0  7 -5 -1  0 -3 -2 -5 -5  0 -5 -6 -4  1 -2 -6 -5 -5    1   6   3  67   0   1   2   1   0   0   0   5   0   0   0  10   1   0   0   0  1.25 0.37
  161 I   -3 -5 -6 -6 -3 -4 -5 -6 -5  3  6 -5  1  0 -5 -4 -3 -4 -3  0    1   0   0   0   0   0   0   0   0  14  77   0   1   2   0   0   0   0   0   4  1.15 0.35
  162 L   -1 -4 -4 -4 -2 -4 -4 -4 -5  5  3 -4  1 -1 -4 -2 -2 -4 -3  3    6   0   0   0   0   0   0   1   0  39  25   0   2   1   0   2   0   0   0  22  0.68 0.24
  163 V   -2  0 -3 -4 -3 -2 -2 -4  1  2  1  0  5 -1 -4 -2  0 -3 -1  3    2   6   1   0   0   0   2   0   4  12   7   8  22   2   0   0   5   0   2  26  0.37 0.19
  164 D   -2 -2  3  5 -3  1  4 -3 -1 -5 -5  0 -4 -5 -3 -1 -1 -5 -4 -3    2   1  12  34   1   3  34   0   1   0   0   5   0   0   0   2   4   0   0   2  0.82 0.28
  165 D   -3 -3  3  6 -5  0  3  0  0 -5 -5 -2 -5 -5 -4 -1 -2 -6 -5 -4    1   0  12  53   0   2  18   7   2   0   0   1   0   0   0   3   1   0   0   1  1.04 0.32
  166 G   -2 -3  2 -1 -5 -1 -2  6 -3 -6 -6 -2 -5 -5 -4 -1 -3 -5 -5 -4    1   1   9   2   0   2   3  76   0   0   0   2   0   0   0   2   1   0   0   1  1.37 0.37
  167 H    1  3 -1  0 -3  2  2 -2  1 -2 -3  1 -2 -3 -2 -1 -1 -3 -2  1   12  19   1   6   0  11  16   2   4   1   1   8   0   0   1   2   3   0   1  13  0.25 0.14
  168 V    1 -4 -4 -5  8 -4 -4 -4 -4  1 -2 -4 -1  2 -3 -2 -2 -4 -1  3   14   0   0   0  36   0   0   0   0   7   1   1   1   8   1   1   1   0   1  26  0.92 0.30
  169 R    0  3 -1 -2  2  2 -1 -2  1 -1 -1  2 -1 -3 -3 -1  0 -3 -1  1    7  23   2   0   5   9   1   1   4   2   7  14   1   0   0   2   6   0   3  13  0.21 0.13
  170 G   -2 -5 -3 -4 -5 -4 -5  7 -5 -7 -7 -4 -6 -6 -5 -3 -4 -5 -6 -5    1   0   0   0   0   0   0  98   0   0   0   0   0   0   0   0   0   0   0   1  2.21 0.51
  171 L    0 -5 -5 -5  1 -4 -5 -5 -5  2  1 -4  0 -1 -5 -4 -2 -5 -3  6    5   0   0   0   3   0   0   0   0   7  14   0   1   2   0   0   0   0   0  66  0.95 0.32
  172 V   -2 -4 -3 -4 -3 -3 -4 -5 -4  3  1 -4  1 -2 -4 -2  2 -4 -2  4    1   0   0   0   0   0   0   0   0  19  13   0   4   1   0   1  18   0   1  42  0.63 0.25
  173 A    6 -4 -4 -4  1 -3 -3 -2 -4 -2 -2 -3  2 -4 -3 -1 -1 -5 -4  0   78   0   0   0   3   0   0   1   0   1   2   0   5   0   0   1   3   0   0   6  1.10 0.39
  174 M   -3 -3 -5 -5 -4 -4 -4 -5 -2  3  2 -4  4  2 -5 -4 -3  5  5  0    0   1   0   0   0   0   0   0   1  22  24   0  12   6   0   0   0   8  24   2  0.78 0.27
  175 N   -3 -1  4  4  3  0  3 -3  1 -5 -5 -1 -4 -5 -4 -1 -2 -5 -4 -5    0   2  26  28   8   3  25   0   4   0   0   3   0   0   0   2   0   0   0   0  0.84 0.29
  176 M   -3 -4 -5 -5 -3  0 -4 -5 -4  4  4 -4  6 -1 -4 -4 -2 -4 -3  0    0   0   0   0   0   5   0   0   0  32  35   0  24   1   0   0   2   0   0   1  0.88 0.31
  177 M    2  2 -1  1 -2  1  3 -2 -1 -2 -1  2  0 -3 -2  0 -1 -3 -3 -2   19  14   2   6   1   3  24   1   1   1   4  11   4   1   1   5   1   0   0   2  0.27 0.14
  178 E   -2 -1  1  4 -4 -2  1 -3 -1 -4 -4 -2 -3 -5 -3  2  5 -5 -4 -3    0   3   6  25   0   0   6   0   1   0   0   1   0   0   0  12  45   0   0   0  0.80 0.31
  179 G   -2 -5 -3 -4 -5 -5 -5  7 -5 -6 -5 -4 -4 -6 -5 -2 -4 -5 -6 -6    0   0   0   0   0   0   0  95   0   0   1   0   0   0   0   3   0   0   0   0  2.10 0.49
  180 T   -2  1 -1  1 -4  2  5 -3  0 -3 -4  1 -3 -5 -3  0  2 -5 -3 -2    1   6   1   7   0   7  42   1   2   1   0   6   0   0   0   5  19   0   0   2  0.60 0.25
  181 L   -2 -4 -4 -5 -2 -3 -4 -5 -4  4  3 -3  1  2  0 -3 -1 -3 -1  2    1   0   0   0   0   0   0   0   0  28  33   1   2  10   4   1   3   0   0  15  0.54 0.20
  182 V   -2 -1 -1 -2 -3  0  2 -4  7 -1 -2  0 -1 -1 -4 -2 -1 -3  1  1    3   3   1   1   0   3  13   0  38   2   4   4   2   2   0   0   4   0   5  15  0.62 0.25
  183 Q    0  2 -2 -3 -1  0 -2 -1 -1  1  0 -1  0  1 -1 -1  0 -2  0  2   10  17   0   0   1   4   0   5   1   9  10   1   2   6   3   0   7   0   3  20  0.11 0.10
  184 I   -4 -5 -5 -6 -4 -5 -5 -6 -4  4  1 -5  1  7 -6 -5 -4 -2  1  1    0   0   0   0   0   0   0   0   0  24   9   0   2  56   0   0   0   0   1   8  1.26 0.36
  185 R   -1  4  0 -2 -4  3  1 -2  3 -3 -2  2 -2 -3 -2 -1 -2 -4 -2 -2    5  31   4   0   0  16   7   2   9   1   4  13   0   0   1   2   1   0   1   3  0.47 0.20
  186 A    6 -4 -3 -4  0 -3 -3  0 -4 -4 -4 -3 -3 -5 -3  2  0 -5 -4 -2   75   0   0   0   1   0   0   5   0   0   0   0   0   0   0  13   5   0   0   1  1.12 0.39
  187 N   -3  2  2 -2 -5  1 -2 -2  4 -5 -5  6 -4 -5 -1 -2 -3 -5 -3 -5    0   9   8   1   0   4   0   3  12   0   0  60   0   0   2   0   0   0   0   0  1.01 0.35
  188 A    5 -2 -1 -3 -1 -1 -2 -1 -1 -2 -2 -1  0 -4 -3  2  1 -4 -3  0   54   1   3   0   1   2   0   2   1   2   1   3   3   0   0  14   7   0   0   5  0.53 0.25
  189 V   -1 -4 -4 -4 -1 -4 -4 -2 -5  2  0 -4 -1 -2 -4 -2  4 -5 -3  5    2   0   0   0   1   0   0   4   0   7   5   0   0   1   0   0  26   0   0  53  0.78 0.31
  190 V   -3 -5 -4 -5 -2 -4 -5 -6 -5  5  1 -4  3 -2 -5 -4 -2 -5 -3  5    0   0   0   0   0   0   0   0   0  38  11   0   8   0   0   0   0   0   0  42  0.99 0.31
  191 M   -4 -4 -5 -6 -3 -4 -5 -6 -4  3  4 -5  3  5 -5 -4 -3 -3 -1  0    0   0   0   0   0   0   0   0   0  18  49   0   7  24   0   0   0   0   0   2  0.93 0.29
  192 A    7 -4 -4 -5  1 -4 -4 -2 -5 -4 -4 -4 -4 -5 -4 -1 -3 -5 -5 -3   96   0   0   0   3   0   0   1   0   0   0   0   0   0   0   1   0   0   0   0  1.68 0.50
  193 T   -1 -4 -3 -4 -4 -4 -4 -4 -5 -4 -4 -4 -2 -5 -4  0  8 -5 -5 -3    3   0   0   0   0   0   0   1   0   0   0   0   1   0   0   3  92   0   0   0  1.84 0.54
  194 G   -2 -5 -3 -4 -5 -4 -5  7 -4 -6 -6 -4 -5 -6 -5 -3 -4 -5 -6 -6    0   0   0   0   0   0   0 100   0   0   0   0   0   0   0   0   0   0   0   0  2.10 0.38
  195 G   -2 -5 -3 -4 -5 -4 -5  7 -4 -6 -6 -4 -5 -6 -5 -3 -4 -5 -6 -6    0   0   0   0   0   0   0 100   0   0   0   0   0   0   0   0   0   0   0   0  2.10 0.38
  196 A    3 -3 -2 -4  1 -3 -3 -1  1 -2 -2 -3 -2  3 -3  0 -2 -1  6 -2   36   0   2   0   3   0   0   3   2   1   2   0   0  11   0   4   1   0  35   1  0.65 0.21
  197 G    0 -4 -2 -3  0 -4 -4  7 -4 -6 -6 -4 -5 -5 -4 -1 -3 -5 -5 -5    6   0   0   0   2   0   0  89   0   0   0   0   0   0   0   2   1   0   0   0  1.70 0.32
  198 R   -4  8 -3 -4 -2  1 -2 -5 -2 -5 -4  2 -4 -5 -4 -3 -3 -5 -2 -5    0  84   0   0   1   4   0   0   0   0   0  10   0   0   0   0   1   0   1   0  1.66 0.36
  199 V    2 -4 -4 -4  0 -3 -4 -4 -4  4  1 -3  3 -1 -3 -2 -1 -4 -3  3   18   0   0   0   2   0   0   0   0  30   9   0   8   1   0   1   2   0   0  30  0.49 0.16
  200 Y   -4 -4 -5 -6 -5 -4 -5 -6 -1 -3 -3 -5 -3  6 -6 -4 -4  4  8 -3    0   0   0   0   0   0   0   0   0   0   0   0   0  34   0   0   0   4  62   0  1.93 0.38
  201 R    0  2  1 -1 -3  1  0  0  0 -3 -2  2 -2  3  0  0 -1  3  0 -3    9  13   8   1   0   6   2   7   2   0   1  16   0  17   3   7   1   4   2   0  0.19 0.09
  202 Y    0  0  0 -2 -1 -1 -1 -2 -1 -1 -2 -1 -1  3 -2  2  2 -2  1  0    6   6   3   0   1   2   1   0   1   4   1   2   1  16   1  26  18   0   6   5  0.22 0.12
  203 N    1 -1  3 -2  4 -2 -2 -3 -3 -3 -3 -2 -3 -4 -3  2  5 -4 -3 -2   10   3  15   0  10   0   0   0   0   0   0   0   0   0   0  18  44   0   0   0  0.69 0.23
  204 T   -2 -3 -2 -3 -3 -3 -3 -3 -4 -3 -4 -3 -3 -4 -3  3  7 -5 -4 -3    0   0   0   0   0   0   0   0   0   0   0   0   0   0   0  25  75   0   0   0  1.35 0.36
  205 N   -2 -3  7 -1 -3 -2 -2 -2 -2 -5 -5 -2 -1 -3 -4  2  0 -5  1 -4    1   0  67   0   0   0   0   1   0   0   0   0   2   0   0  20   3   0   6   0  1.21 0.31
  206 G    5 -3 -1  0 -3 -3 -2  2 -3 -4 -4 -2 -3 -4 -2  1 -1 -5 -4 -2   70   0   2   5   0   0   0  14   0   0   0   0   0   0   1   7   1   0   0   0  0.84 0.26
  207 G   -1 -2 -1 -3 -4 -1 -2  1  7 -1  0 -3 -2  2 -3 -2 -2 -1  3 -2    6   0   2   0   0   1   0  12  40   2  10   0   0  10   1   0   2   1  10   2  0.65 0.20
  208 I    1 -3 -2 -3 -2 -2 -3 -2 -4  4  0 -3 -1 -2 -3  0  4 -4 -2  0   12   0   2   0   0   0   0   2   0  40   3   0   0   0   0   7  31   0   0   1  0.49 0.20
  209 V   -1 -2  4 -2  6 -2 -2 -3 -2 -1  0 -1  0 -3 -3  1 -1 -4 -2  1    1   0  30   0  22   0   0   0   0   0  11   4   3   0   0  12   1   0   0  15  0.49 0.17
  210 T   -2 -3 -2 -3 -2 -3 -3 -4 -3 -3 -3 -2 -2 -4 -3  0  7 -5 -4 -2    0   0   0   0   0   0   0   0   0   0   0   0   0   0   0   2  95   0   0   0  1.56 0.36
  211 G   -1 -4 -2 -3 -5 -4 -4  7 -4 -6 -6 -4 -5 -5 -2 -2 -4 -5 -5 -5    2   0   0   0   0   0   0  96   0   0   0   0   0   0   2   0   0   0   0   0  1.86 0.32
  212 D   -4 -4 -1  8 -6 -2  1 -3 -3 -5 -4 -3 -2 -2 -4 -2 -3 -6 -5 -5    0   0   0  90   0   0   4   0   0   0   1   0   1   2   0   2   0   0   0   0  1.74 0.33
  213 G   -1 -4 -2 -3 -3 -4 -4  7 -4 -5 -4 -3 -2 -5 -4 -2 -3 -5 -5 -4    1   0   0   0   1   0   0  93   0   0   2   0   1   0   0   0   1   0   0   1  1.71 0.30
  214 M   -1 -3  1 -2 -1  0 -3 -1 -2  1  2 -2  6 -1 -2 -2 -1 -2  0  1    2   0   9   1   1   5   0   6   0   7  18   0  32   2   2   0   3   0   3  10  0.31 0.14
  215 G    4 -3 -2 -2 -2 -3 -3  4 -3 -3 -4 -3 -3 -3 -3  1 -2 -4 -3 -2   53   0   0   1   0   0   0  37   0   0   0   0   0   0   0   7   0   0   0   0  0.84 0.22
  216 M   -1 -3 -4 -5 -3 -3 -4 -5 -4  3  2 -3  8 -1 -4 -3 -2 -3 -1  0    5   0   0   0   0   0   0   0   0  18  19   0  52   1   0   0   1   0   2   3  0.95 0.24
  217 A    5 -3 -3 -3  1 -2 -3 -2 -3  0 -2 -2 -1 -2 -1  0  0 -4 -1  2   61   0   0   0   3   0   0   0   0   3   1   0   0   1   2   3   3   0   2  20  0.55 0.18
  218 L    1 -3 -4 -4 -3 -3 -3 -3 -1 -1  3 -3  1  2 -4 -1 -2  3  5 -1   18   0   0   0   0   0   0   0   0   1  35   0   2   8   0   2   1   3  27   1  0.50 0.15
  219 S   -3  7 -2 -2 -5  0 -2 -3 -2 -4 -3  1 -2 -4 -4 -2 -3  1 -3 -4    1  84   1   2   0   2   0   2   0   1   2   2   1   0   0   0   0   2   0   0  1.39 0.28
  220 H    5  0 -2 -3 -2 -1 -1 -2  4 -3 -3  1 -2 -4 -2  0 -1 -4 -2 -1   63   5   1   0   0   1   2   0  13   1   0   8   0   0   0   3   1   0   0   2  0.61 0.19
  221 G   -2 -4 -2 -3 -5 -3 -4  7 -4 -6 -6 -3 -5 -5 -4 -2 -3 -5 -5 -5    0   0   1   1   0   0   0  96   0   0   0   0   0   0   0   1   0   0   0   0  1.83 0.30
  222 V    0 -4 -4 -4 -1 -3 -4 -4 -4  3  3 -3  1  0 -4 -3 -2 -3 -2  3    7   0   0   0   0   0   0   0   0  20  42   0   1   2   0   0   0   0   1  26  0.53 0.14
  223 P    1 -3 -4 -3 -4 -2 -3 -3 -4 -4 -4 -3 -4 -5  8 -1 -3 -6 -5 -3   12   0   0   0   0   2   0   1   0   0   0   0   0   0  80   4   0   0   0   1  2.00 0.30
  224 L   -3 -4 -2 -5 -3 -3 -4 -5 -4  1  5 -4  2 -1 -4 -4 -3 -1 -3  0    1   0   2   0   0   0   0   0   0   2  85   0   3   0   0   0   0   1   0   5  0.96 0.22
  225 R   -2  3 -2 -1 -3  5  4 -3 -1 -4 -4  3 -1 -5 -3 -1 -2 -4 -3 -4    1  15   0   0   1  33  27   0   0   0   0  21   2   0   0   2   0   0   0   0  0.78 0.19
  226 D   -4 -4  0  8 -6 -2  0 -3 -3 -5 -6 -3 -5 -6 -4 -2 -3 -7 -5 -5    0   0   1  99   0   0   0   0   0   0   0   0   0   0   0   0   0   0   0   0  2.07 0.35
  227 M   -3 -4 -4 -5 -4 -2 -4 -5 -3  0  1 -4  9 -2 -1 -3 -2 -4 -3 -1    1   0   0   0   0   0   0   0   0   3   8   0  81   0   4   0   0   0   0   1  1.66 0.35
  228 E   -3 -2 -2  0 -6  0  7 -4 -2 -6 -5 -1 -4 -6 -3 -2 -3 -5 -4 -5    0   0   0   0   0   0 100   0   0   0   0   0   0   0   0   0   0   0   0   0  1.83 0.35
  229 F   -4 -5 -5 -6 -4 -5 -5 -5 -3 -2 -1 -5  3  9 -6 -4 -4 -1  1 -3    0   0   0   0   0   0   0   0   0   0   0   0   9  91   0   0   0   0   0   0  1.97 0.34
  230 V   -2 -4 -4 -5 -3 -4 -4 -5 -2  2  0 -4  0  2 -3 -3 -1  6  1  5    0   0   0   0   0   0   0   0   1   8   3   0   1   9   1   0   1  14   5  56  0.79 0.20
  231 Q   -3 -1 -2 -3 -5  9  0 -4 -2 -5 -5 -1 -3 -6 -4 -2 -3 -4 -4 -5    0   0   0   0   0 100   0   0   0   0   0   0   0   0   0   0   0   0   0   0  2.11 0.41
  232 Y   -4 -5 -5 -6 -4 -5 -5 -5 -3 -2 -2 -5 -2  8 -6 -4 -4  3  5 -3    0   0   0   0   0   0   0   0   0   1   0   0   0  81   0   0   0   3  15   0  1.82 0.31
  233 H   -4 -3 -2 -4 -6 -2 -3 -5 11 -6 -5 -3 -4 -4 -5 -3 -4 -5 -1 -6    0   0   0   0   0   0   0   0 100   0   0   0   0   0   0   0   0   0   0   0  2.88 0.44
  234 P   -3 -5 -4 -4 -5 -4 -3 -5 -5 -5 -5 -3 -5 -6  9 -3 -3 -6 -5 -5    0   0   0   0   0   0   0   0   0   0   0   0   0   0 100   0   0   0   0   0  2.89 0.40
  235 T   -2 -3 -2 -3 -3 -3 -3 -4 -4 -3 -3 -3 -3 -4 -3  0  7 -5 -4 -2    0   0   0   0   0   0   0   0   0   0   0   0   0   0   0   4  96   0   0   0  1.60 0.35
  236 G    0 -4 -2 -3  0 -3 -4  7 -4 -5 -5 -3 -4 -5 -4 -1  0 -4 -5 -4    4   0   0   0   3   0   0  85   0   0   0   0   0   0   0   2   6   0   0   0  1.47 0.26
  237 L   -3 -4 -5 -5 -3 -4 -4 -5 -4  4  4 -4  2 -1 -4 -4 -2 -3 -3  2    0   0   0   0   0   0   0   0   0  37  53   0   3   0   0   0   1   0   0   7  0.80 0.18
  238 P    2 -1 -3 -4 -3 -2 -3 -3  0 -1 -1 -2 -1  0  3 -1 -2  2  6  0   24   4   0   0   0   0   0   1   2   2   3   1   1   0  17   1   0   2  36   6  0.59 0.17
  239 G   -1  0 -1 -2 -4 -2 -3  6 -2 -5 -5  0 -4 -2  3 -1 -3 -4 -3 -4    0   5   2   1   0   0   0  65   0   0   0   7   0   2  14   2   0   0   1   0  0.98 0.20
  240 S    3 -2  0 -2 -1 -1 -2 -2 -2 -1  0 -1  0 -3 -2  3  2 -4 -3  0   27   1   3   0   1   1   0   0   0   0  12   3   1   0   0  29  17   0   0   5  0.30 0.12
  241 G   -1 -4  1 -3 -4 -3 -4  7 -2 -6 -6 -3 -5 -5 -4 -2 -3 -5 -5 -5    1   0   6   0   0   0   0  92   1   0   0   0   0   0   0   1   0   0   0   0  1.69 0.28
  242 I   -2 -4 -3 -4  5 -4 -4 -5 -4  5  0 -4  0 -2 -4 -2  0 -4 -3  3    0   0   1   0  18   0   0   0   0  48   4   0   2   0   0   1   4   0   0  21  0.73 0.18
  243 L   -3 -4 -5 -6 -3 -4 -5 -6 -5  0  6 -4  0 -1 -5 -4 -3 -4 -3 -1    0   0   0   0   0   0   0   0   0   0 100   0   0   0   0   0   0   0   0   0  1.35 0.28
  244 M   -2 -4 -5 -5 -3 -4 -4 -5 -4  5  2 -4  4  0 -4 -4 -2 -4 -2  3    0   0   0   0   0   0   0   0   0  56  14   0  12   2   0   0   0   0   0  15  0.81 0.19
  245 T   -1 -3 -2 -3 -3 -2 -3 -3 -3 -3 -3 -2 -3 -4 -3  3  6 -5 -4 -2    0   0   0   0   0   0   0   0   0   0   0   0   0   0   0  25  75   0   0   0  1.21 0.29
  246 E   -3 -2 -2  0 -6  0  7 -4 -2 -6 -5 -1 -4 -6 -3 -2 -3 -5 -4 -5    0   0   0   0   0   0 100   0   0   0   0   0   0   0   0   0   0   0   0   0  1.83 0.35
  247 G    3 -4 -2 -3 -3 -3 -3  6 -4 -4 -4 -3 -4 -4 -3 -1 -2 -4 -4 -3   35   0   0   0   0   0   0  64   0   0   0   0   0   0   0   1   1   0   0   0  1.15 0.23
  248 C    4 -4 -3 -4  7 -3 -3 -3 -4 -1 -2 -3 -2 -3 -3  0 -1 -4 -3  2   42   0   0   0  31   0   0   0   0   1   0   0   0   0   0   5   1   0   0  21  0.85 0.21
  249 R   -4  8 -3 -4 -6 -1 -2 -5 -2 -5 -4  0 -4 -5 -4 -3 -3 -5 -4 -5    0 100   0   0   0   0   0   0   0   0   0   0   0   0   0   0   0   0   0   0  2.02 0.36
  250 G    0 -4 -2 -3 -4 -4 -4  7 -4 -6 -6 -3 -5 -5 -4 -2 -3 -5 -5 -5    4   0   0   0   0   0   0  95   0   0   0   0   0   0   0   1   0   0   0   0  1.81 0.30
  251 E   -3 -2 -2  1 -6  0  7 -4 -2 -5 -5 -1 -4 -6 -3 -2 -3 -5 -4 -5    0   0   0   3   0   0  97   0   0   0   0   0   0   0   0   0   0   0   0   0  1.75 0.34
  252 G   -2 -4 -2 -3 -5 -4 -4  7 -4 -6 -6 -4 -5 -5 -4 -2 -4 -5 -5 -5    0   0   0   0   0   0   0  99   0   0   0   0   0   0   0   1   0   0   0   0  1.93 0.31
  253 G    1 -4 -2 -3 -4 -3 -4  7 -4 -5 -5 -3 -4 -5 -4 -1 -3 -4 -5 -5   11   0   0   0   0   0   0  88   0   0   0   0   0   0   0   1   0   0   0   0  1.60 0.27
  254 I   -3 -3 -4 -5 -4 -3 -4 -5  0  4 -1 -3 -2  2 -5 -3 -3  2  7  0    0   1   0   0   0   0   0   0   1  31   1   1   0   5   0   0   0   2  52   5  1.07 0.24
  255 L   -3 -4 -5 -6 -3 -4 -5 -6 -5  1  6 -4  1 -1 -5 -4 -3  0 -3 -1    0   0   0   0   0   0   0   0   0   2  94   0   1   1   0   0   0   1   0   0  1.20 0.26
  256 V   -2  3 -3 -3 -2 -2 -2 -4 -3  3  2 -1  0 -1 -3 -2  1 -3 -1  2    0  21   0   0   0   0   0   0   0  20  25   1   0   1   0   2  12   0   1  16  0.31 0.12
  257 N   -4 -3  8  0 -5 -2 -2 -3 -2 -6 -6 -2 -4 -5 -4 -1 -1 -6 -4 -5    0   0  98   1   0   0   0   0   0   0   0   0   0   0   0   0   1   0   0   0  2.02 0.37
  258 K    1  0  1 -1 -1 -1 -1 -1 -2 -3 -4  4 -3 -4 -2  3 -1 -4 -3 -2   13   3   6   1   1   0   0   3   0   0   0  38   0   0   0  32   0   0   0   1  0.47 0.16
  259 N   -1 -1  2  4 -4  0  3 -2  0 -4 -2  1 -2 -3 -2  0  0 -4 -2 -3    2   1  12  32   0   3  24   0   3   0   4  10   1   0   0   5   4   0   1   0  0.50 0.13
  260 G   -2 -4 -1 -2 -5 -4 -3  7 -2 -6 -6 -3 -4 -5 -4 -2 -4 -5 -5 -5    0   0   3   1   0   0   1  94   1   0   0   0   0   0   0   0   0   0   0   0  1.82 0.35
  261 Y   -3 -1 -2  1 -5  0  6 -4 -1 -5 -4  0 -4 -2 -3 -2 -2 -3  4 -4    0   2   0   4   0   1  68   0   0   0   0   2   0   0   0   0   2   0  19   0  1.12 0.30
  262 R   -3  8 -3 -4 -6 -1 -2 -5 -3 -5 -5  0 -4 -5 -4 -3 -3 -5 -3 -5    0  98   0   0   0   0   0   0   0   0   0   0   0   0   0   0   0   0   1   0  2.04 0.42
  263 Y   -4 -5 -5 -6 -5 -5 -5 -5 -2 -3 -2 -5 -2  8 -6 -5 -4 -1  5 -3    0   0   0   0   0   0   0   0   0   0   0   0   0  78   0   0   0   0  22   0  1.95 0.38
  264 L   -3 -4 -5 -6 -4 -3 -5 -5 -4 -1  3 -4  9 -2 -5 -4 -3 -4 -3 -1    0   0   0   0   0   0   0   0   0   0  25   0  75   0   0   0   0   0   0   0  1.80 0.41
  265 Q    0 -1 -2 -1 -5  4  5 -3 -1 -4 -3  1 -3 -3 -2 -1 -2 -4 -3 -3    8   0   0   0   0  22  53   1   0   0   2   8   0   1   1   3   1   0   0   0  0.81 0.24
  266 D   -3  6  0  4 -5 -1  0 -3  0 -4 -4  2 -3 -5 -3 -2 -2 -5 -3 -4    1  54   3  24   0   0   2   0   2   0   0  11   0   0   0   1   1   0   0   0  0.93 0.25
  267 Y   -4 -4 -4 -6 -3 -4 -5 -6  0 -4 -4 -3 -3  1 -5 -4 -4  0  9 -3    0   0   0   0   0   0   0   0   0   0   0   1   0   0   0   0   0   0  96   0  2.46 0.47
  268 G    5 -3 -2  0 -2 -2 -2  3 -3 -3 -3 -2 -2 -3 -2  0 -2 -3 -3 -2   65   1   1   5   0   0   1  19   0   1   1   1   0   0   1   2   1   0   0   1  0.70 0.21
  269 M    0  0 -1  0  0  0  0 -1 -1  0  1  0  1  0  1  0  0  0  0  0    7   4   3   4   2   3   5   5   2   4  23   4   6   3   6   5   4   1   4   5  0.02 0.01
  270 G    1  0  0  0 -1  0  0  3 -1 -1 -1  0 -1 -1  0  0  0 -1 -1 -1   13   4   3   4   1   3   4  27   1   3   6   4   2   3   3   6   4   1   2   4  0.12 0.01
  271 P    0 -1 -1 -1 -1  0  0 -1 -1 -1 -1  0 -1 -1  5  0  0 -1 -1 -1    6   4   3   3   1   3   4   5   1   3   6   6   2   2  34   5   5   1   2   5  0.41 0.04
  272 E    0  0  0  0 -1  0  2 -1  0 -1 -1  0 -1 -1  1  0  0 -1 -1 -1    8   3   5   4   1   3  23   5   2   3   7   6   2   3   8   5   4   1   2   5  0.10 0.01
  273 T    0  0  0  0 -1  0  0 -1 -1 -1 -1  1  0 -1  0  0  2 -1 -1  0    7   5   3   5   1   4   7   5   1   4   7  10   1   3   4   7  19   1   2   5  0.06 0.01
  274 P    0  0  0  0 -1  0  0  0 -1 -1 -1  0 -1 -1  4  0  0 -1 -1 -1    7   4   3   5   1   3   6   6   2   4   7   4   2   3  25   5   4   1   2   5  0.23 0.01
  275 L    0  0  0  0 -1  0  0  0  0  0  0  0  0  0  0  0  0  2  0  0    7   4   4   4   2   3   5   6   2   6  13   5   2   3   4   6   6   3   3  12  0.01 0.00
  276 G    0  0  0  0  0  0  0  2  0 -1 -1  0  0 -1  0  0  0  0  0 -1    8   4   4   5   2   4   6  19   2   4   7   5   2   3   5   6   5   1   3   5  0.05 0.00
  277 E    0  0  0  0 -1  1  1  0  0 -1 -1  0  0 -1  0  0  0  0  0 -1    8   4   4   6   1   9  10   6   2   4   7   7   2   3   4   7   6   1   3   5  0.04 0.00
  278 P   -2 -2 -2 -1 -3 -2 -2 -2 -2 -3 -3 -2 -3 -3  8 -2 -1 -3 -3 -2    2   1   1   3   1   1   2   2   1   1   2   2   1   1  71   2   2   0   1   2  1.58 0.22
  279 K   -1  1  2 -1 -2  1  0 -1  2 -2 -2  1 -1 -2 -1  2  2 -2 -1 -1    2   8  11   1   0   5   4   2   6   1   2  11   1   1   2  16  19   0   1   6  0.17 0.06
  280 N    2  0  2 -1 -2 -1 -1 -1 -1  0  0  0  0 -2  1  0 -1 -3 -2  0   24   6  17   1   0   2   3   1   1   9  10   7   2   1   8   2   1   0   1   4  0.12 0.07
  281 K   -2  2  0 -1 -3  0  0 -2 -1 -3 -3  6 -2 -3 -2 -1 -1 -3 -2 -3    2   7   3   1   0   2   2   2   1   1   2  65   1   1   1   4   4   0   1   1  0.71 0.18
  282 Y    0  0  0  0  0  0  0 -1  0  0  0  0  0  0  0  0  0  0  2  0    9   4   3   6   2   3   5   5   2   4   8   5   4   4   3   8   6   1  12   6  0.02 0.01
  283 M   -1 -1 -2 -2 -1 -1 -1 -1 -1  0  1 -1  7 -1 -1 -1 -1 -1 -1  0    4   2   2   2   1   2   3   5   1   3   9   4  48   2   2   3   3   1   1   3  0.47 0.12
  284 E   -3 -3 -1  6 -6 -1  5 -4 -2 -5 -5 -2 -5 -5 -3 -2 -3 -6 -5 -5    0   0   0  48   0   0  52   0   0   0   0   0   0   0   0   0   0   0   0   0  1.42 0.33
  285 L   -3 -4 -5 -6 -3 -4 -4 -6 -5  0  6 -4  1 -1 -5 -4 -3 -4 -3 -1    0   0   0   0   0   0   0   0   0   2  95   1   1   0   0   0   0   0   0   1  1.29 0.31
  286 G    5 -3 -3 -3 -3 -3 -3  3 -4 -4 -4 -3 -3 -4 -3  0 -2 -4 -4 -3   72   0   0   1   0   0   0  26   0   0   0   0   0   0   0   1   0   0   0   0  1.04 0.29
  287 P   -2 -4 -3 -3  1 -3 -3 -1 -4 -5 -5 -3 -4 -5  7  3 -1 -5 -5 -4    1   0   0   0   3   0   0   5   0   0   0   0   0   0  64  26   1   0   0   0  1.62 0.33
  288 R   -4  8 -3 -4 -6 -1 -2 -4 -3 -6 -5  0 -4 -5 -5 -3 -4 -5 -4 -5    0  99   0   0   0   0   0   1   0   0   0   0   0   0   0   0   0   0   0   0  2.08 0.43
  289 D   -4 -4 -1  8 -6 -3 -1 -4 -3 -6 -6 -3 -6 -6 -4 -2 -3 -7 -6 -6    0   0   0  99   0   0   0   0   0   0   0   0   0   0   0   1   0   0   0   0  2.16 0.42
  290 K   -2  2 -3 -4 -3 -2 -3 -4 -3  3  0  1  1  0 -4 -3 -1 -4 -2  4    0  13   0   0   0   0   0   0   0  24   5   9   4   3   0   0   1   0   0  40  0.44 0.17
  291 V   -2 -4 -5 -5 -1 -4 -4 -5 -5  2  2 -4 -1 -2 -4 -3  0 -4 -3  6    0   0   0   0   1   0   0   0   0   5  16   0   0   0   0   0   5   0   0  74  0.96 0.27
  292 S    3 -3 -2 -2 -1 -2 -2 -2 -3 -4 -4 -2 -3 -4 -3  6 -1 -5 -4 -3   21   0   0   0   1   0   0   0   0   0   0   0   0   0   0  78   0   0   0   0  1.15 0.33
  293 Q   -3  7 -2 -3 -5  4 -2 -4 -2 -5 -3  0 -3 -5 -4 -3 -3 -5 -4 -5    0  75   0   0   0  22   0   0   0   0   2   1   0   0   0   0   0   0   0   0  1.53 0.36
  294 A    5 -3 -1 -3  3 -2 -2 -1 -3 -3 -4 -2 -3 -3 -3  4 -1 -4 -3 -2   57   0   2   0   6   0   0   1   0   0   0   0   0   1   0  33   0   0   0   0  0.81 0.26
  295 F   -3 -4 -4 -5 -3 -3 -2 -5 -4  5  0 -4  7  4 -5 -3 -2 -3 -1  0    0   0   0   0   0   0   4   0   0  38   0   0  35  21   0   1   0   0   0   0  0.94 0.28
  296 W    1 -3 -2 -1 -2  0  0 -2 -2  1 -1 -2  2 -1 -3 -1  2  7  1  1   12   0   0   3   0   5   5   1   0   7   4   0   7   1   0   2  18  18   4  13  0.36 0.14
  297 H   -2  0  0 -2 -3  2 -1 -3  4  0  0  0  2 -2 -3 -1  2  0  0 -1    0   4   3   0   0  15   2   0  14   7   9   5   9   0   0   2  22   1   4   3  0.23 0.13
  298 E   -2 -2 -3 -1 -6  0  7 -4 -2 -6 -5 -1 -4 -6 -3 -2 -3 -5 -4 -5    1   0   0   0   0   1  98   0   0   0   0   0   0   0   0   0   0   0   0   0  1.85 0.41
  299 W   -2 -3 -4 -2 -1  1 -2 -5 -3  6  0 -3  0 -2 -4 -3 -2  2 -2  2    0   1   0   2   1   9   1   0   0  60   5   0   1   0   0   1   0   4   1  13  0.68 0.22
  300 R   -2  5  1  0 -4  2  0 -3 -1 -2  0  2  1 -3 -3 -1 -2 -4 -3 -3    2  40   8   4   0  12   5   0   0   2   9  12   4   0   0   2   0   0   0   0  0.49 0.17
  301 K    2 -1 -1  0 -4  1  5 -2 -2 -4 -3  2 -3 -5 -3 -1 -2 -4 -4 -3   18   0   1   3   0   3  56   1   0   0   1  15   0   0   0   1   0   0   0   0  0.77 0.24
  302 G   -2 -4 -2 -3 -5 -4 -3  7 -4 -6 -6 -4 -5 -5 -4 -2 -4 -5 -5 -5    0   0   1   0   0   0   1  98   0   0   0   0   0   0   0   0   0   0   0   0  1.96 0.37
  303 N   -3  7  2 -3 -5 -1 -2 -3 -2 -5 -3  1 -3 -5 -4 -2 -3 -3 -3 -5    0  84   9   0   0   0   0   1   0   0   2   2   0   0   0   1   0   0   1   0  1.53 0.36
  304 T   -1 -4 -2 -3 -3 -3 -4  6 -4 -4 -4 -3 -3 -5 -4 -1  3 -4 -4 -3    3   0   0   0   0   0   0  74   0   0   0   0   0   0   0   1  20   0   0   1  1.27 0.29
  305 I   -1 -4 -4 -2  5 -3 -3 -3 -3  3  0 -3  0  3 -3 -3 -2 -1  0  3    2   0   0   2  15   0   1   2   0  21   3   0   0  14   0   0   0   1   3  34  0.47 0.16
  306 S    0 -1  0  2 -4  0  1  4 -2 -3 -4  1 -3 -4  0  0 -1 -4 -4 -3    8   1   3  15   0   2   9  42   0   1   0   9   0   0   3   3   2   0   0   1  0.50 0.15
  307 T    0  0  0  1 -2  0  0  2  1 -2 -2  0 -1 -1 -1  1  1 -1  0 -1    4   3   3   8   1   2   6  21   4   2   3   7   1   2   2  10  15   1   3   2  0.14 0.05
  308 P    0 -2 -1  0 -3  0  1 -1  0 -3 -3  0 -3 -4  6 -1 -2 -4 -3 -3    7   2   3   5   0   3  10   5   3   1   1   4   0   0  51   2   1   0   1   1  0.96 0.20
  309 R   -1  1  2  1 -3  0  1  1  2 -2 -1  1 -1 -1 -2  0 -1  2  1 -2    3   8  13   9   0   3   8  10   5   1   6  14   1   2   1   2   2   3   7   2  0.13 0.06
  310 G   -1 -1 -1 -1 -3 -1 -1  5  0 -3 -3  3 -2 -3 -2  0 -1 -3 -3 -2    3   1   2   2   0   1   1  47   2   1   3  22   1   1   1   5   2   0   1   2  0.54 0.15
  311 D   -1 -3  0  6 -5 -1  1  0 -2 -4 -4 -2 -3 -5  2  0 -2 -5 -4 -4    5   1   1  59   0   2   7   6   0   0   1   1   0   0   9   5   2   0   0   0  0.94 0.28
  312 V   -1 -3 -3 -2  3 -3 -3 -4  7 -1 -3 -4 -1  2 -5 -3 -3 -1  6  0    6   0   0   3   6   0   0   1  29   3   1   0   1   8   0   0   0   0  34   6  1.09 0.41
  313 V   -2 -5 -5 -5 -2 -4 -2 -5  0  4  0 -4  1 -2 -4 -4 -2 -5 -3  6    1   0   0   0   1   0   2   1   3  23   6   0   4   0   1   1   0   0   0  58  0.98 0.38
  314 Y   -3 -3 -2 -3 -1 -2 -3 -4  6 -3  2 -1  0  2 -5 -4 -4  1  7 -2    1   0   2   1   1   1   1   1  20   0  19   4   2   7   0   0   0   1  37   2  0.95 0.38
  315 L   -3 -5 -6 -7 -4 -5 -6 -7 -6  0  6 -5  1 -2 -6 -5 -4 -5 -4 -1    1   0   0   0   0   0   0   0   0   4  92   0   2   0   0   0   0   0   0   2  1.60 0.52
  316 D   -4 -3  0  7 -3  0 -1 -4  4 -5 -3  2 -5 -6 -4 -2 -3 -6 -4 -5    0   0   4  63   1   4   0   0  11   0   3  12   0   0   0   1   0   0   0   1  1.36 0.47
  317 L   -3 -5 -5 -2 -1 -5 -5 -6 -5  2  5 -5  2 -1 -5 -5 -3 -4 -3  1    1   0   0   3   1   0   0   0   0   8  73   0   5   1   0   0   0   0   0   8  1.10 0.40
  318 R   -2  5 -1  3 -4 -1  0 -4 -2 -4 -2 -1 -1 -5 -4  1  3 -5 -4 -3    2  34   2  19   0   0   4   0   1   0   3   0   2   0   0   9  24   0   0   1  0.69 0.34
  319 H   -3 -1 -3 -5 -7 -2 -4 -6 11 -7 -4 -4 -5 -5 -3 -5 -5 -6 -1 -5    2   3   0   0   0   1   0   0  89   0   2   0   0   0   1   0   0   0   1   1  3.01 0.79
  320 L   -3 -5 -5 -6 -4 -4 -3 -6  0  1  6 -5  3 -2 -5 -5 -2 -4 -2 -1    2   0   0   0   0   0   2   0   3   7  76   0   5   0   0   0   2   0   1   2  1.12 0.42
  321 G   -1 -4 -2  2 -5 -4 -2  6 -4 -6 -3 -3 -5 -6  2 -2 -2 -5 -5 -5    2   0   1  12   0   0   2  65   0   0   3   1   0   0  11   1   2   0   0   0  1.21 0.42
  322 E    2  1 -2  0 -3 -1  3 -1 -2 -3 -4  2 -3 -5  4 -1 -2 -5 -4 -3   23   7   0   3   0   1  27   4   0   2   0  12   0   0  19   1   0   0   0   1  0.55 0.27
  323 K    1 -2  0  3 -5  0  5 -3 -2 -5 -5  2 -4 -2 -3 -1 -2 -5 -4 -4   12   0   3  16   0   3  48   1   0   0   0  12   0   2   0   1   1   0   0   0  0.83 0.35
  324 K   -2  1 -2 -1 -4 -1 -1 -4  0  1  0  4 -1 -3 -3 -2  1 -4 -1  3    1   8   0   3   0   1   2   0   2   7   6  31   1   0   0   0   9   0   2  26  0.37 0.24
  325 L   -4 -6 -6 -6 -4 -5 -6 -7 -6  7  3 -5 -1 -3 -6 -5 -3 -5 -4  1    0   0   0   0   0   0   0   0   0  65  30   0   0   0   0   0   0   0   0   5  1.44 0.47
  326 H   -1  0  2  1 -3  0  2 -3  4 -2  0  1  4 -3 -3 -1 -1 -4 -2 -2    5   4  13   8   0   2  13   1  15   1   8  11  13   0   0   2   3   0   0   1  0.33 0.21
  327 E    0 -2 -2  0 -5  1  6 -3 -1 -5 -4  2 -4 -5 -3  1 -1 -5 -4 -4    6   0   1   2   0   5  52   1   1   0   1  15   0   0   0  11   4   0   0   0  0.84 0.37
  328 R   -4  7 -2 -4 -6 -2 -3 -5 -3 -6 -4  4 -4 -6 -5 -3 -4 -6 -5 -4    0  72   1   0   0   0   0   0   0   0   1  25   0   0   0   1   0   0   0   1  1.81 0.58
  329 L   -4 -5 -6 -7 -4 -5 -6 -7 -6  1  6 -5 -1 -1 -6 -5 -4 -4 -4  0    0   0   0   0   0   0   0   0   0   6  89   0   0   2   0   0   0   0   0   4  1.53 0.50
  330 P   -2 -6 -5 -5 -6 -5 -3 -4 -1 -6 -6 -4 -6 -7  9 -2 -4 -2 -6 -6    3   0   0   0   0   0   2   1   2   0   0   0   0   0  89   2   0   1   0   0  2.69 0.71
  331 F   -2 -3 -1  2 -4  2  0  4 -3 -4 -2 -3  1  3 -4  0 -3 -4 -2 -4    1   0   2  12   0  10   5  39   0   0   4   0   5  16   0   5   0   0   0   0  0.58 0.28
  332 I   -3 -6 -6 -6  3 -6 -6 -7 -6  7 -1 -6 -2 -3 -6 -5 -2 -6 -4  2    1   0   0   0   6   0   0   0   0  79   2   0   0   0   0   0   1   0   0  11  1.65 0.53
  333 C   -1  5 -3 -4  3 -2 -2 -4 -1 -2 -2 -1 -2 -1 -4  1  2  4 -1 -2    5  36   0   0   6   0   0   0   1   2   4   2   1   3   0  14  18   6   1   1  0.56 0.30
  334 E   -3 -3 -2  3 -6  0  7 -4  0 -4 -5 -2 -4 -6 -4 -2 -3 -6 -5 -5    1   0   0  15   0   3  73   1   2   1   1   0   0   0   0   2   1   0   0   0  1.51 0.53
  335 L   -2 -4 -3 -4 -3 -3  0 -4 -2  3  3 -3  0  3 -4  0  2 -3 -1  0    1   0   0   0   0   0   7   0   1  22  30   0   1  14   0   7  14   0   1   2  0.42 0.24
  336 A    5 -4 -4 -4  5 -3 -4  1 -4 -4 -4 -3 -4 -5 -4  2 -1 -5 -4 -1   63   0   0   0  11   0   0   8   0   0   0   0   0   0   0  14   2   0   0   3  1.03 0.42
  337 K   -2  4 -2 -3 -4 -1 -1 -4  3  3 -1  3  2 -3 -4 -2 -2 -3 -2 -2    2  28   0   0   0   2   3   0  10  19   5  19   7   0   0   2   1   0   0   1  0.52 0.28
  338 A   -1  2  1  0 -3 -1 -1 -3 -1  2 -2  2 -2 -3 -3 -1  3 -4 -2  0    4  10   6   7   0   1   2   1   2  17   1  18   0   0   0   2  25   0   1   3  0.29 0.21
  339 Y   -5 -3 -6 -6 -5 -5 -6 -6 -1 -3  0 -5 -3  8 -6 -4 -4 -2  6 -4    0   1   0   0   0   0   0   0   1   1   7   0   0  60   0   1   1   0  28   0  1.85 0.55
  340 V    3 -2  0 -1  1  0  0 -1 -3  0  0 -1  1 -3 -3  0  0 -4 -3  1   32   0   4   4   4   4   7   4   0   5   8   4   5   0   0   4   4   0   0  13  0.17 0.15
  341 G    0  1  3  1 -5  1 -2  5  3 -5 -5  0 -4 -5 -4 -2 -3 -5 -4 -5    6   6  17   7   0   6   0  43   8   0   0   6   0   0   0   0   0   0   0   0  0.74 0.31
  342 V   -2 -3 -6 -6 -4 -1 -5 -6 -6  3  0 -5 -1 -2 -5 -5 -2 -6 -4  6    3   1   0   0   0   3   0   0   0  17   5   0   1   1   0   0   1   0   0  68  1.30 0.43
  343 D   -6 -5  0  8 -8 -4  1 -5 -5 -7 -8 -4 -7 -8 -5 -4 -5 -8 -7 -7    0   0   3  91   0   0   6   0   0   0   0   0   0   0   0   0   0   0   0   0  2.52 0.67
  344 P    0 -5 -5 -5  1 -5 -5 -4 -6 -1 -1 -4  2 -5  7 -4 -3 -6 -5  2    9   0   0   0   3   0   0   1   0   3   6   0   5   0  57   0   0   0   0  16  1.49 0.46
  345 V    1 -2 -4 -5 -2 -3 -3 -5 -2  3 -1 -3 -2 -2 -4 -2  3 -4  1  4   10   2   0   0   0   0   0   0   1  16   4   0   0   1   0   1  24   0   5  34  0.58 0.28
  346 K   -3  2  0  0 -5 -1  1 -4  1 -4 -4  5 -4 -4 -4 -2  2 -5 -1 -2    1  10   4   4   0   1   9   0   4   0   1  47   0   0   0   1  13   0   2   3  0.76 0.33
  347 E   -1 -3 -2  3 -6  3  6 -4 -2 -6 -6 -2 -5 -6 -4 -2 -2 -3 -5 -5    6   0   1  13   0  13  62   1   0   0   0   1   0   0   0   2   1   0   0   0  1.36 0.47
  348 P   -4 -5 -6 -6 -4 -3 -4 -6 -6 -6  0 -5 -3 -7  8 -4 -5 -7 -5 -6    1   0   0   0   0   1   0   0   0   0   9   0   1   0  86   0   0   0   0   0  2.63 0.69
  349 I   -4 -6 -7 -7 -4 -6 -6 -7 -7  7  0 -6  2 -3 -6 -6 -4 -6 -5  3    1   0   0   0   0   0   0   0   0  72   5   0   5   0   0   0   0   0   0  17  1.71 0.50
  350 P   -4 -6 -6 -4 -7 -5 -4 -6 -6 -7 -4 -4 -2 -7  9 -5 -5 -8 -4 -6    1   0   0   1   0   0   1   0   0   0   2   0   1   0  93   0   0   0   1   0  2.98 0.75
  351 V   -4 -6 -6 -7 -4 -6 -6 -7 -7  4 -2 -6 -1 -4 -6 -5 -3 -6 -5  7    0   0   0   0   0   0   0   0   0  22   0   0   1   0   0   0   1   0   0  77  1.80 0.54
  352 R   -2  4 -3 -4 -3  2 -2 -5 -2  1  1 -1  0  1 -4 -2 -1 -4  1  2    1  30   0   0   0   9   0   0   1   6  17   2   2   5   0   2   4   0   4  15  0.40 0.22
  353 P   -2 -6 -6 -6 -7 -6 -5 -6 -6 -7 -7 -5 -7 -8  9 -5 -4 -8 -7 -4    3   0   0   0   0   0   0   0   0   0   0   0   0   0  95   0   1   0   0   1  3.13 0.77
  354 T    1 -5 -4 -5 -4 -4 -4 -1 -5 -4 -5 -4 -4 -6 -5 -1  7 -6 -5  1   10   0   0   0   0   0   0   5   0   0   0   0   0   0   0   3  73   0   0   9  1.50 0.53
  355 A    4 -5 -3 -5  6  0 -4 -4 -3  1 -3 -4 -1 -4 -4 -3 -2 -5 -4  4   34   0   1   0  16   6   0   0   0   6   0   0   1   0   0   0   2   0   0  34  0.89 0.36
  356 H   -6 -5 -4 -6 -8 -4 -5 -7 11 -8 -8 -5 -6 -6 -7 -5 -6 -7 -3 -8    0   0   0   0   0   0   0   0 100   0   0   0   0   0   0   0   0   0   0   0  3.98 0.91
  357 Y   -6 -6 -7 -8 -7 -6 -7 -8 -3 -6 -5 -6 -5  0 -8 -6 -6 -2 10 -6    0   0   0   0   0   0   0   0   0   0   0   0   0   2   0   0   0   0  98   0  3.42 0.84
  358 T    1 -3  4 -3  2  1 -2 -3 -1 -3 -3 -3  4 -2 -4  2  3 -5 -3 -2   13   0  22   0   4   8   0   1   1   1   0   0  14   2   0  15  17   0   0   2  0.52 0.29
  359 M   -6 -6 -3 -8 -6 -5 -7 -7 -6 -3 -2 -6 11 -5 -7 -6 -5 -6 -6 -4    0   0   2   0   0   0   0   0   0   0   0   0  98   0   0   0   0   0   0   0  3.59 0.91
  360 G   -4 -6 -4 -5 -7 -6 -6  8 -6 -8 -8 -5 -7 -7 -6 -4 -6 -7 -7 -7    0   0   0   0   0   0   0 100   0   0   0   0   0   0   0   0   0   0   0   0  2.64 0.67
  361 G   -4 -6 -4 -5 -7 -6 -6  8 -6 -8 -8 -5 -7 -7 -6 -4 -6 -7 -7 -7    0   0   0   0   0   0   0 100   0   0   0   0   0   0   0   0   0   0   0   0  2.64 0.67
  362 I   -5 -7 -7 -7 -5 -6 -7 -7 -7  8 -1 -6 -1 -4 -6 -6 -3 -6 -5  2    0   0   0   0   0   0   0   0   0  86   2   0   1   0   0   0   1   0   0  11  2.10 0.58
  363 E   -2 -3 -2  1 -6 -2  0 -5  4 -6 -4 -3 -3 -6  7 -2 -4 -7 -4 -4    3   1   2   6   0   2   7   0  10   0   2   1   1   0  62   2   0   0   0   1  1.63 0.48
  364 T   -1 -4 -3 -5  1 -4 -5 -5 -5 -2 -4 -4 -2 -5 -5 -1  7 -6 -5  2    4   0   1   0   3   0   0   0   0   1   0   1   1   0   0   2  73   0   0  15  1.55 0.54
  365 D   -5 -3  7  6 -6 -3 -1 -3 -2 -5 -6 -2 -6 -6 -4 -2 -1 -7 -4 -5    0   1  46  41   0   0   2   1   1   1   0   2   0   0   0   1   3   0   1   0  1.53 0.48
  366 Q    0  0  0 -1 -2  0  0  0 -1  2  0  0  1 -1 -2 -1  0 -1  1  1    5   7   4   4   0   5   7   9   1  17   4   7   4   2   1   1   5   1   7  10  0.04 0.07
  367 N   -3  0  5  3 -5  0 -1  0  4 -5 -4  0 -2 -3 -4 -1  0 -1 -1 -4    1   4  33  20   0   3   3   8  11   0   1   4   1   1   0   2   6   1   2   0  0.68 0.28
  368 C    1 -3  1 -3  5 -2 -2  4 -2 -3 -4 -1 -3 -5  2  0  0 -5 -3 -3    9   0   7   1  13   1   2  37   1   1   1   3   0   0  12   4   6   0   1   1  0.64 0.26
  369 E    1  0  0  3 -5  2  4 -3  2 -5 -3  0 -2 -5 -3 -1 -1 -5 -3 -3   13   6   3  16   0   9  35   1   4   0   2   3   1   0   0   1   3   0   1   1  0.57 0.26
  370 T    1 -2 -1  0 -2 -1  0 -3  0 -2 -3 -1 -2 -4 -3  0  5 -5 -3  2   10   2   1   5   0   3   6   1   2   1   1   2   0   0   0   6  40   0   0  19  0.51 0.28
  371 R   -1  2 -2 -2 -1 -2 -1 -3 -3  1  1  0 -1 -2  3 -1 -1 -3 -2  3    3  12   1   1   1   1   4   1   0   8  11   5   1   1  13   5   2   0   1  28  0.24 0.16
  372 I   -3 -5 -5 -5 -2 -4 -5 -6 -6  4  1 -4  1 -2 -5 -4 -1 -5 -2  5    1   0   0   0   1   0   0   0   0  26  11   1   3   1   0   1   4   0   1  51  1.05 0.36
  373 K   -2  0  1  0 -5  0  2 -3 -1 -5 -5  2 -4 -6  6 -1 -2 -6 -2 -4    3   4   6   6   0   3  16   1   2   0   0  14   0   0  40   3   1   0   1   1  0.94 0.33
  374 G   -3 -4 -2 -5 -6 -5 -6  8 -6 -7 -7 -5 -6 -7 -6 -3 -5 -6 -7 -7    1   1   1   0   0   0   0  97   0   0   0   0   0   0   0   1   0   0   0   0  2.40 0.59
  375 L   -4 -5 -6 -7 -4 -5 -6 -7 -6  0  6 -5  0  3 -6 -5 -4 -4 -3  0    0   0   0   0   0   0   0   0   0   3  80   0   1  11   0   0   0   0   0   5  1.41 0.43
  376 F   -5 -5 -6 -7 -6 -5 -6 -6  0 -3 -2 -5  4  6 -6 -5 -5  5  8 -4    0   0   0   0   0   0   0   0   2   0   2   0  11  30   0   0   0   8  47   0  1.86 0.51
  377 A    7 -5 -5 -5 -2 -4 -4 -2 -5 -5 -5 -4 -4 -6 -4 -1 -2 -6 -5 -2   94   0   0   0   1   0   0   1   0   0   0   0   0   0   0   2   1   0   0   2  1.84 0.56
  378 V    5 -4 -4 -5  3 -4 -4 -3 -5  2 -2 -4 -2 -4 -4 -2 -2 -5 -4  3   54   0   0   0   7   0   0   0   0  12   1   0   0   0   0   1   0   0   0  24  0.89 0.33
  379 G   -3 -6 -4 -5 -6 -5 -5  8 -5 -7 -7 -5 -6 -7 -5 -3 -5 -6 -6 -7    0   0   0   0   0   0   0 100   0   0   0   0   0   0   0   0   0   0   0   0  2.44 0.55
  380 E   -4 -3 -4 -2 -7 -1  8 -6 -4 -7 -6 -3 -6 -7 -5 -4 -4 -6 -6 -6    0   0   0   0   0   0 100   0   0   0   0   0   0   0   0   0   0   0   0   0  2.39 0.61
  381 C    3 -5 -2 -5  9 -2 -5 -4 -5 -2 -4 -4 -3 -5 -4 -1  0 -5 -5  1   31   0   2   0  45   2   0   0   0   2   0   0   0   0   0   2   5   0   0  12  1.40 0.39
  382 S    6 -4 -4 -4 -1 -3 -4  0 -4 -4 -4 -3 -4 -5 -4  2 -2 -5 -5 -3   80   0   0   0   1   1   0   5   0   0   0   0   0   0   0  13   1   0   0   0  1.35 0.43
  383 S   -1 -6 -2 -6 11 -6 -6 -5 -6 -5 -5 -6 -5 -6 -6  2 -4 -6 -6 -4    4   0   2   0  80   0   0   0   0   0   0   0   0   0   0  15   0   0   0   0  2.87 0.62
  384 V    0 -6 -3 -6 -4 -5 -6 -6 -6  1 -2 -5 -3 -4 -6 -3 -2 -6 -5  7    9   0   2   0   0   0   0   0   0   6   1   0   0   0   0   1   2   0   0  80  1.59 0.50
  385 G   -3 -5 -3 -4 -5 -4 -4  1 -5 -6 -6 -4 -5 -6 -5  7 -2 -7 -6 -6    0   0   0   0   0   0   0  12   0   0   0   0   0   0   0  87   1   0   0   0  1.89 0.61
  386 L   -4 -6 -6 -7 -4 -6 -6 -7 -6  3  1 -6 -1 -4 -6 -5 -2 -6 -4  7    0   0   0   0   0   0   0   0   0  13  12   0   1   0   0   0   1   0   0  73  1.55 0.47
  387 H   -6 -5  0 -5 -8 -4 -5 -7 11 -8 -7 -5 -6 -6 -7 -5 -6 -7 -3 -8    0   0   4   0   0   0   0   0  96   0   0   0   0   0   0   0   0   0   0   0  3.73 0.84
  388 G   -4 -6 -4 -5 -7 -6 -6  8 -6 -8 -8 -5 -7 -7 -6 -4 -6 -7 -7 -7    0   0   0   0   0   0   0 100   0   0   0   0   0   0   0   0   0   0   0   0  2.65 0.65
  389 A    7 -5 -5 -5 -4 -4 -5 -2 -5 -5 -5 -4 -5 -6 -5  0 -4 -6 -6 -4   93   0   0   0   0   0   0   1   0   0   0   0   0   0   0   5   0   0   0   0  1.96 0.60
  390 N   -6 -5  9 -3 -7 -4 -4 -5 -4 -8 -8 -4 -7 -7 -6 -4 -4 -8 -6 -7    0   0 100   0   0   0   0   0   0   0   0   0   0   0   0   0   0   0   0   0  3.04 0.77
  391 R   -6  9 -5 -6 -8 -3 -4 -7 -4 -7 -6 -2 -6 -7 -6 -5 -5 -7 -6 -7    0 100   0   0   0   0   0   0   0   0   0   0   0   0   0   0   0   0   0   0  2.89 0.73
  392 L   -5 -6 -7 -8 -5 -6 -7 -8 -7 -2  7 -6 -1 -3 -7 -6 -5 -5 -5 -3    0   0   0   0   0   0   0   0   0   0 100   0   0   0   0   0   0   0   0   0  2.10 0.58
  393 G   -4 -6 -4 -5 -7 -6 -6  8 -6 -8 -8 -5 -7 -7 -6 -4 -6 -7 -7 -7    0   0   0   0   0   0   0 100   0   0   0   0   0   0   0   0   0   0   0   0  2.65 0.65
  394 S    1 -4 -3 -4 -2 -3 -4  3 -4 -5 -5 -3 -4 -5 -4  5  4 -6 -5 -4   11   0   0   0   1   0   0  22   0   0   0   0   0   0   0  43  23   0   0   0  0.99 0.39
  395 N   -6 -5  9 -3 -7 -4 -4 -5 -4 -8 -8 -4 -7 -7 -6 -4 -4 -8 -6 -7    0   0 100   0   0   0   0   0   0   0   0   0   0   0   0   0   0   0   0   0  3.04 0.77
  396 S   -2 -5 -3 -4 -5 -4 -4 -4 -5 -6 -7 -4 -6 -7 -5  8 -2 -7 -6 -6    2   0   0   0   0   0   0   0   0   0   0   0   0   0   0  98   0   0   0   0  2.27 0.69
  397 L   -5 -6 -7 -7 -5 -5 -6 -7 -6 -2  6 -6 -1 -3 -6 -5  0 -5 -5 -1    0   0   0   0   0   0   0   0   0   0  90   0   0   0   0   0   6   0   0   3  1.70 0.51
  398 A    1 -4 -3 -5 -3 -4 -5 -3 -5  2  5 -4 -1 -3 -1  0  0 -4 -4 -1   14   0   1   0   0   0   0   2   0   9  57   0   0   0   3   7   5   0   0   2  0.69 0.29
  399 E   -5 -5 -3  7 -7 -2  5 -5 -4 -7 -7 -4 -6 -7 -5 -4 -5 -7 -6 -7    0   0   0  61   0   1  38   0   0   0   0   0   0   0   0   0   0   0   0   0  1.96 0.56
  400 L   -1 -5 -6 -6  6 -5 -6 -6 -6  3  5 -5 -1 -2 -5 -4  0 -5 -4 -1    4   0   0   0  16   0   0   0   0  19  53   0   0   1   0   0   6   0   0   2  1.06 0.36
  401 V   -1 -5  1 -5  0 -5 -5 -5 -5  2  2 -5 -1 -3 -5 -3 -2 -5 -4  5    3   0   8   0   2   0   0   0   0  10  22   0   1   0   0   2   1   0   0  51  0.88 0.33
  402 V   -3 -6 -7 -7 -4 -6 -6 -7 -7  0 -2 -6 -3 -1 -6 -5 -3 -6 -5  7    1   0   0   0   0   0   0   0   0   2   2   0   0   2   0   0   1   0   0  92  2.00 0.57
  403 F   -6 -7 -7 -7 -4 -7 -7 -7 -4 -4 -3 -7 -3  9 -8 -4 -5  4  3 -4    0   0   0   0   0   0   0   0   0   0   1   0   0  84   0   1   0   6   6   0  2.56 0.63
  404 G   -4 -5 -4 -5 -6 -6 -6  8 -6 -7 -7 -5 -6 -7 -6 -4 -5 -6 -7 -7    0   1   0   0   0   0   0  98   0   0   0   0   0   0   0   0   0   0   0   0  2.55 0.63
  405 R   -2  7 -2 -5 -6 -2 -3 -5 -2 -6 -6  4 -3 -6 -5 -4 -3 -4 -4 -6    4  70   2   0   0   1   0   0   1   0   0  21   0   0   0   0   1   0   0   0  1.77 0.51
  406 L    3  4 -3 -4 -3 -1 -2 -2 -1  1  0 -2  0 -2 -3 -1 -2 -1 -1  1   35  23   0   0   0   2   1   2   1   8   8   0   2   2   0   4   1   1   1   9  0.40 0.22
  407 A    6 -3 -4 -5  1 -4 -4 -3 -5 -2 -4 -4 -4 -5 -4  0  2 -6 -5  1   68   1   0   0   2   0   0   1   0   1   0   0   0   0   0   4  14   0   0   8  1.15 0.42
  408 G    2 -4 -4 -5 -4 -5 -5  7 -5 -6 -6 -4 -5 -6 -5 -1 -4 -6 -6 -5   16   1   0   0   0   0   0  78   0   0   0   0   0   0   0   3   0   0   0   1  1.77 0.48
  409 E    0  1  1  0 -3  1  3 -2  3  1  0  1  0 -2 -3 -1 -2 -2 -2 -1    7   7   9   3   0   4  21   2   8  12  12   7   2   1   0   1   1   1   0   2  0.17 0.12
  410 Q    1  2  0 -1 -4  1  0 -1  5 -3 -2  0 -2 -3 -3  0  0 -2  0 -3   16  15   4   2   0   8   7   4  15   1   4   5   1   1   0   8   6   0   3   0  0.29 0.16
  411 A    5 -3 -4 -4  3 -3 -4 -3 -3  3 -1 -3  2 -3 -4 -2 -1 -5 -2  0   52   1   0   0   5   1   0   0   0  18   5   0   5   1   0   1   2   0   1   5  0.72 0.30
  412 T    4  0 -3 -4 -3 -2 -2 -1 -3  1 -1 -1 -1 -3 -3 -1 -1 -3 -2  1   47   7   1   0   0   1   1   4   0   9   6   3   1   0   0   3   3   0   1  12  0.44 0.23
  413 E    0  1  0  2 -5  2  5 -3 -1 -4 -3  2 -3 -5 -3 -1 -2 -5 -3 -4    9   6   3  11   0   9  42   1   1   1   2  11   0   0   1   2   1   0   0   1  0.70 0.27
  414 R   -1  2  0  0 -2  0  0 -3  2 -1 -1  0 -1  1 -2 -1  0  0  5 -2    5  13   4   5   1   4   5   1   5   3   6   7   1   7   1   4   5   1  22   2  0.23 0.12
  415 A    4 -2 -2 -2 -1 -2 -2 -1 -1  1  0 -2 -1 -1 -2  0 -1 -1 -1  1   41   1   1   1   1   1   2   5   1   7  11   2   0   2   2   4   3   1   1  11  0.28 0.17
  416 A    1  1 -1 -1 -2  1  0 -1 -1  0  0  2  1 -1  0  0  0 -2 -1  0   12   7   2   3   0   7   3   2   1   5  13  15   4   2   4   6   4   0   2   6  0.06 0.06
  417 T    0  0  1  0 -3  1  2 -1 -1 -2 -2  1 -2 -2  2  1  1 -3 -1 -1    6   4   7   4   0   7  14   4   1   2   4   8   0   2  11  10  12   0   2   3  0.17 0.10
  418 A    1  0  0 -1 -2  0  0  0  0 -1 -1  0 -1 -1  1  0  0 -3 -1  0   19   7   5   2   1   4   6   8   3   4   5   6   1   3   8   5   4   0   1   8  0.07 0.05
  419 G    1  1  0  1 -3  1  0  2  0 -2 -2  1 -1 -3  2  0  0 -3 -2 -2   11   7   3   7   0   6   7  19   2   1   3   8   1   1   9   8   6   0   1   2  0.18 0.08
  420 N    0  0  2  1 -3  0  1 -1  2 -2 -1  1 -1  0  2  0  0 -1  0 -2    7   5  10   8   0   4   7   4   6   2   4   7   2   5  10   6   5   1   3   2  0.12 0.06
  421 G    1  0 -1  0 -3  0  0  1  2 -1 -1  0 -1 -1  2  0 -1  0 -1 -1   15   4   2   6   0   4   5  14   6   2   4   5   1   3  13   6   3   1   1   5  0.14 0.07
  422 N   -1  0  3  2 -3  0  0 -1  3 -2 -2  1 -2 -1  2  1  0 -2 -1 -2    3   5  15  10   0   4   6   4   8   1   4  10   1   4  10   9   4   0   1   2  0.20 0.11
  423 E   -1  0 -1  1 -3  1  3 -2  1 -1 -1  1 -1 -2  2  0  0 -3 -2 -1    4   5   2   9   0   6  21   2   5   3   7   8   2   2  12   5   4   0   0   4  0.20 0.11
  424 A    2 -1 -1  0 -3 -1  0 -1 -2 -1  0  1 -1 -2  3  1  0 -2 -1  0   19   1   1   5   0   2   7   2   0   3  11   8   1   2  16   9   4   0   2   5  0.19 0.11
  425 A    2 -2 -1  0 -3 -2  0 -2 -1  0  1  0 -1 -2  3  0 -1 -3 -1  0   23   1   2   6   0   1   5   2   1   5  13   5   1   1  15   8   2   0   2   6  0.22 0.15
  426 I    0 -2 -2  0 -2 -1 -1 -3 -2  1  2  0 -1 -2  3  0  0 -4 -2  1    8   2   2   5   1   2   3   1   0  11  22   5   1   1  14   6   5   0   1  10  0.18 0.12
  427 E   -1 -1  0  4 -5  1  4 -3  0 -4 -2  1 -3 -5  2 -1 -2 -5 -3 -3    5   3   3  21   0   5  30   2   2   1   5   8   1   0   9   3   2   0   1   1  0.57 0.27
  428 A    3 -1  0  2 -3 -1  1 -1 -2 -3 -2  0 -2 -3  0  1 -1 -4 -3 -2   32   3   3  12   0   2  10   4   1   1   3   7   1   1   4  10   4   0   0   2  0.29 0.18
  429 Q    1 -1  0  2 -1  3  2  0 -1 -2 -1  0 -1 -3  1  0 -1 -4 -1 -2   10   3   3  12   2  18  12   7   1   2   5   4   1   1   7   7   2   0   2   3  0.21 0.14
  430 A    3 -1 -2  0 -1 -1  0  0 -2  1  0 -1  0 -2 -1  0  0 -2 -3  0   32   3   1   7   1   1   7   5   1   7   8   3   3   1   2   5   5   0   0   8  0.17 0.13
  431 A    3  1 -1  2 -2  1  2 -2 -2 -2 -1  1 -1 -3 -2  0 -1 -4 -2 -2   26   6   2  11   1   5  13   2   1   2   5  10   2   1   1   5   3   0   1   2  0.24 0.15
  432 G    1  0  0  2 -2  0  1  1 -1 -2 -2  1 -1 -1 -1  1  0 -1 -1 -2   16   6   3  14   1   3   9   9   2   2   4   8   2   3   2   9   4   1   2   1  0.14 0.09
  433 V    2 -1 -2 -2 -1 -1  1 -2 -1  2  0 -1  0 -2 -2  0  0  2 -1  2   17   2   2   1   1   2  11   1   2  13   9   2   2   1   1   7   5   3   1  16  0.13 0.10
  434 E    0  1 -1  0 -3  2  4 -3 -2  0  0  0  1 -2 -2 -1 -1 -1 -2 -1    8   6   2   4   0   9  30   1   0   6  11   4   4   1   1   3   2   1   1   5  0.29 0.17
  435 Q    2  1  1  2 -3  2  2 -1 -1 -3 -3  1 -2 -4 -3  1  0 -3 -3 -2   20   6   5   9   0   9  15   5   1   1   2  10   1   0   0   8   4   0   0   2  0.27 0.16
  436 R   -2  7 -1 -3 -4  1  0 -4 -1 -4 -3  1  1 -1 -3 -2 -2  1 -2 -4    3  55   3   1   0   5   6   1   1   1   3   6   4   3   1   2   2   2   1   1  1.02 0.38
  437 L   -3 -4 -5 -6 -4 -5 -5 -6 -3  4  4 -5  1  3 -6 -4 -3 -1 -1  1    2   1   0   0   0   0   0   0   1  24  43   0   3  11   0   0   1   1   2  10  0.91 0.34
  438 K    0  0  2  5 -5  1  2 -4  1 -4 -2  0 -3 -2 -4 -1 -2 -1  0 -3    8   5  11  30   0   7  15   0   3   1   3   5   0   2   0   4   2   1   3   1  0.50 0.24
  439 D    1  4 -1  2 -4  0  0  0  2 -4 -3  2 -3 -3 -3  0 -1  0 -4 -4   12  23   2  12   0   3   6   7   5   0   2  13   1   1   0   7   4   1   0   0  0.39 0.22
  440 L   -3 -3 -6 -6 -5 -5 -5 -5 -4  2  5 -5  3  2 -6 -5 -3  4 -1  0    2   1   0   0   0   0   1   1   0  12  52   0   7   8   0   0   1   6   2   6  0.97 0.37
  441 V   -2  5  0 -1 -3 -1  0 -4 -1 -1  2 -1  2  0 -4 -3 -2 -4 -3 -1    2  34   5   4   1   1   6   1   1   3  21   3   6   5   0   1   1   0   0   3  0.53 0.28
  442 N   -1  0  4  2 -5  0  1 -1  3 -5 -4  1 -2 -2 -4  1  1 -3  0 -4    5   6  23   9   0   4   8   5   7   0   0   9   1   2   0   9   9   0   4   0  0.41 0.23
  443 Q    3  3  0 -2 -4  2 -1  0 -1 -5 -4  1 -4 -5 -2  2 -1 -2 -4 -4   26  16   5   1   0  11   3   6   1   0   1   8   0   0   2  16   2   1   0   0  0.48 0.28
  444 D   -2  0  3  3 -5  0  2 -1  0 -5 -5  2 -4 -5  0  2  2 -6 -4 -4    2   3  13  14   0   4  12   4   2   0   0  12   0   0   4  14  13   0   0   1  0.45 0.25
  445 G   -3 -3 -1 -1 -4 -3 -2  7 -3 -7 -7 -3 -6 -7 -4  1 -2 -7 -7 -6    1   1   3   4   0   1   3  72   1   0   0   2   0   0   1   9   3   0   0   0  1.59 0.55
  446 G   -2 -3  1  0 -5 -2 -2  5  0 -5 -6  0 -4 -6  0  1  2 -5 -5 -5    2   1   6   6   0   1   2  41   2   1   0   7   0   0   5  10  14   0   0   0  0.72 0.33
  447 E   -4 -2 -3  0 -5 -1  6 -5 -2 -1 -3  0 -4 -6 -3 -1  1 -6  0 -2    1   2   1   3   0   1  57   0   1   4   3   6   0   0   1   3  10   0   3   3  1.03 0.46
  448 N   -3  4  3 -1 -6 -2 -2 -3  0 -5 -5  1 -4 -6  3  3  0 -6 -2 -5    1  23  16   3   0   0   1   1   2   0   0   8   0   0  15  21   6   0   2   0  0.71 0.35
  449 W    0 -5 -4 -5 -3 -4 -4 -4 -1  2 -1 -4  0 -1  3 -2  3  3 -1  3    7   0   0   0   0   0   0   1   1  12   5   0   2   2  13   2  22   5   2  25  0.54 0.30
  450 A    5 -3 -1 -2 -4  0 -3  0  0 -3 -4 -3 -3 -1 -1  1 -2 -2  2 -1   51   1   3   1   0   4   1   7   2   1   0   0   0   3   2   9   1   0   9   4  0.66 0.36
  451 K    1  0 -1  3 -5  2  3 -2 -1 -3 -3  1 -3 -4 -2  0  0 -5 -4 -1   11   3   2  19   0  11  22   2   2   1   1   8   0   0   1   4   6   0   0   6  0.41 0.24
  452 I   -4 -6 -7 -7 -4 -6 -7 -7 -6  6  4 -6 -2 -4 -6 -6 -4 -6 -5  3    0   0   0   0   0   0   0   0   0  50  35   0   0   0   0   0   0   0   0  14  1.47 0.51
  453 R   -1  8 -4 -6 -8 -3 -4 -3 -4 -7 -5  1 -1 -6 -6 -4 -5 -2 -6 -7    5  82   0   0   0   0   0   2   0   0   1   7   1   0   0   0   0   1   0   0  2.21 0.73
  454 D    0  1  1  2 -4  2  1 -2  0 -3  0  2 -2 -4 -3 -1  0 -5 -3 -2    9   9   8  15   0   8   7   3   2   0  13  15   1   0   0   4   6   0   0   1  0.24 0.18
  455 E    1  0  0  3 -6  1  5 -4 -3 -4 -6  1 -4 -6 -4 -2 -2 -6 -5 -4   12   5   3  15   0   4  46   1   0   1   0   7   0   0   0   1   3   0   0   1  0.91 0.41
  456 M   -5 -6 -7 -8 -5 -5 -7 -7 -6  0  5 -6  9  1 -7 -6 -5 -5 -4 -2    0   0   0   0   0   0   0   0   0   4  44   0  45   5   0   0   0   0   0   1  1.88 0.64
  457 G   -1  2 -1 -4 -5  7 -3  1 -2 -7 -6 -1 -3 -7 -5 -4 -1  0 -5 -5    5  11   3   0   0  58   0  12   1   0   0   3   1   0   0   0   4   1   0   1  1.42 0.59
  458 L   -1  3  1  3 -5  2  3 -3  1 -3 -3  3 -2 -5 -4 -1 -1 -5 -4 -3    4  16   5  14   0   8  17   1   3   2   2  19   1   0   0   3   4   0   0   2  0.48 0.25
  459 A    1 -5 -2 -3  4 -4 -3 -4 -5  1 -2 -4 -1 -5 -4  1  5 -6 -5  2   13   0   1   1   7   0   1   0   0   8   3   0   1   0   0   9  42   0   0  13  0.77 0.38
  460 M   -6 -7 -8 -8 -7 -6 -7 -8 -7 -4 -1 -7 11 -5 -8 -7 -4 -7 -6 -3    0   0   0   0   0   0   0   0   0   0   4   0  94   0   0   0   1   0   0   1  3.68 1.05
  461 E   -3 -3 -2  3 -6  6  3 -4 -3 -6 -5 -3  2 -2 -4 -1  1  3 -4 -4    1   0   1  14   0  41  18   1   0   0   0   0   5   2   0   4   7   4   0   1  1.04 0.48
  462 E    1  1  3  2 -4  1  3 -3 -2 -4 -2  2 -2 -4 -3  0  0 -5 -2 -3   11   9  13   9   0   7  18   1   1   0   3  11   1   0   0   7   6   0   1   1  0.35 0.21
  463 G   -3 -2  5  3 -3 -3 -3  2  6 -6 -5  1 -5 -2 -5 -2 -4 -5  3 -6    2   1  24  14   1   0   1  15  21   0   1   9   0   1   0   1   0   0   9   0  0.91 0.40
  464 C    4 -6 -6 -6  8 -5 -6 -4 -6 -3 -3 -6  0  3 -6 -3 -4 -5 -4  3   30   0   0   0  29   0   0   1   0   0   1   0   2  12   0   1   0   0   0  24  1.32 0.51
  465 G    3 -5 -2 -4 -5  0 -5  6 -4 -6 -6 -4 -3 -5 -5  1 -4 -2  0 -5   21   0   1   0   0   5   0  58   0   0   0   0   1   0   0  10   0   1   4   0  1.27 0.49
  466 I   -4 -7 -7 -7 -5 -6 -7 -7 -7  5 -2 -7 -2 -5 -5 -6 -4 -7 -5  7    0   0   0   0   0   0   0   0   0  28   1   0   0   0   1   0   0   0   0  69  1.91 0.63
  467 Y   -7 -7 -7 -8 -7 -6 -6 -8 -5 -3 -4 -7 -5  9 -8 -7 -7 -3  6 -3    0   0   0   0   0   0   1   0   0   1   0   0   0  75   0   0   0   0  22   1  2.71 0.79
  468 R   -6  9 -5 -7 -8 -4 -5 -7 -5 -8 -7 -2 -6 -8 -7 -6 -6 -8 -7 -8    0  99   0   0   0   0   0   0   0   0   0   1   0   0   0   0   0   0   0   0  3.08 0.92
  469 T   -4 -2  2  2 -5 -1  1 -5 -2 -4 -4 -1 -2 -2 -5  0  6 -6 -5 -3    0   1   9  12   0   2   8   0   1   0   1   3   1   2   0   5  53   0   0   1  1.02 0.47
  470 P    0 -2 -2  0 -5  3  4  3 -2 -6 -4  0 -3 -6 -1 -1 -2 -6 -5 -4    9   1   1   5   0  12  34  22   0   0   1   5   1   0   3   4   1   0   0   1  0.67 0.34
  471 E    0 -2 -1  3 -6  1  5 -3 -3 -6 -5  2 -5 -6 -1  0 -1 -6 -5 -5    9   1   2  15   0   4  44   1   0   0   0  10   0   0   3   7   3   0   0   0  0.85 0.39
  472 L   -1 -2  0  0 -3 -2  0  1 -2 -1  1 -1 -1 -1 -3  2  2 -4 -1  1    4   2   3   5   0   1   5  10   1   2  16   3   1   2   0  18  17   0   1   9  0.15 0.15
  473 M   -5 -6 -7 -8 -3 -5 -7 -7 -6  0  5 -6  8 -4 -7 -5 -5 -6 -5 -3    0   0   0   0   0   0   0   0   0   3  56   0  39   0   0   1   0   0   0   0  1.96 0.66
  474 Q    1  1 -1  1 -5  4  3 -3 -2 -3 -3  2 -2 -5 -4  0  0 -5 -4 -3   13   5   3   8   0  21  17   1   0   1   3  14   1   0   0   5   6   0   0   2  0.47 0.27
  475 K   -1  0 -1  0 -6  3  5 -4 -1 -3 -5  3 -5 -6 -4 -1  0 -6 -5 -4    6   3   2   3   0  11  45   1   2   2   1  16   0   0   0   3   5   0   0   1  0.89 0.41
  476 T    3 -5 -4 -5  1 -1 -4  6 -5 -6 -4 -5 -3 -6 -5 -3  1 -6 -6 -3   28   0   0   0   2   3   0  54   0   0   2   0   1   0   0   0   8   0   0   2  1.23 0.48
  477 I   -2 -2 -5 -5  3 -3 -4 -6 -2  2  3 -1  0 -2 -5 -3 -2 -3  0  4    3   2   0   0   7   1   0   0   1  13  29   4   2   1   0   1   2   0   3  31  0.62 0.29
  478 D    1  1  0  3 -4  1  3 -1  0 -4 -4  2 -4 -5 -3 -1  0 -5 -3 -3   11   7   5  16   0   6  22   4   2   1   1  15   0   0   0   3   5   0   0   2  0.41 0.23
  479 K   -1  2 -1  1 -4  1  1 -3 -2 -1 -2  5 -2 -5 -4 -2  0 -6 -4 -2    4   8   2   8   0   5  10   2   1   4   4  42   1   0   0   1   6   0   0   3  0.61 0.32
  480 L   -5 -6 -7 -7 -5 -6 -6 -7 -6  6  4 -6  3 -3 -6 -6 -4 -4 -5  2    0   0   0   0   0   0   0   0   0  44  37   0   7   0   0   0   0   0   0  12  1.36 0.48
  481 A    2  2  0  1 -3  2  1 -2  1 -3 -2  3 -1 -4 -3  0  0 -5 -3 -3   19  13   4   7   0   9   7   2   4   1   3  18   1   0   0   5   5   0   0   1  0.31 0.20
  482 E    2 -1 -1  2 -6  2  5 -2 -3 -5 -4  1 -5 -6 -4 -1 -2 -6 -5 -3   15   2   3  10   0   9  42   3   0   0   1   9   0   0   0   3   2   0   0   2  0.79 0.38
  483 L   -3 -6 -6 -6 -1 -5 -6 -7 -4  3  5 -6 -1 -2 -5 -5 -3 -5 -4  2    2   0   0   0   1   0   0   0   0  15  63   0   1   1   0   0   1   0   0  14  1.22 0.45
  484 Q   -1  5 -2 -1 -5  2 -1 -5  0 -2 -3  4 -3 -1 -4 -3 -3  3  2 -3    6  28   1   4   0  10   3   0   2   2   3  24   0   2   0   1   0   4   6   2  0.64 0.32
  485 E    1  0 -1  1 -5  3  5 -2 -2 -5 -4  2 -3 -6 -2 -1 -1 -6 -4 -4   14   3   2   7   0  11  39   3   1   0   1  10   0   0   2   4   3   0   0   1  0.66 0.33
  486 R   -2  7 -3 -1 -6  2  0 -2 -3 -6 -5  1 -1 -6 -5  0 -2 -6 -5 -6    4  61   1   3   0   7   5   4   0   0   1   5   2   0   0   6   2   0   0   0  1.30 0.50
  487 F   -1 -3 -6 -6 -3 -5 -5 -5 -3  0  1 -4  2  5 -6 -3 -3  1  7  0    6   1   0   0   0   0   0   1   0   6  11   1   6  21   0   2   1   1  37   6  1.07 0.42
  488 K    1  1  0  1 -5  2  2 -1 -1 -5 -4  4 -2 -4 -1  0 -2 -1 -4 -4   13   8   4   7   0  11  10   5   1   0   1  25   1   0   3   7   1   1   0   0  0.40 0.24
  489 R   -3  2  5  4 -6  1  0 -2  4 -6 -6  1 -3 -5 -4 -1 -2 -4 -3 -5    2  12  25  24   0   7   4   2   9   0   0   8   0   0   0   4   2   0   1   0  0.76 0.34
  490 V    1 -5 -6 -6 -2 -5 -5 -4 -6  5  0 -5  0 -3 -5 -4 -2 -6 -4  5   12   0   0   0   1   0   0   1   0  33   8   0   1   0   0   0   2   0   0  41  1.04 0.41
  491 R    0  3 -1 -3 -1  0 -1  1  3 -4 -4  3 -2 -2 -2  1 -1 -2  2 -2    7  18   2   0   1   3   2  13   8   0   0  17   1   1   1  10   4   0   8   3  0.32 0.21
  492 I   -4 -6 -6 -7 -3 -6 -6 -6 -6  5  3 -6 -1 -1 -4 -5 -1 -6 -4  5    0   0   0   0   0   0   0   0   0  29  25   0   0   2   1   0   3   0   0  39  1.14 0.43
  493 T    0 -1  0  3 -4  2  1 -1  1 -3 -4  2 -2 -2 -3  1  2 -5 -3 -2    6   2   4  15   0  11   8   3   3   1   1  13   1   2   0  13  15   0   1   3  0.31 0.20
  494 D   -6 -6 -1  9 -8 -5 -3 -5 -5 -8 -8 -5 -8 -6 -6 -4 -5 -9 -4 -7    0   0   2  95   0   0   0   1   0   0   0   0   0   0   0   1   0   0   1   0  2.82 0.85
  495 T   -3  5 -2 -3 -6 -1 -3 -3  3 -6 -5  6 -5 -6 -2 -1  1 -6 -5 -5    1  29   1   1   0   2   0   2   6   0   0  44   0   0   2   4   9   0   0   0  1.14 0.47
  496 S   -2 -4 -1 -3 -2 -3 -3  4 -4 -7 -7 -4 -6 -7 -5  6 -1 -7 -6 -5    2   0   2   1   1   1   1  25   0   0   0   0   0   0   0  64   2   0   0   0  1.44 0.59
  497 S   -2  3  0 -1 -5  0 -1 -3 -1 -3  1  4  4 -4 -3  0 -1 -3 -3 -3    2  14   4   2   0   3   2   1   1   0  16  28  11   0   1   9   4   0   0   0  0.43 0.27
  498 V    0  2 -4 -4  1 -3 -2 -4 -4  4 -1 -3 -1 -4 -4 -2  0 -4 -3  4    7  12   0   1   3   1   3   0   0  25   2   1   1   0   1   2   7   0   1  35  0.60 0.31
  499 F   -6 -7 -8 -8 -4 -7 -7 -8 -4 -5 -4 -7 -4  7 -8 -7 -7  9  5 -4    0   0   0   0   0   0   0   0   0   0   0   0   0  49   0   0   0  29  19   1  2.62 0.76
  500 N   -7 -5  9 -4 -8 -5 -5 -5 -4 -8 -9 -5 -7 -8 -7 -4 -5 -9 -7 -8    0   0 100   0   0   0   0   0   0   0   0   0   0   0   0   0   0   0   0   0  3.27 0.97
  501 T   -4 -5 -3 -5 -5 -1 -5 -5 -5 -4 -1 -5  2 -4 -5  3  7 -6 -3 -4    0   0   0   0   0   2   0   0   0   0   5   0   4   0   0  19  66   0   1   0  1.54 0.63
  502 D    2 -5  2  6 -6 -1  4 -4 -3 -6 -7 -4 -5 -7 -5 -2 -3 -7 -6 -6   18   0   7  47   0   2  22   1   0   0   0   0   0   0   0   1   1   0   0   0  1.30 0.51
  503 L   -5  3 -6 -7 -5 -5 -6 -7 -6 -1  6 -4 -1  1 -7 -6 -5  4 -3 -3    0  17   0   0   0   0   0   0   0   2  69   0   0   5   0   0   0   5   0   0  1.40 0.53
  504 L   -2 -3 -5 -6 -4 -1 -5 -6 -5  5  3 -3  3 -2 -5 -4 -1 -5 -4  4    2   1   0   0   0   4   0   0   0  30  24   1   6   1   0   0   4   0   0  26  0.83 0.35
  505 Y   -2 -3  1  0 -4  1  7 -4  1 -6 -4 -3 -5 -4 -5 -1 -2  1  1 -6    3   1   6   3   0   5  63   1   3   0   1   0   0   1   0   3   2   2   5   0  1.24 0.52
  506 T    5 -4 -5 -5  1 -4 -4 -3 -2 -3 -3 -4 -2 -2 -5 -2  4 -5  1  0   53   0   0   0   3   0   0   1   1   1   2   0   1   1   0   1  25   0   5   6  1.00 0.47
  507 I   -4 -6 -7 -7 -5 -4 -6 -7 -5  4  5 -6  2 -1 -6 -6 -4 -2 -2  1    0   0   0   0   0   0   0   0   0  19  63   0   5   2   0   0   0   1   1   8  1.29 0.47
  508 E   -6 -5 -5 -3 -9 -2  8 -7 -5 -8 -8 -4 -7 -8 -6 -5 -6 -8 -7 -7    0   0   0   0   0   1  99   0   0   0   0   0   0   0   0   0   0   0   0   0  2.84 0.91
  509 L   -5 -6 -7 -7 -5 -6 -7 -7 -6  0  6 -6  0  1 -7 -6 -2 -5 -2  1    0   0   0   0   0   0   0   0   0   4  78   0   1   6   0   0   3   0   1   7  1.52 0.54
  510 G   -1  1 -2  4 -6  1  2  4 -1 -6 -4  0 -4 -4 -4 -1 -3 -6 -3 -5    3   9   1  24   0   8  12  31   1   0   1   4   0   1   0   3   1   0   1   0  0.70 0.32
  511 H   -3 -5  7 -3 -2 -4 -4 -1  2 -6 -6 -4 -4  3 -6  0 -4 -5  2 -6    2   0  58   0   1   0   0   5   5   0   0   0   0  14   0   7   0   0   7   0  1.49 0.57
  512 G   -4 -6 -4 -7 -4 -3 -6 -2 -6 -1  5 -6  7 -3 -6 -3 -3 -5 -5 -2    0   0   1   0   0   1   0   4   0   3  62   0  25   0   0   2   2   0   0   1  1.43 0.54
  513 L   -4 -4 -7 -7 -5 -5 -6 -7 -6  4  5 -5  5 -1 -6 -6 -4 -4 -3  0    0   1   0   0   0   0   0   0   0  18  61   0  13   2   0   0   0   0   0   3  1.37 0.49
  514 N    0 -2 -1  5 -4 -1  4 -1 -4 -2 -3 -2 -3 -5 -3 -1  0 -6 -2 -2    8   2   1  35   0   2  25   5   0   2   3   1   0   0   1   3   7   0   1   3  0.66 0.32
  515 V   -2 -4 -1 -4  4  3 -4 -5 -5  1  2 -4 -1 -3 -5 -3  0 -5 -1  4    2   0   4   0   9  14   0   0   0   8  19   0   1   0   0   0   5   0   2  35  0.67 0.34
  516 A    7 -6 -6 -6 -2 -4 -5  0 -6 -6 -6 -5 -5 -7 -5  0 -4 -7 -6 -5   88   0   0   0   1   0   0   6   0   0   0   0   0   0   0   5   0   0   0   0  1.95 0.70
  517 E   -2  0 -2 -1 -3  2  5 -4 -1 -1 -1  1  0 -3 -4 -2 -1 -5 -1  1    3   4   1   2   1   9  42   0   1   3   7   7   3   1   0   2   3   0   3  10  0.55 0.31
  518 C    4 -5 -4 -5  3  0 -4 -3 -5  1 -2 -4  0 -2 -4 -1  1 -5 -4  4   37   0   0   0   6   5   0   1   0   6   2   0   2   1   0   4  10   0   0  26  0.68 0.36
  519 M   -3 -5 -5 -5 -3 -4 -5 -6 -6  4 -1 -5  4 -4 -5 -2  5 -6 -5  2    1   0   0   0   1   0   0   0   0  22   4   0  12   0   0   2  43   0   0  15  1.12 0.48
  520 A    4 -5 -5 -5  0 -4 -5 -4 -5  2  1 -4  4 -4 -5 -2  1 -5 -4  3   33   0   0   0   2   0   0   0   0  12  11   0  13   0   0   1   8   0   0  20  0.71 0.35
  521 H    1 -1 -1 -2 -2 -1  0 -3  4  1  0 -1  0 -1 -4 -1  1 -2  2  2   12   2   3   2   0   2   6   0  13  10   7   4   2   1   0   2   8   0   7  17  0.19 0.16
  522 S    2 -5 -4 -4  1 -4 -4  4 -5 -6 -5 -4 -4 -6 -4  5 -2 -6 -6 -4   17   0   0   0   3   0   0  25   0   0   0   0   0   0   0  52   1   0   0   1  1.22 0.53
  523 A    7 -6 -6 -6 -4 -5 -5 -2 -6 -6 -6 -5 -6 -7 -5 -2 -5 -7 -6 -5   97   0   0   0   0   0   0   2   0   0   0   0   0   0   0   1   0   0   0   0  2.32 0.79
  524 M    1 -1 -2 -3 -4 -2  1 -4 -2  2  4 -3  0 -1 -5 -2 -3 -4 -1 -1   14   3   2   1   0   1  12   1   1  10  44   1   1   2   0   1   0   0   2   3  0.46 0.27
  525 A    4 -2  5 -3 -5  0  0 -2  2 -4 -2 -2 -3 -2 -5 -2 -2 -4 -2 -2   34   1  34   0   0   4   7   2   5   0   4   1   0   2   0   1   1   0   1   2  0.78 0.39
  526 R   -6  9 -5 -7 -9 -4 -5 -7 -5 -8 -7 -3 -6 -8 -7 -6 -6 -8 -7 -8    0 100   0   0   0   0   0   0   0   0   0   0   0   0   0   0   0   0   0   0  3.14 0.93
  527 K   -4  2 -2 -3 -6  2  2 -5  0 -6 -5  6 -4 -6 -3 -3  3 -6 -5 -5    0   9   1   1   0   9  11   0   2   0   0  47   0   0   1   0  19   0   0   0  1.10 0.48
  528 E   -6 -5 -5 -3 -9 -3  8 -7 -5 -8 -8 -4 -7 -8 -6 -5 -6 -8 -7 -7    0   0   0   0   0   0 100   0   0   0   0   0   0   0   0   0   0   0   0   0  2.87 0.92
  529 S   -3 -6 -4 -5 -1 -5 -5 -5 -6 -7 -7 -5 -6 -3 -6  8 -1 -8 -6 -6    0   0   0   0   1   0   0   0   0   0   0   0   0   1   0  95   2   0   0   0  2.37 0.85
  530 R   -6  9 -5 -7 -9 -4 -5 -7 -5 -8 -7 -3 -6 -8 -7 -6 -6 -8 -7 -8    0 100   0   0   0   0   0   0   0   0   0   0   0   0   0   0   0   0   0   0  3.14 0.93
  531 G   -4 -7 -5 -6 -7 -7 -7  8 -7 -9 -9 -6 -7 -8 -7 -5 -6 -7 -8 -8    0   0   0   0   0   0   0 100   0   0   0   0   0   0   0   0   0   0   0   0  2.84 0.83
  532 A    6 -5 -5 -6 -5 -5 -5  1 -6 -6 -6 -5 -5 -6 -5  2 -4 -7 -6 -5   75   0   0   0   0   0   0  11   0   0   0   0   0   0   0  14   0   0   0   0  1.65 0.63
  533 H   -7 -6 -5 -6 -8 -3 -5 -7 11 -9 -8 -6 -7 -4 -8 -6 -7 -8 -3 -9    0   0   0   0   0   1   0   0  98   0   0   0   0   1   0   0   0   0   0   0  4.13 1.09
  534 Q    4 -4 -4 -3 -1  3 -3 -4 -3 -4 -4 -3  0  2 -4  2  0  1  4 -3   37   0   0   1   1  14   0   0   0   0   1   0   2   8   0  15   4   2  13   1  0.68 0.37
  535 R   -6  8 -5 -6 -7 -3 -4 -6  3 -7 -5 -2 -2 -7 -5 -5 -5 -7 -6 -4    0  88   0   0   0   0   0   0   5   0   1   0   1   0   0   0   0   0   0   2  2.51 0.78
  536 L   -1  0  0  1 -1  0  0 -1 -1  0  1  0  0  0 -1  0  1 -1 -1  0    5   5   4  10   1   3   6   4   1   5  19   4   3   3   3   5  11   1   2   6  0.04 0.03
  537 D   -2 -2 -1  7 -2 -1  0 -2  0 -2 -2 -2 -2 -2 -2 -1 -2 -2 -2 -2    3   2   2  56   1   2   5   3   2   2   4   2   1   2   2   3   2   1   1   3  0.93 0.23
  538 E   -1 -1 -1  0 -2  0  6 -2  2 -2 -2 -1 -2 -2 -1 -1 -1 -2  1 -2    4   2   2   4   1   2  50   3   4   2   4   2   1   2   2   3   3   1   6   3  0.67 0.21
  539 G   -1 -1 -1  6 -2 -1 -1  1 -1 -2 -2 -1 -2 -2  0 -1 -1 -2 -2 -2    5   3   2  46   1   2   3  11   1   2   4   3   1   2   4   3   3   1   2   3  0.64 0.18
  540 C   -4 -5 -5 -3  2 -5 -5 -6 -2 -4 -3 -4 -2  7 -3 -5 -5 -2  8 -4    1   0   0   1   4   0   0   0   0   0   1   1   1  40   2   0   0   0  43   1  1.89 0.59
  541 T   -3 -4 -3 -4 -6  0 -1 -5 -4 -5 -4 -2 -6 -6  8 -2  2 -7 -6 -4    2   1   1   1   0   4   5   0   0   0   1   2   0   0  66   3  12   0   0   1  1.84 0.63
  542 E   -1 -1  2  3 -5  2  4 -2 -1 -5 -5  3 -4 -6 -3 -1  0 -5 -4 -4    5   2   8  18   0   8  30   2   1   0   0  16   0   0   1   2   6   0   0   1  0.66 0.32
  543 R   -6  9 -5 -5 -8 -3 -5 -7 -5 -8 -7 -3 -6 -8 -7 -5 -6 -8 -7 -7    0  98   0   0   0   0   0   0   0   0   0   0   0   0   0   0   0   0   0   0  3.02 0.90
  544 D   -6 -5  2  8 -8 -5 -2 -6 -4 -8 -8 -3 -8 -8 -6 -4 -6 -9 -8 -8    0   0   9  88   0   0   1   0   0   0   0   1   0   0   0   0   0   0   0   0  2.61 0.80
  545 D   -7 -6 -2  9 -8 -5 -3 -6 -6 -8 -9 -5 -8 -8 -6 -5 -6 -9 -8 -8    0   0   1  99   0   0   0   0   0   0   0   0   0   0   0   0   0   0   0   0  3.06 0.90
  546 V    2 -1 -1  0 -5  1  4 -3 -2 -3 -4  1 -4 -5 -3 -2  0 -5 -4  2   17   2   2   4   0   5  34   2   0   1   0  10   0   0   1   2   6   0   0  15  0.51 0.30
  547 N   -3  0  8  0 -7  0  0 -3  0 -7 -7  0 -6 -7 -6 -2 -2 -7 -5 -5    1   5  65   4   0   3   7   2   2   0   0   6   0   0   0   2   2   0   0   1  1.55 0.57
  548 F   -7 -8 -8 -9 -7 -7 -8 -8 -5 -6 -5 -8 -6  6 -9 -8 -7 12  3 -7    0   0   0   0   0   0   0   0   0   0   0   0   0  31   0   0   0  59   9   0  3.43 0.92
  549 L   -5 -2 -7 -7 -5 -4 -6 -7  0 -1  5 -5  7 -3 -7 -6 -4 -2 -5 -3    0   2   0   0   0   1   0   0   3   2  62   0  29   0   0   0   0   1   0   0  1.69 0.60
  550 K   -3  1 -4 -5  3  0 -3 -6  0 -5 -6  7 -5 -7 -5 -3 -3 -5 -3 -2    2   6   0   0   5   4   0   0   2   0   0  73   0   0   0   1   1   0   1   3  1.67 0.61
  551 H   -7 -6 -5 -7 -9 -5 -5 -8 12 -9 -8 -6 -7 -7 -8 -6 -7 -8 -3 -9    0   0   0   0   0   0   0   0 100   0   0   0   0   0   0   0   0   0   0   0  4.26 1.11
  552 T   -4 -5 -4 -5 -5 -4 -5 -6 -4 -4 -5 -5 -5 -7 -5  4  7 -7 -6 -5    0   0   0   0   0   0   0   0   0   1   0   0   0   0   0  26  72   0   0   0  1.98 0.73
  553 L   -4 -6 -7 -7 -5 -3 -5 -7 -5  1  5 -6  6 -1 -6 -6 -4 -5 -3  1    0   0   0   0   0   1   1   0   0   8  64   0  17   2   0   0   0   0   1   7  1.37 0.50
  554 A    5 -4 -4 -5  0 -4 -4 -3 -3  0 -3 -4 -3 -1 -4  1  0  4  3  1   47   0   0   0   2   0   0   1   0   6   1   0   0   2   0   9   4   5  10  11  0.73 0.36
  555 F   -5 -1 -4 -5 -6 -3 -5 -6  2 -2 -3 -4 -4  5 -6 -1  0  7  7 -3    0   3   0   0   0   1   0   0   5   2   1   1   0  20   0   4   6  16  36   1  1.44 0.51
  556 R   -1  3 -2 -3 -1  1 -2 -3  1 -1  0  2  0  1 -2  0 -2  1  4 -1    3  17   1   1   1   5   1   1   3   2  12  12   2   6   2   7   1   2  16   5  0.27 0.19
  557 D   -1 -1  2  4 -3  1  3 -1 -1 -4 -4  0 -2 -5 -2  0  1 -5 -2 -2    4   2   8  27   0   7  17   4   1   0   1   4   1   0   1   8  10   0   1   2  0.48 0.24
  558 A    1 -2 -1  0 -3 -1  1  3 -2 -4 -3  0 -3 -4  4  0  0 -4 -3 -2   12   2   2   6   0   1  11  23   1   1   3   5   0   0  19   6   5   0   1   3  0.40 0.20
  559 D    0 -2  3  5 -5  0  2  0  0 -4 -4  0 -4 -4 -2 -1 -2 -3 -4 -4    7   1  12  37   0   3  14   6   2   1   1   7   0   1   2   3   2   0   0   1  0.67 0.30
  560 G    0 -3 -1  0 -3 -3 -1  6 -2 -4 -4 -1 -4 -4 -2  0 -1 -4 -3 -4    7   1   2   6   1   1   4  58   1   1   1   4   0   0   2   6   3   0   1   1  0.95 0.33
  561 T    1  0  1  1 -2  1  1 -1  0 -1 -2  1 -1 -2  0  1  1 -3 -1 -1   11   3   8   6   0   5  12   4   2   5   4  12   2   1   5   9   8   0   1   3  0.11 0.07
  562 T   -1 -2 -3 -1 -2 -2 -3 -3 -3  1 -1 -2 -1 -1  4 -1  1 -3  0  3    4   2   1   4   1   1   1   1   0   9   4   2   1   3  22   4   9   0   3  27  0.42 0.22
  563 R   -1  5 -1  0 -4  0  0 -3 -1 -3 -3  3 -3 -4 -3  0  1 -5 -3 -2    4  38   2   5   0   4   7   1   2   1   2  17   0   0   1   6   8   0   0   3  0.65 0.30
  564 L   -4 -5 -6 -6 -4 -5 -6 -7 -6  5  5 -6  1  1 -6 -5 -4 -5 -2  2    0   0   0   0   0   0   0   0   0  32  47   0   3   5   0   0   0   0   1  10  1.16 0.43
  565 E   -1 -1  0  5 -5 -1  3  0 -3 -6 -5  0 -4 -5 -4  1  0 -3 -4 -5    5   2   4  37   0   2  18   7   0   0   0   5   0   0   0  12   5   0   0   0  0.74 0.34
  566 Y   -6 -6 -6 -4 -6 -5 -6 -6  0 -5 -3 -3 -2  1 -5 -5 -2  5  9 -5    0   0   0   1   0   0   0   0   2   0   2   2   1   4   0   1   2   6  76   0  2.49 0.79
  567 S   -1  5 -3 -3 -2  0 -2 -2 -2 -2 -2  4  0 -5 -4  1 -2 -4 -4 -3    4  33   0   1   1   3   1   3   1   3   3  31   3   0   0  10   1   0   0   1  0.77 0.37
  568 D   -2 -4 -1  3 -7 -4 -1 -3 -4 -7 -7 -2 -7 -8  8 -2 -5 -8 -7 -7    4   1   3  16   0   1   4   2   0   0   0   2   0   0  66   2   0   0   0   0  1.95 0.66
  569 V   -4 -6 -7 -7 -5 -7 -7 -8 -8 -1 -3 -4 -3 -5 -6 -6 -4 -7 -6  8    0   0   0   0   0   0   0   0   0   1   1   1   0   0   0   0   0   0   0  94  2.36 0.78
  570 K   -1  2  2 -1 -3  0 -2 -4  5  0 -3  2 -1 -4 -3 -2  3 -5 -3  2    4   9   8   4   0   3   2   0  16   4   0  12   1   0   1   1  19   0   0  14  0.43 0.27
  571 I   -2 -4 -3 -2 -4 -2 -3 -4 -5  5  1 -3  3  0 -4 -2  0 -5 -3  2    2   1   1   3   0   2   2   1   0  40  13   1   8   3   1   2   7   0   0  14  0.68 0.31
  572 T   -2 -3  0  0 -5 -1  0 -1  0 -4 -4  0 -4 -3 -4  0  6 -3  3 -4    2   1   3   4   0   3   6   4   2   0   1   5   0   1   0   5  51   0  10   0  0.85 0.43
  573 T   -2  4 -3 -4 -5 -2 -3 -4 -3 -3 -3  3  2 -4  1  0  5 -6 -3 -4    2  20   0   1   0   1   1   0   0   1   2  20   5   0   8   5  32   0   1   0  0.77 0.40
  574 L   -4 -5 -5 -5 -5 -5 -5 -6 -3 -1  3 -3  1  5 -6  0 -4  6  4 -1    0   0   0   0   0   0   0   0   0   3  29   1   3  23   0   9   0  11  16   3  0.99 0.41
  575 P   -1 -3 -4 -1 -6  5  3 -5 -4 -6 -5  2 -3 -7  5 -3 -2 -6 -5 -5    5   1   0   3   0  27  17   0   0   0   0  10   1   0  31   1   3   0   0   1  1.10 0.46
  576 P   -5 -7 -7 -4 -8 -6 -2 -7 -7 -8 -8 -6 -7 -9  9 -6 -6 -9 -8 -7    0   0   0   1   0   0   3   0   0   0   0   0   0   0  96   0   0   0   0   0  3.28 0.92
  577 A    6 -4 -4 -4 -3 -3 -3 -2 -4 -3 -4 -3 -3 -5 -3 -1 -2 -5 -4  1   90   0   0   0   0   0   0   0   0   0   0   0   0   0   0   0   0   0   0  10  1.39 0.41
