    1 M   -3 -4 -4 -5 -3 -3 -4 -5 -4  0  2 -4  9 -2 -5 -4 -3 -3 -3  0    0   0   0   0   0   0   0   0   0   2  16   0  77   0   0   0   0   0   0   5  1.52 0.33
    2 I   -3 -4  0 -4 -3 -3 -3 -5 -4  4  3 -3  4 -1 -2 -3 -2 -4 -3  2    0   0   5   0   0   0   1   0   0  34  30   1  11   1   1   1   1   0   0  13  0.60 0.22
    3 E   -2  0  0  0 -5  2  3 -3  3 -4 -4  3 -3 -5  4  0 -1 -5 -3 -4    1   5   5   5   0   7  21   0   7   0   1  18   0   0  22   7   2   0   0   1  0.59 0.22
    4 I   -2 -1 -2 -2 -1 -1 -2 -4  1  2  1 -2  1  4 -1 -1  0 -2  1  1    1   4   1   1   1   3   2   0   4  15  15   2   4  21   3   3   8   0   2  10  0.20 0.12
    5 K    0  0  0 -1 -4  2  1 -2 -3 -3 -4  4 -2 -4  3  1  0 -5 -3 -3    9   3   4   3   0   8   8   1   0   1   0  31   1   0  16   8   6   0   0   1  0.48 0.22
    6 D   -1 -1  4  2 -4 -1  1 -3  0 -3 -4  1 -4 -4  4  1  0 -5 -4 -3    4   1  22  11   0   1  10   0   3   2   0  10   0   1  19  10   6   0   0   1  0.52 0.22
    7 K   -1  1  2 -1 -4  0  1 -2  1 -2 -3  3 -3  0  3  0 -1 -4 -2 -2    4   7  14   2   0   3   8   1   3   2   1  25   0   5  15   4   3   0   1   2  0.36 0.18
    8 Q   -1  0  0 -1 -3  2  2 -1 -1 -2 -2  3 -1 -2  3  0  0 -4 -2 -2    3   4   4   2   0   9  12   4   1   3   3  25   1   2  13   7   5   0   1   3  0.28 0.16
    9 L   -1 -1  1  0 -1  0  0 -2  0  0  1  2  4 -1  0 -1  0 -4 -2 -1    2   2   7   6   1   3   7   2   3   5  12  15  18   2   4   4   5   0   0   2  0.16 0.14
   10 T    1 -1  2 -1 -2  0  0 -1 -1 -3 -4  3 -3 -3  2  1  0  2  0 -2   13   2  11   2   1   3   6   4   1   1   0  19   0   1   9  13   7   3   3   2  0.26 0.17
   11 G    0  0  2  1 -2  0  0  1 -1 -4 -4  4 -4 -5  0  1 -1 -3 -4 -3    7   4  10   9   1   3   6  10   1   1   1  30   0   0   4  11   2   0   0   1  0.39 0.22
   12 L   -4 -5 -6 -6 -4 -5 -6 -6 -3  1  2 -4  4  7 -6 -5 -4 -1  4 -2    0   0   0   0   0   0   0   0   0   8  16   1  12  46   0   0   0   0  15   1  1.35 0.44
   13 R   -3  4  0 -3 -5 -2 -3 -5 -3 -5 -5  5 -4 -6 -4 -1  4 -6 -5 -4    0  21   3   1   0   1   0   0   0   0   0  40   0   0   0   3  29   0   0   0  1.12 0.45
   14 F   -3 -6 -6 -7  0 -6 -6 -6 -5  0 -2 -6  0  8 -6 -3 -1 -2  2  1    2   0   0   0   2   0   0   0   0   5   2   0   3  66   0   2   3   0   4  10  1.61 0.51
   15 I    1 -6 -6 -6 -1 -5 -6 -1 -6  7 -1 -5 -1 -1 -5 -1 -3 -5 -4  1   11   0   0   0   1   0   0   4   0  64   4   0   1   2   0   4   0   0   0   8  1.16 0.43
   16 D   -4 -5 -2  8 -7 -4 -1 -4 -5 -7 -7 -4 -7 -7 -5  2 -4 -8 -7 -7    1   0   0  80   0   0   3   0   0   0   0   0   0   0   0  16   0   0   0   0  2.14 0.65
   17 L   -5 -6 -7 -7 -3 -6 -7 -7 -6 -1  6 -6  0  3 -7 -6 -5 -5 -4 -3    0   0   0   0   0   0   0   0   0   2  86   0   1  10   0   0   0   0   0   0  1.73 0.55
   18 F   -6 -7 -7 -8  3 -8 -8 -8 -5 -4 -4 -7 -4  9 -8 -7 -6 -3  1 -5    0   0   0   0   6   0   0   0   0   0   0   0   0  92   0   0   0   0   3   0  2.96 0.78
   19 A    6 -5 -5 -5  4 -4 -5 -3 -5 -5 -5 -4 -5 -6 -5  2 -2 -6 -5 -4   78   0   0   0   8   0   0   1   0   0   0   0   0   0   0  12   1   0   0   0  1.64 0.58
   20 G   -4 -7 -4 -5 -7 -6 -6  8 -6 -8 -8 -6 -7 -7 -6 -4 -6  0 -7 -7    0   0   0   0   0   0   0  99   0   0   0   0   0   0   0   0   0   1   0   0  2.64 0.72
   21 L   -3 -6 -7 -7 -3 -6 -7 -5 -7  7 -1 -6  1 -3 -6 -6 -3 -6 -5  3    2   0   0   0   0   0   0   1   0  75   2   0   3   0   0   0   1   0   0  16  1.76 0.55
   22 G   -4 -7 -4 -5 -7 -6 -6  8 -6 -8 -8 -6 -7 -7 -6 -4 -6  0 -7 -7    0   0   0   0   0   0   0  99   0   0   0   0   0   0   0   0   0   1   0   0  2.64 0.72
   23 G   -2 -6 -4 -5 -7 -6 -6  8 -6 -8 -8 -6 -7 -7 -6 -4 -6  0 -7 -7    2   0   0   0   0   0   0  96   0   0   0   0   0   0   0   1   0   1   0   0  2.50 0.69
   24 F   -5 -6 -6 -6 -4 -6 -6 -2 -5  5  1 -6  2  6 -6 -5 -1 -4 -2 -1    0   0   0   0   0   0   0   4   0  37   9   0   4  40   0   0   4   0   0   2  1.29 0.46
   25 R   -4  8 -3  1  1 -3  0 -6  3 -7 -6 -2 -5 -7 -6 -4 -4 -7 -5 -6    1  71   0   9   3   0   6   0   7   0   0   0   0   0   0   0   1   0   0   0  1.79 0.60
   26 L   -2 -1 -4 -5 -2  0 -3 -5 -3  2  4  0  2 -1 -5 -2 -1 -4  0  0    1   4   0   0   1   5   1   0   1  13  49   6   4   2   0   2   3   0   3   6  0.55 0.27
   27 A    4 -5 -4 -5 -5 -5 -5  6 -5 -6 -6 -5 -4 -6  0 -2 -4 -6 -6 -5   38   0   0   0   0   0   0  56   0   0   0   0   0   0   4   1   0   0   0   0  1.53 0.53
   28 L   -4 -6 -7 -7 -4 -6 -7 -7 -5 -2  3 -6  4  8 -7 -6 -5 -3  0 -3    2   0   0   0   0   0   0   0   0   1  23   0   9  63   0   0   0   0   1   0  1.87 0.58
   29 E   -3 -3 -1  0 -6  4  6 -5  1 -4 -4  0 -4 -6 -5 -1 -2 -6 -4 -4    2   0   2   5   0  16  57   0   3   1   1   5   0   0   0   4   2   0   0   1  1.19 0.48
   30 S    1  1  3  0 -4  4  1 -2 -1 -4 -2  2 -1 -3 -3  2 -2 -3 -2 -3   10   8  13   4   0  19   7   1   1   0   3  13   1   1   1  16   1   0   1   0  0.39 0.23
   31 C    3 -2  1 -3 -1 -1 -2 -3  0  2  1 -2 -1 -1 -3 -1  1 -2 -1  1   28   2   8   0   1   3   1   0   2  12  18   2   1   2   0   2   9   0   2   8  0.23 0.18
   32 G   -4 -5  2 -1 -2 -4 -4  7 -4 -7 -7 -2 -6 -1 -6 -3 -4 -2 -4 -7    0   0   9   3   1   1   1  78   0   0   0   2   0   3   0   1   0   1   0   0  1.75 0.56
   33 A    1 -4 -3 -4  0 -4 -4  5  2 -3 -1 -3 -1  4 -4 -2 -2  1  1 -3   11   0   0   0   2   0   0  40   5   1   6   1   2  19   0   2   2   1   4   1  0.68 0.30
   34 E   -2  2  1  0 -5  3  4 -4  2 -3 -4  4 -3 -5 -4 -2 -1 -5 -3 -3    1  11   5   5   0  11  24   0   4   1   1  28   0   0   0   2   3   0   1   1  0.67 0.31
   35 C   -4 -7 -3 -5 11 -6 -7 -6 -4  0 -3 -6 -4 -4 -7 -2  1 -5 -6  0    1   0   2   0  70   0   0   0   0   6   2   0   0   1   0   3   9   0   0   6  2.47 0.68
   36 V   -3 -5 -6 -7 -4 -5 -4 -6 -6  2  0 -5 -1 -4 -6 -4 -3 -6 -5  7    1   0   0   0   0   0   1   0   0  11   5   1   1   0   0   1   0   0   0  79  1.64 0.55
   37 Y   -3 -6 -6 -7 -4 -6 -6  0 -4 -4 -2 -6 -2  8 -7 -6 -6  6  4 -5    2   0   0   0   0   0   0   9   0   0   3   0   1  61   0   0   0   9  14   0  1.86 0.57
   38 S    3 -4 -3 -4 -4 -3 -3 -3  0 -3 -2 -3 -3  0 -4  4  3 -3 -2 -1   24   0   0   0   0   0   0   0   2   1   3   0   0   4   0  40  20   0   1   3  0.76 0.39
   39 N   -1 -4  4 -4  6 -4 -4 -4 -4 -3 -6 -4 -5 -6 -5  6 -3 -7 -5 -3    4   0  23   0  14   0   0   0   0   1   0   0   0   0   0  56   0   0   0   2  1.41 0.55
   40 E   -5 -4 -4  2 -8 -2  8 -6 -4 -7 -7 -3 -6 -8 -5 -4 -5 -7 -6 -7    0   0   0  11   0   0  89   0   0   0   0   0   0   0   0   0   0   0   0   0  2.33 0.74
   41 W   -5 -5 -1 -7 -3 -6 -6 -6 -6  5 -1 -3 -1  3 -7 -5 -4 10  0 -2    0   0   4   0   0   0   0   0   0  33   3   2   1  13   0   0   1  39   2   1  1.87 0.57
   42 D   -6 -5  4  8 -7 -4 -2 -5 -5 -7 -8 -4 -7 -7 -6 -2 -5 -8 -7 -6    0   0  20  76   0   0   1   0   0   0   0   0   0   0   0   2   0   0   0   0  2.21 0.67
   43 K   -2  1 -2 -1 -6  0  1 -4 -2 -3 -4  6 -3 -6  2 -1 -1 -6 -4 -4    3   6   1   3   0   3  10   1   1   2   1  53   0   0   8   5   4   0   0   1  0.86 0.38
   44 Y   -2 -2  2  0 -3 -1 -1 -4  4 -4 -4  0 -3  5 -3 -2 -4  1  6 -4    4   1  11   5   1   2   4   0  10   0   0   6   0  24   1   2   0   1  25   0  0.79 0.34
   45 A    6 -5 -5 -5  4 -4 -5 -4 -5 -5 -5 -4 -5 -6 -3  1 -2 -6 -5 -2   77   0   0   0   7   0   0   0   0   0   0   0   0   0   1  10   2   0   0   2  1.56 0.58
   46 Q   -1  3 -2 -3  4  5 -1 -4 -3 -1 -3  2 -3 -5 -4 -2 -3 -5 -4  1    5  18   1   1   9  32   2   0   0   3   1  13   0   0   0   2   1   0   0  11  0.74 0.36
   47 E   -1  2 -1 -1 -4  3  3 -4 -2  0 -2  4 -1 -4 -4 -2 -1 -5 -3 -3    4   8   3   2   0  14  19   0   1   6   3  32   1   0   0   1   3   0   1   1  0.57 0.29
   48 V   -1 -5 -3 -5 -5 -5 -5 -5 -6 -2 -4 -5 -1 -6 -5  1  7 -6 -5  0    4   0   0   0   0   0   0   0   0   2   1   0   2   0   0   8  78   0   0   5  1.72 0.63
   49 Y   -6 -6 -7 -8 -7 -6 -7 -8 -3 -4 -2 -7 -5  1 -8 -6 -6 -2 10 -6    0   0   0   0   0   0   0   0   0   1   4   0   0   3   0   0   0   0  92   0  3.21 0.89
   50 E   -1  3 -1 -1 -3  2  3 -4  1 -3 -2  3 -2  0 -4 -1 -2  3 -1 -3    6  14   1   2   0   9  18   0   3   1   5  24   1   4   0   4   1   4   2   0  0.39 0.22
   51 M    4 -1  0 -1 -3  0  1 -3  2  0  0  0  0 -3 -3 -1  0 -4 -2 -2   40   3   6   3   0   3   8   0   5   5  10   6   2   1   0   3   4   0   1   1  0.31 0.22
   52 N   -6 -5  9 -3 -7 -4 -5 -5 -3 -1 -5 -3 -5  0 -6 -4 -4 -4 -3 -6    0   0  89   0   0   0   0   0   0   4   1   1   0   4   0   0   0   0   1   0  2.48 0.76
   53 F   -6 -2 -4 -7 -6 -6 -6 -7  5 -3 -4 -6 -4  8 -7 -5 -6  4  5 -4    0   3   1   0   0   0   0   0  12   1   0   0   0  60   0   0   0   5  18   1  2.00 0.61
   54 G   -2 -2  2  0 -4 -2 -3  5  0 -5 -5  1 -5 -4  2 -1 -3 -5  0 -5    1   2   9   5   0   2   1  47   2   0   1  11   0   0  12   3   0   0   3   0  0.82 0.34
   55 E   -3 -2  0  4  0 -1  5 -4  4 -2 -4  0 -4 -5 -3 -2 -3 -6 -4 -4    1   1   5  23   2   1  44   0  10   4   1   4   0   0   1   2   1   0   0   1  0.97 0.40
   56 K   -2  0  1  1 -2 -1  0 -3 -1  1  0  1  1 -1 -2 -1  1  2  0  1    1   5   7   7   0   2   4   1   2  11  11  12   5   2   1   2  10   3   3  11  0.08 0.09
   57 P   -3 -5  1  0 -4 -3 -1 -5  2  0 -2 -4 -3  1  6 -3  0 -6 -4  0    1   0   8   6   0   0   5   0   5   6   3   0   0   6  46   1   6   0   0   7  0.99 0.38
   58 E    0 -1  1  1 -2  0  2 -3  3 -2 -1  0 -2  3 -2 -1 -2 -2  3 -2    7   2   7   7   1   4  16   1   9   1   7   4   0  14   2   4   1   0  10   3  0.24 0.16
   59 G   -2  1 -1  1 -2  0 -1  6  2 -6 -6 -1 -5 -6 -4 -2 -3 -5 -4 -6    1   7   3   7   1   4   4  61   6   0   0   3   0   0   0   2   1   0   0   0  1.11 0.39
   60 D   -6 -6 -1  9 -8 -4 -2 -4 -5 -7 -8 -5 -7 -8 -6 -4 -5 -9 -7 -7    0   0   1  98   0   0   0   1   0   0   0   0   0   0   0   0   0   0   0   0  2.82 0.76
   61 I   -4 -7 -7 -7 -5 -6 -7 -7 -7  8  0 -6 -2 -4 -6 -6 -4 -6 -5  1    1   0   0   0   0   0   0   0   0  87   6   0   0   0   0   0   0   0   0   6  2.11 0.61
   62 T   -2  3  0 -4 -3 -2 -2 -4  2 -3 -4  0  0 -2 -4 -1  6 -5  0 -2    1  20   5   0   0   1   1   0   5   0   0   5   3   2   0   2  49   0   4   2  0.85 0.39
   63 Q   -1  0  0  2 -5  2  2 -3 -2 -3 -2  4 -3 -5 -2 -1  1 -5 -4 -4    5   2   3  11   0  11  15   0   0   1   4  33   0   0   1   3   9   0   0   0  0.52 0.26
   64 V   -3 -5 -5 -4 -4 -2 -2 -6 -5  6  0 -5 -1  0 -4 -4 -3 -4 -1  4    1   0   0   1   0   2   4   0   0  50   7   0   1   3   0   0   0   0   2  28  1.01 0.37
   65 N   -1 -2  2  4 -4 -1  1 -2  0 -3 -4  0 -3 -4  2  1  1 -5 -3 -3    4   1  12  30   0   2   7   1   2   2   1   6   0   0  10  10  10   0   0   1  0.49 0.23
   66 E    2 -2 -1  0 -3 -1  2 -2 -2  0 -1 -1  1 -1  3 -1  0 -3 -2  0   20   0   2   6   0   1  18   1   0   5   6   3   4   3  16   3   5   0   0   6  0.26 0.17
   67 K   -1  0  2  3 -3  1  2 -2  0 -4 -4  3 -3 -4 -3  1  0 -5 -3 -3    3   4   9  14   0   4  16   2   2   1   1  23   0   1   0  12   5   0   0   1  0.42 0.21
   68 T   -1 -2  1  4 -3  0  3 -2  0 -1 -2  1 -1 -3 -3  1  0 -5 -3 -3    4   1   7  28   0   4  19   1   2   4   3   8   1   1   0  11   6   0   1   0  0.43 0.21
   69 I   -4 -6 -5 -6 -4 -5 -6 -6 -6  7  1 -5 -1 -2 -6 -5 -4 -1 -3  3    0   0   0   0   0   0   0   0   0  66  12   0   1   1   0   0   0   1   0  17  1.44 0.46
   70 P   -4 -2 -4 -4 -6 -4 -3 -2 -6 -6 -6 -2 -6 -6  8 -2 -3 -7 -6 -6    1   3   0   0   0   0   2   3   0   0   1   2   0   0  84   2   1   0   0   0  2.48 0.66
   71 D   -2 -1  2  6 -4  0  2 -3 -1 -5 -5  1 -4 -5  0 -1 -2 -6 -2 -5    3   3   9  46   0   4  13   0   1   0   0   8   0   0   5   4   1   0   2   0  0.85 0.32
   72 H   -4 -4 -3 -5 -2 -3 -4 -5  9  0 -4 -5 -3  5 -6 -4 -3 -4  0  0    1   0   0   0   1   0   0   0  53   5   1   0   0  26   0   1   1   0   2   7  1.79 0.55
   73 D   -5 -5  0  8 -7 -3  0 -4 -2 -7 -7 -4 -7 -7 -5 -3 -4 -8 -5 -7    0   0   4  89   0   1   4   1   1   0   0   0   0   0   0   1   0   0   0   0  2.34 0.65
   74 I   -3 -6 -6 -6 -3 -5 -6 -6 -6  6  1 -5  0 -1 -6 -5 -3 -5 -4  5    1   0   0   0   0   0   0   0   0  44  12   0   1   2   0   0   0   0   0  40  1.26 0.42
   75 L   -4 -5 -6 -7  1 -5 -6 -7 -6  2  6 -5  3 -1 -6 -5 -4 -5 -4  0    0   0   0   0   2   0   0   0   0  10  76   0   7   1   0   0   0   0   0   3  1.39 0.45
   76 C   -2 -5 -5 -6  8 -5 -5 -5 -5  1  4 -5 -1 -1 -5 -2  1 -5 -4  1    3   0   0   0  30   0   0   0   0   6  38   0   1   2   0   3   8   0   0   9  1.03 0.36
   77 A    6 -5 -4 -5 -4 -4 -4  4 -5 -5 -5 -4 -5 -6 -4 -1 -4 -6 -5 -4   69   0   0   0   0   0   0  29   0   0   0   0   0   0   0   2   0   0   0   0  1.49 0.52
   78 G   -4 -6 -4 -5 -2 -6 -6  8 -6 -8 -8 -5 -7 -7 -6 -4 -5 -6 -7 -7    0   0   0   0   1   0   0  99   0   0   0   0   0   0   0   0   0   0   0   0  2.56 0.68
   79 F   -6 -7 -7 -8 -4 -7 -7 -7 -5 -4 -4 -7 -4  9 -8 -6 -5  0  0 -5    0   0   0   0   0   0   0   0   0   0   0   0   0  97   0   0   0   1   1   0  3.04 0.76
   80 P   -5 -6 -6 -6 -7 -6 -5 -6 -7 -7 -7 -5 -7 -8  9 -5 -5 -8 -7 -7    0   0   0   0   0   0   0   0   0   0   0   0   0   0 100   0   0   0   0   0  3.40 0.84
   81 C   -5 -8 -7 -8 12 -7 -8 -7 -8 -6 -6 -8 -6 -7 -1 -5 -5 -7 -7 -5    0   0   0   0  96   0   0   0   0   0   0   0   0   0   4   0   0   0   0   0  4.02 0.91
   82 Q   -5 -3 -4 -4 -7  9  0 -6 -4 -7 -6 -3 -5 -7 -3 -4 -3 -6 -6 -5    0   0   0   0   0  94   4   0   0   0   0   0   0   0   1   0   1   0   0   0  2.68 0.80
   83 A    4 -5 -5 -5 -5 -4 -4 -4 -5 -5 -5 -4 -5 -6  7  1  1 -6 -6 -4   32   0   0   0   0   0   0   0   0   0   0   0   0   0  51  10   7   0   0   0  1.56 0.51
   84 F   -6 -7 -7 -8 -6 -7 -7 -7 -5 -1 -3 -7 -4  9 -8 -6 -6 -3 -1 -5    0   0   0   0   0   0   0   0   0   4   0   0   0  96   0   0   0   0   0   0  2.99 0.76
   85 S   -3 -5 -3 -4 -5 -4 -4 -4 -5 -6 -6 -4 -5 -6 -5  7 -1 -7 -6 -6    0   0   0   0   0   0   0   0   0   0   0   0   0   0   0  99   1   0   0   0  2.25 0.73
   86 I   -3 -2 -3 -5 -4  1 -4 -6  1  6  2 -3  1 -2 -5 -3 -2 -4  0  1    0   3   2   0   0   8   0   0   4  50  16   1   2   0   0   2   1   0   4   8  0.76 0.32
   87 S    6 -5 -3 -5  3 -4 -4 -3 -5  0 -3 -4  0 -5 -4  2 -3 -6 -5 -2   69   0   1   0   5   0   0   1   0   7   1   0   3   0   0  12   0   0   0   2  1.16 0.46
   88 G   -1 -6 -4 -5 -6 -5 -6  8 -6 -7 -7 -5 -6 -7 -6 -4 -5 -6 -7 -7    4   0   0   0   0   0   0  96   0   0   0   0   0   0   0   0   0   0   0   0  2.44 0.65
   89 K   -2  1  0 -2 -4  0 -2 -4  0 -2  1  4 -2 -2 -4 -2 -2 -3  3  2    1   5   4   1   0   4   1   0   2   0  14  34   0   1   0   1   1   0  13  18  0.47 0.27
   90 Q   -3  5 -3 -3 -3  3 -2  0  0 -5 -3  3 -2 -5 -4  2 -2 -5 -4 -4    0  35   0   0   1  14   0   8   2   0   2  18   1   0   0  18   0   0   0   0  0.81 0.35
   91 K   -2  2 -2 -1 -4  2  1 -2  2 -4  0  5 -1 -5 -4 -3 -3 -5 -3 -4    2  11   1   2   0   8   9   3   5   0  10  48   1   0   0   0   0   0   0   0  0.75 0.33
   92 G   -3 -6  0 -5 -6 -5 -6  7 -6 -8 -7 -5 -6 -7 -6 -3 -5 -2 -7 -7    0   0   4   0   0   0   0  94   0   0   0   0   0   0   0   1   0   1   0   0  2.35 0.63
   93 F   -6 -7 -7 -7 -6 -7 -7 -7 -5  0 -1 -7 -2  9 -7 -6 -5 -1 -1 -3    0   0   0   0   0   0   0   0   0   6   6   0   1  86   0   0   0   1   0   1  2.44 0.65
   94 E    0 -1  2  2 -4  1  5 -3  0 -5 -2  0 -3 -4 -4  0 -2 -5 -3 -4    9   2  11  12   0   4  42   1   2   0   5   5   1   0   0   5   1   0   0   0  0.64 0.29
   95 D   -5 -5 -2  8  4 -3  1 -5 -1 -7 -7 -4 -6 -7 -5 -3 -4 -8 -6 -7    0   0   1  81   7   0   8   0   2   0   0   0   0   0   0   1   0   0   0   0  2.12 0.61
   96 S   -1 -3 -1  0 -3 -2  2 -4 -2  0 -4 -1 -3 -5  0  0  6 -5 -4 -2    4   0   2   4   0   1  17   0   1   7   0   4   0   0   4   6  49   0   0   1  0.74 0.36
   97 R   -5  7 -1 -5 -4  5 -2 -6 -4 -7 -6 -1 -5 -7 -5 -4 -4 -6 -5 -6    0  71   2   0   0  24   1   0   0   0   0   2   0   0   0   0   0   0   0   0  1.97 0.61
   98 G   -3 -5 -4 -1 -6 -5 -6  7 -6 -7 -7 -5 -6 -7 -6 -3 -5 -2 -7 -7    1   0   0   4   0   0   0  94   0   0   0   0   0   0   0   1   0   1   0   0  2.32 0.63
   99 T   -2 -3  2  0 -4  0 -2 -4 -4 -4 -4 -2 -1 -5 -4  0  7 -6 -5 -3    1   1  11   5   0   4   1   1   0   0   1   2   1   0   0   5  67   0   0   0  1.24 0.48
  100 L   -4 -5 -6 -7 -4 -5 -5 -7 -2  1  6 -6  3 -3 -6 -5 -4 -5 -4  0    1   0   0   0   0   0   0   0   1   6  82   0   6   0   0   0   0   0   0   4  1.49 0.48
  101 F   -6 -7 -7 -8 -6 -7 -7 -7 -5  0 -3 -7 -4  9 -8 -6 -6 -3 -1 -3    0   0   0   0   0   0   0   0   0   6   0   0   0  93   0   0   0   0   0   1  2.84 0.73
  102 F   -6 -6 -5 -5 -6 -4 -7 -7  0 -4 -3 -6 -2  9 -7 -6 -6  0  4 -5    0   0   1   1   0   1   0   0   2   0   1   0   1  82   0   0   0   1  11   0  2.43 0.65
  103 D   -1 -2  1  5 -4 -1  4 -3  1 -6 -6 -1 -5 -5 -3 -1 -2 -6 -1 -5    4   2   5  39   0   2  33   1   3   0   0   3   0   0   1   3   2   0   2   0  0.98 0.37
  104 I   -3 -5 -5 -6 -3 -5 -5 -6 -5  6  1 -5  1 -2 -5 -4  0 -5 -1  4    1   0   0   0   0   0   0   0   0  47  11   0   2   1   0   0   7   0   2  29  1.06 0.37
  105 A    4 -3 -4 -4  2  0  0 -3 -3  1  1 -3  2 -1 -4 -2 -2 -3 -3  1   42   0   0   0   5   4   6   0   0  10  14   1   5   2   0   1   0   0   0   9  0.44 0.25
  106 R   -4  7  0  0 -7  1  1 -5 -3 -6 -5  2 -4 -6 -5 -3 -3 -6 -5 -6    1  66   4   5   0   4  10   0   0   0   0   8   0   0   0   1   1   0   0   0  1.48 0.49
  107 I   -2 -6 -6 -6 -5 -6 -6 -7 -6  7 -1 -6  0  1 -6 -5 -3 -5  1  1    3   0   0   0   0   0   0   0   0  79   3   0   2   6   0   0   0   0   4   4  1.68 0.52
  108 V    0 -5 -5 -6  0 -5 -5 -5 -5  5  3 -5  0 -2 -5 -4 -2 -5 -4  2    9   0   0   0   2   0   0   0   0  39  32   0   2   1   0   0   1   0   0  15  0.88 0.33
  109 R    1  2  0  1 -5  2  2 -3  0 -4 -4  4 -3 -4 -3  0 -1 -5 -4 -3   11   9   3   9   0   7  15   1   2   0   0  32   0   0   0   6   2   0   0   1  0.51 0.25
  110 E    2  0 -1 -1 -3  0  3 -2  3 -1 -3  0 -3 -1 -3 -1 -1 -1  2  0   25   3   1   3   0   2  21   1   8   4   1   6   0   3   0   3   3   1   8   6  0.26 0.19
  111 K   -3  0 -2 -4 -4 -1 -3 -5  6 -2 -2  6 -1 -4 -4 -3 -2 -3 -3 -3    1   4   1   0   0   1   0   0  22   3   5  58   1   1   0   0   2   0   0   1  1.25 0.46
  112 K   -4  5  0 -4 -6  4 -1 -5 -1 -5 -5  5 -1 -6 -3 -3 -3 -6 -5 -5    0  36   3   0   0  18   1   0   1   0   0  37   2   0   1   1   0   0   0   0  1.23 0.44
  113 P   -4 -6 -5 -6 -7 -5 -5 -6 -6 -5 -6 -5 -6 -8  9 -4 -2 -8 -7 -4    0   0   0   0   0   0   0   0   0   1   1   0   0   0  94   0   2   0   0   1  3.03 0.78
  114 K    0  2 -2 -2 -5  1  0 -4 -2 -5 -4  6 -3 -4  0 -1 -3 -5 -2 -4    7  10   1   1   0   5   4   0   0   0   1  58   0   0   5   5   1   0   1   0  0.95 0.38
  115 V    4 -4 -4 -5  0 -4 -4 -3 -3  2 -1 -4  1  0 -4 -2 -2 -4  2  4   38   0   0   0   2   0   0   1   0  11   3   0   3   3   0   0   1   0   7  30  0.63 0.31
  116 V   -2 -6 -6 -6 -4 -6 -6 -6 -5  3  1 -6 -1  7 -6 -5 -4 -3 -1  3    3   0   0   0   0   0   0   0   0  19  11   0   1  47   0   0   0   0   0  18  1.22 0.40
  117 F   -4 -5 -6 -6 -4 -5 -6 -6 -5  2  4 -5  2  6 -6 -5 -4 -3 -1  1    0   0   0   0   0   0   0   0   0  11  36   0   4  38   0   0   0   0   0  11  1.13 0.38
  118 M   -3 -5 -7 -7  0 -5 -6 -6 -6  0  6 -6  1 -1 -6 -6 -4 -5 -4 -2    2   0   0   0   2   0   0   0   0   3  88   0   2   2   0   0   0   0   0   1  1.60 0.51
  119 E   -5 -4 -4  0 -8 -2  8 -6 -4 -7 -7 -3 -6 -7 -5 -4 -5 -7 -6 -7    0   0   0   4   0   0  96   0   0   0   0   0   0   0   0   0   0   0   0   0  2.44 0.73
  120 N   -6 -5  9 -3 -7 -4 -4 -5 -3 -8 -8 -4 -6 -7 -6 -3 -4 -8 -6 -7    0   0 100   0   0   0   0   0   0   0   0   0   0   0   0   0   0   0   0   0  2.99 0.81
  121 V   -4 -6 -7 -7 -4 -6 -6 -7 -7 -1 -1 -6 -3 -4 -6 -5 -4 -7 -5  8    0   0   0   0   0   0   0   0   0   0   4   0   0   0   0   0   0   0   0  96  2.18 0.65
  122 K   -2  2 -3 -4 -6 -1 -2 -5 -4 -6 -6  7 -3 -6 -1 -3 -3 -6  0 -5    3   9   1   0   0   1   1   0   0   0   0  76   0   0   3   1   1   0   4   0  1.57 0.53
  123 N   -3 -2  7 -3 -6  1 -3  4  3 -6 -6 -3 -5 -6 -5 -2 -1 -6 -4 -6    1   1  53   0   0   6   0  27   6   0   0   0   0   0   0   0   4   0   0   0  1.35 0.47
  124 F   -5 -5 -7 -7 -5 -5 -6 -7 -6  1  6 -6  1  1 -6 -6 -4 -5 -3 -2    0   0   0   0   0   0   0   0   0   5  86   0   3   6   0   0   0   0   0   0  1.61 0.51
  125 A   -1  1 -3 -3 -1  0 -1 -4 -2  1  2  2  0 -1 -4 -2  0 -3  1  3    5   7   0   0   1   4   4   0   0   8  19  17   2   1   0   0   4   0   5  24  0.24 0.17
  126 S   -2  1  3 -2 -4 -2 -2  1  1 -3 -5 -1 -4 -5 -4  4  2 -5 -3 -4    1   7  15   0   0   0   1  11   3   2   0   3   0   0   0  41  15   0   0   0  0.66 0.33
  127 H   -6 -4 -2 -5 -7 -3 -4 -6 11 -1 -4 -4 -3 -5 -6 -2 -6 -7 -2 -4    0   0   1   0   0   0   0   0  88   3   1   1   1   0   0   4   0   0   0   1  3.08 0.79
  128 D   -4 -3  3  8 -7 -1 -1 -4 -3 -7 -7 -3 -5 -7 -5 -3 -4 -8 -5 -7    1   1  15  77   0   3   2   0   0   0   0   1   0   0   0   0   0   0   0   0  1.98 0.59
  129 N   -3  1  3  0  1  1  0  1  3 -5 -5  5 -4 -4 -4 -2 -3 -5 -4 -5    0   7  14   4   4   7   3  10   6   0   0  43   0   0   0   1   0   0   0   0  0.76 0.33
  130 G   -3 -5 -3 -5 -6 -4 -5  7 -6 -7 -7 -3 -6 -7 -6 -3 -5 -6 -7 -5    0   0   1   0   0   0   0  95   0   0   0   1   0   0   0   1   0   0   0   1  2.34 0.63
  131 N   -3  4  5 -2 -6  0  1 -4  0 -5 -5  4 -4 -5 -4 -2 -3 -3 -2 -5    1  25  30   1   0   3   8   0   2   0   0  25   0   0   0   2   1   0   1   0  0.94 0.37
  132 T   -3 -5 -3 -5 -5 -5 -5 -5 -6 -2 -5 -5 -4 -6 -5 -1  8 -6 -5 -2    2   0   1   0   0   0   0   0   0   2   0   0   0   0   0   2  93   0   0   1  2.20 0.70
  133 L   -5 -6 -6 -7 -4 -6 -6 -6  1  0  3 -6  0  7 -6 -5 -5  0  1 -3    0   0   0   0   0   0   0   0   4   5  28   0   2  56   0   0   0   1   3   0  1.51 0.47
  134 E    0  3  1  0 -4  2  2 -2 -1 -4 -4  5 -3 -3 -3  0 -2 -3 -3 -4    7  14   5   5   0   7  10   2   1   0   0  40   0   1   0   5   1   0   0   0  0.63 0.28
  135 V   -3 -2 -4 -3 -4 -3 -3 -5 -4  3 -2 -2 -2 -3 -5 -2  4 -5 -2  5    1   2   0   1   0   0   1   0   0  19   1   2   0   1   0   1  27   0   1  43  0.86 0.37
  136 V   -4 -6 -7 -7 -5 -6 -7 -7 -7  8 -1 -6  2 -2 -6 -6 -4 -6 -5  1    1   0   0   0   0   0   0   0   0  85   1   0   5   1   0   0   0   0   0   6  1.97 0.58
  137 K   -2  1 -3 -3  0  0 -1 -4 -1  1  3  3  3 -2 -4 -2 -2 -3 -1 -1    1   8   0   0   2   3   4   0   2  10  33  21   8   0   0   1   2   0   2   3  0.37 0.22
  138 N   -1  1  3  2 -3  2  3 -1  1 -4 -4  2 -3 -3 -3  1 -1 -5 -1 -4    3   6  18  10   0   8  20   4   3   1   0  14   0   1   0   8   2   0   2   0  0.42 0.21
  139 T    2 -2 -1 -3 -2 -1  0 -3  0  1 -2 -1 -1 -2 -3  1  4 -4 -3  1   15   1   1   0   1   2   6   0   3   9   2   3   2   1   0   9  35   0   0  10  0.38 0.24
  140 M   -5 -5 -7 -7 -5 -5 -6 -7 -6  1  6 -6  1  2 -6 -6 -4 -4 -3 -2    0   0   0   0   0   0   0   0   0   6  84   0   2   9   0   0   0   0   0   0  1.57 0.50
  141 N   -3  0  1  3 -4  1  5 -3  0 -4 -4  1 -4 -5 -4 -1  1 -3 -3 -3    1   5   7  20   0   4  37   1   2   0   1   8   0   0   0   3   9   0   0   2  0.68 0.29
  142 E   -1 -1  1  3 -5  0  5 -2 -1 -5 -4  3 -3 -5 -3  0 -2 -5 -4 -5    3   2   6  14   0   3  44   2   1   0   1  16   1   0   0   6   2   0   0   0  0.78 0.33
  143 L    0 -1 -1 -5 -1 -3 -2 -5 -3  2  5 -4  0 -2 -5 -3 -2 -4 -2 -1    7   4   4   0   1   0   3   0   0  13  62   0   1   0   0   1   2   0   1   1  0.75 0.32
  144 D   -3 -5  3 -1 -5 -4 -3  7 -4 -7 -7 -3 -6 -7 -5 -3 -5 -6 -6 -7    0   0  13   4   0   0   1  80   0   0   0   1   0   0   0   0   0   0   0   0  1.86 0.54
  145 Y   -6 -6 -7 -8 -7 -6 -6 -8 -2 -6 -5 -6 -5 -1 -7 -6 -6 -2 10 -6    0   0   0   0   0   0   0   0   0   0   0   0   0   0   0   0   0   0 100   0  3.49 0.88
  146 S   -1 -1  1  2 -2  0  0 -3  3 -2 -2  1 -2  1 -3  1  1  1  2 -1    3   2   8  14   1   2   6   0  10   1   1  10   0   6   0  11   9   2   8   6  0.21 0.15
  147 F   -2 -5 -5 -6  1 -5 -5 -6 -5  4  0 -5 -1  3 -3 -4 -1 -4 -1  5    3   0   0   0   3   0   0   0   0  19   5   0   0  12   1   0   3   0   2  52  0.93 0.35
  148 H   -3  0  1  2 -3  0  1 -2  4 -3 -3  2 -3  2 -2 -1 -1 -1  4 -3    1   3   7  14   0   4   8   2  10   1   0  12   0  11   1   4   3   0  17   0  0.40 0.21
  149 A   -2 -3 -4 -2 -2 -3 -2 -5  3 -2 -4 -3 -3  2  2  0 -1  7  6 -3    3   1   0   2   1   1   2   0   7   2   0   1   0   6  10   9   4  15  35   2  0.99 0.37
  150 K   -1  2 -1 -1 -4  3  1 -3  1 -4 -3  5  0 -2 -4 -1 -1 -5 -4 -4    4   9   2   3   0  16   8   0   3   0   1  42   3   2   0   3   3   0   0   1  0.68 0.31
  151 V   -3 -5 -5 -6 -3 -5 -6 -6 -6  4  1 -5 -1 -3 -6 -5 -2 -6 -4  6    0   0   0   0   0   0   0   0   0  26  10   0   1   0   0   0   2   0   0  60  1.34 0.44
  152 L   -3 -3 -6 -6 -4 -5 -6 -6 -5  4  5 -5  2  0 -6 -5 -4 -4 -3  0    1   1   0   0   0   0   0   0   0  20  65   0   4   3   0   0   0   0   1   4  1.17 0.40
  153 N   -4 -1  7  4 -6 -3 -3 -4 -3 -6 -7  0 -6 -6 -5 -1 -3 -7 -6 -6    1   3  61  24   0   0   0   0   0   0   0   7   0   0   0   4   1   0   0   0  1.60 0.52
  154 A    5 -4 -3 -4 -2 -3 -4  2 -4 -5 -5 -3 -4 -5 -3  4  1 -6 -5 -4   46   0   0   0   0   0   0  12   0   0   0   0   0   0   1  34   7   0   0   0  1.00 0.42
  155 L    0  1 -2 -3  0  1 -1 -2 -3 -1  0  4  3 -3 -3  1 -1 -2 -1 -2    9   7   0   0   2   6   2   2   0   3   8  32  10   0   0  14   2   1   2   2  0.34 0.22
  156 D   -3 -3  3  6 -4 -2  1 -2  4 -5 -4 -2 -4 -1 -1 -1 -1 -5  1 -5    2   1  13  46   0   1   9   2  10   0   2   1   0   2   2   2   3   0   6   0  0.88 0.34
  157 Y   -4 -5 -6 -7 -4 -6 -6 -6 -1 -3 -2 -6 -3  8 -6 -5 -5  4  7 -3    1   0   0   0   0   0   0   0   1   1   2   0   0  54   0   0   0   5  33   1  1.99 0.56
  158 G   -2 -2  0 -2 -3 -2 -3  6 -3 -4 -4 -2 -3 -4 -3 -1 -2  0 -3 -3    2   2   4   2   0   2   1  70   0   1   2   2   0   1   1   3   2   1   1   1  1.19 0.32
  159 I   -2 -5 -6 -6 -2 -4 -5 -6 -6  3  3 -5 -1 -3 -5 -4 -1 -5 -3  5    2   0   0   0   1   0   0   0   0  18  25   0   0   0   0   1   3   0   0  51  1.04 0.37
  160 P   -1 -6 -6 -6 -7 -5 -5 -5 -6 -7 -7 -5 -6 -8  9 -4 -5 -8 -7 -6    6   0   0   0   0   0   0   0   0   0   0   0   0   0  93   0   0   0   0   0  3.03 0.77
  161 Q   -5 -3 -4 -4 -7  9 -2 -6  0 -7 -2 -3 -4 -7 -6 -4 -4 -6 -5 -6    0   0   0   0   0  93   0   0   2   0   4   0   0   0   0   0   1   0   0   0  2.64 0.80
  162 K   -2  0  6 -3 -5 -2 -3 -3  6 -4 -5  2  0 -4 -5 -1 -1 -6 -2 -4    3   4  45   0   0   1   0   1  21   1   0  13   3   1   0   4   2   0   1   1  1.11 0.42
  163 R   -5  9 -4 -6 -8 -3 -4 -6 -4 -5 -6 -2 -5 -7 -6 -5 -5 -7 -6 -7    0  99   0   0   0   0   0   0   0   1   0   0   0   0   0   0   0   0   0   0  2.81 0.77
  164 E   -4 -2 -1 -1 -7  1  7 -5 -3 -3 -2  0 -5 -6 -1 -3 -3 -6 -5 -4    1   1   2   1   0   4  76   0   0   2   4   4   0   0   3   0   1   0   0   1  1.48 0.52
  165 R   -5  9 -4 -6 -8 -3 -4 -6 -2 -7 -6 -2 -5 -7 -6 -5 -5 -7 -6 -7    0  99   0   0   0   0   0   0   1   0   0   0   0   0   0   0   0   0   0   0  2.82 0.77
  166 I   -3 -6 -6 -6 -1 -5 -6 -6 -6  6  1 -5 -2 -1 -5 -5  0  1 -4  4    1   0   0   0   1   0   0   0   0  58   8   0   0   2   0   0   5   2   0  23  1.24 0.42
  167 Y   -5 -5 -6 -7 -5 -5 -6 -7 -3  1 -2 -6 -1  6 -6 -5 -5 -2  8  1    0   0   0   0   0   0   0   0   0   9   2   0   1  29   0   0   0   0  50   9  1.74 0.53
  168 M   -4 -6 -6 -6  0 -6 -6 -7 -6  7  1 -6  4  1 -6 -5 -4 -5 -4  0    0   0   0   0   2   0   0   0   0  69  12   0  10   5   0   0   0   0   0   2  1.52 0.48
  169 I   -2 -6 -6 -6 -2 -6 -6 -6 -6  4 -1 -6 -2 -3 -6 -5 -3 -6 -4  7    2   0   0   0   1   0   0   0   0  19   2   0   0   0   0   0   0   0   0  74  1.60 0.51
  170 C    3 -5 -4 -5  4 -5 -5  6 -5 -6 -4 -5 -5 -6 -5 -3 -4 -2 -6 -5   22   0   0   0   9   0   0  66   0   0   1   0   0   0   0   0   0   1   0   0  1.56 0.49
  171 F   -5 -6 -4 -6 -2 -6 -6 -6  2  2 -1 -5 -2  8 -6 -4 -2  2  0 -2    0   0   1   0   1   0   0   0   5  13   3   0   0  68   0   1   2   2   1   2  1.69 0.50
  172 R   -3  7  0  2 -4 -1 -3 -5  0 -4  0  2 -4 -5 -5 -2 -4 -6 -3 -5    1  53   3  11   0   1   1   0   3   1  10  12   0   0   0   2   0   0   1   0  1.15 0.47
  173 N   -3  3  3  3 -5  0  2 -2 -2 -5 -5  4 -4 -6 -2 -1 -3 -6 -4 -5    0  13  14  15   0   2  12   3   1   0   0  31   0   0   2   4   1   0   0   0  0.74 0.34
  174 D   -2 -2  0  6 -5 -1  2 -1 -2 -4 -5  2 -4 -3  0 -1 -3 -6 -4 -4    2   2   4  44   0   3  11   5   1   1   1  15   0   1   5   3   1   0   1   1  0.85 0.36
  175 L   -1 -1 -1 -2 -2 -1 -1 -2 -1  2  2  0  0  1 -3 -1  0 -2  1  1    2   3   4   2   1   3   5   3   1  12  24   6   1   5   1   2   7   0   5  13  0.12 0.11
  176 N    0 -1  3  2 -2  0  0  1  1 -2 -2  1 -2 -1  0  0 -1 -2 -1 -2    9   3  16  13   1   2   4  12   3   3   3   8   1   2   5   7   3   0   2   2  0.19 0.12
  177 I   -1  0  0 -1  0 -2 -1 -2  1  1  0 -1 -1  3  0 -1  0  0  2  0    3   5   5   3   2   1   3   3   4  11   9   4   1  18   4   5   5   1   8   6  0.10 0.09
  178 Q   -1  1  1  3 -2  0  2 -1  1 -1 -2  2 -2 -1 -2  1  0 -4 -2 -2    5   7   6  16   1   3  12   3   4   4   2  13   1   3   1  10   6   0   1   3  0.19 0.12
  179 N   -1  0  3  2 -3  0  1  0  1 -2 -2  1 -2  0  0  0 -1  3 -1 -2    3   4  15  11   0   3  10   6   3   2   2  11   1   5   4   7   3   4   1   3  0.18 0.13
  180 F   -5 -4 -4  0 -6 -5 -3 -5 -5 -2 -2 -4 -3  9 -6 -5 -5 -3  1 -4    1   1   1   7   0   0   2   1   0   2   3   1   0  75   0   1   1   0   3   0  2.06 0.65
  181 Q   -1  0  1  2 -3  1  3 -3  0 -1 -3  1 -3 -2 -1  1  0 -4 -2 -1    3   3   7  12   1   5  21   1   2   3   2  11   0   2   3  13   7   0   1   4  0.27 0.18
  182 F   -5 -4 -5 -5 -1 -4 -5 -6 -4 -1  1 -4 -1  8 -5 -5 -3  5  3 -3    1   1   0   1   1   1   1   0   0   3  13   1   1  59   1   0   1   6   7   1  1.59 0.54
  183 P   -4  0 -2 -1 -6 -2 -2 -5 -5 -3 -2 -2 -5 -5  8 -3 -3 -7 -5 -4    1   5   2   4   0   2   3   0   0   2   4   2   0   1  69   2   2   0   0   1  1.84 0.63
  184 K   -1  0  0  1 -3  1  3 -3 -2 -1  0  3 -1  0 -2  0 -1 -4 -2 -2    3   3   4   8   0   6  19   1   0   4  10  23   1   4   2   5   3   0   1   3  0.27 0.19
  185 P   -2 -2 -2 -3 -5 -2 -1  0 -3  0 -2  2 -2 -2  6 -2 -2 -6 -4 -2    3   1   2   1   0   2   5   9   0   6   3  13   1   2  44   3   2   0   0   2  0.90 0.37
  186 F   -1 -1 -1 -1 -1  0  0 -2 -1  3  0  0  0 -1  3 -1  1 -4 -1  0    3   2   3   2   1   4   6   2   1  23   6   7   1   3  13   4  11   0   2   5  0.18 0.14
  187 E   -1  0  1  1 -3  1  2  0  0 -3 -3  3 -2 -3  3  0 -2 -5 -2 -3    3   4   7   8   1   4  16   6   2   2   1  22   1   1  12   5   2   0   1   1  0.36 0.21
  188 L   -1  0  0 -1 -1  0  0 -1  0  0  2  1 -1 -2  1  0  0 -2 -1 -1    3   6   5   3   1   4   7   5   2   5  26  10   0   1   6   6   7   0   1   3  0.07 0.09
  189 N   -2  1  1 -1 -4  0  0  0 -1 -2 -3  3 -1 -3  2  0  3 -3 -2 -2    2   8   8   3   0   3   6   6   1   3   1  18   1   1   9   5  21   0   1   2  0.28 0.20
  190 T   -1  0 -2 -3 -3 -1 -2 -3 -2  0 -2  3 -1 -2  4  0  3 -3 -1  1    3   5   2   0   0   2   1   1   1   7   3  18   1   1  18   5  19   0   2  10  0.39 0.24
  191 F   -1  2  0 -2  0  0 -2 -2  0 -1 -2  2 -2 -1  0  1  2 -4  1  0    4  10   4   2   2   3   1   2   2   3   2  16   0   3   5  10  18   0   6   7  0.20 0.17
  192 V   -3 -4 -3 -4 -4 -4 -5 -4 -5  4  4 -4  2  1 -3 -4 -2 -4 -3  2    1   0   1   1   0   0   0   1   0  20  44   0   5   7   1   1   2   0   0  14  0.80 0.34
  193 K    0  2  0 -1 -3  0  1  2  1 -2 -3  3 -3 -3 -3  1 -1 -4 -2 -3    6  12   3   3   0   3  11  17   4   2   1  17   0   1   1  13   2   0   1   2  0.29 0.19
  194 D   -3 -3  1  7 -6 -1  2 -4 -1 -3 -5 -2 -6 -6 -4  1 -1 -4 -3 -5    1   1   6  56   0   2  10   0   2   2   1   2   0   0   0  11   4   0   1   0  1.24 0.49
  195 L   -3 -6 -6 -6 -2 -4 -6 -6 -3  6  1 -5 -1  3 -3 -4 -3 -4  2  2    2   0   0   0   1   1   0   0   1  48  12   0   1  10   2   1   1   0   6  14  1.00 0.40
  196 L   -5 -3 -4 -5 -3 -5 -6 -4 -2  3  6 -3  0 -1 -6 -5 -4 -3 -3 -1    0   2   1   1   1   0   0   1   1  15  67   2   1   3   0   1   0   0   1   3  1.25 0.50
  197 L   -4 -3 -2  4 -3  1  5 -4  3 -2  0 -3 -4 -4 -2 -3 -4 -6 -5 -3    0   1   2  21   1   4  43   1   8   3  10   1   0   1   2   1   1   0   0   2  0.95 0.45
  198 P   -2  0  0  1 -2 -1  1 -3 -1 -3 -3  3 -2  1  4  0  0 -5 -2 -3    3   4   4   7   1   2   9   2   1   1   2  19   1   6  23   6   7   0   1   1  0.43 0.25
  199 D   -3 -2  3  4 -3  0  3 -2  1 -3 -3  1 -4 -3 -3  0  0 -4 -4 -3    2   1  16  22   1   4  20   3   3   2   3   9   0   1   1   6   5   0   0   1  0.53 0.28
  200 S   -1 -2  2  1 -3 -2  1  0 -1 -1 -2  0 -3 -3  1  1 -1 -5 -3  3    4   1   9   9   0   1   8   7   1   3   2   5   0   1   7  11   4   0   0  28  0.25 0.21
  201 E   -2 -2  1  4 -2  1  3  0 -2 -3 -4  1 -4 -5  1  0 -1 -5 -4 -1    2   1   5  26   1   5  18   8   1   1   1   8   0   0   6   6   3   0   0   6  0.45 0.26
  202 V    0 -1  0  2 -2  0  2  0 -2 -1 -1  0 -1 -1  1  1  1 -3 -1  0    7   2   3  11   1   2  13   6   0   4   5   7   1   3   7   9   9   0   1   9  0.10 0.09
  203 E   -2  0 -1  3 -4 -1  3 -2 -2 -3 -3  4 -3 -3  0 -1 -2  0 -1 -3    3   4   3  15   0   2  22   2   1   1   2  26   1   1   4   5   2   1   3   2  0.50 0.28
  204 H   -2 -1 -1  0 -3 -1  1 -3  2 -2 -1  0 -3  2  1  0 -2 -1  6 -2    3   3   3   6   0   3   8   1   6   2   5   6   0   7   7   6   2   0  30   2  0.51 0.27
  205 L   -1 -1 -1 -2 -2 -1 -2 -3 -1  1  1  0  0  2 -1 -1  2 -1  4  0    3   3   2   2   1   2   2   2   1   9  14   7   1   9   3   3  16   1  14   4  0.19 0.15
  206 V   -1 -3 -2 -2 -1 -2  0 -4 -2  2  2 -2 -2  1 -1 -1 -2 -2  5  1    4   1   1   3   1   1   6   1   1  14  21   2   0   4   3   4   2   0  21   9  0.36 0.21
  207 I   -2 -1 -1 -1 -3 -1  0 -2 -1  0 -1  0 -2 -1  1  3  1  0  4 -1    2   3   3   2   0   2   6   3   1   7   6   5   1   2   6  23  10   1  15   4  0.24 0.19
  208 D   -2 -1  1  4 -3  0  1 -2  2 -2 -2  1 -3 -3  1  0 -1  1  2 -2    3   2   5  25   0   4  10   3   6   2   4   8   0   0   7   6   3   2   7   3  0.31 0.19
  209 R   -1  3  0  0 -4  0  1  0  0 -3 -2  3 -2 -3 -1  0  0 -4 -1 -2    4  17   4   5   0   2   7   8   2   2   5  21   1   1   3   8   7   0   2   2  0.26 0.17
  210 K   -1 -1 -1  2 -3  0  1 -1 -1 -1  1  1 -1 -1  1  0  0 -3  1 -1    5   2   3  12   0   5   7   5   1   3  17  12   1   1   6   5   6   0   7   2  0.10 0.10
  211 D   -2  0  0  2 -4 -1  0  0 -1 -2 -3  3 -3 -2 -2 -1  0  7  2 -3    3   4   4  14   0   2   6   8   1   2   2  17   1   2   2   3   6  17   6   1  0.51 0.25
  212 L   -1  1  0 -1 -2  0  0 -2 -1  1  0  1  0  1 -2 -1  0  1  4 -1    3   7   5   3   1   3   5   2   1   9  12  12   3   5   2   4   5   2  16   3  0.15 0.13
  213 V   -2  0 -2 -3 -3 -1 -3  0 -1  1 -2 -1 -1  1 -3 -2  1  1  6  0    3   6   2   1   0   3   2   6   1   8   4   4   1   6   1   3  10   2  29   8  0.45 0.26
  214 M   -2 -1 -1 -1 -2 -1 -1 -3  2  1  3 -1 -1  2 -1 -2  0 -2  3 -1    2   3   2   3   1   3   3   2   5   8  30   4   1   9   3   3   7   0   9   2  0.24 0.17
  215 T   -1  0 -1  0 -3  2  0 -2  0  0  0  1 -2  1 -2  1  1 -1  2 -2    3   4   3   5   0  12   4   2   2   6  11   8   0   7   2  11  11   1   8   1  0.13 0.13
  216 N   -1  2  3  2 -3  0  0 -1  2 -3 -2  2 -2 -2  0  0  0  0  1 -3    3  13  14  10   0   2   4   4   6   1   3  11   0   2   5   7   5   1   5   1  0.24 0.16
  217 Q   -2  2  0  1 -3  1  0 -2  1 -2 -2  3 -2 -2  1 -1 -1 -2  3 -2    2  13   5  10   1   6   6   3   3   2   5  17   1   1   6   3   3   1  12   2  0.27 0.18
  218 E    0  0 -1  0 -4  0  2 -2  2 -2  1  3  0 -2 -2  0 -1 -3  1 -2    8   4   3   6   0   3  13   2   5   2  14  20   2   1   1   5   3   0   6   2  0.19 0.15
  219 I   -1 -1 -1 -2 -1 -2 -1 -2 -3  2  1  2 -1  0  0 -2 -2  5  1  0    6   3   3   2   2   1   3   3   0  14  17  15   1   3   5   2   2   9   4   6  0.24 0.16
  220 E    0  0  1  1 -4  1  3 -3  1 -3 -2  2 -1 -3 -3 -1 -1  5 -1 -3    7   3   8   6   0   6  20   1   4   1   4  15   2   1   1   4   3   9   2   2  0.39 0.23
  221 Q   -1  1  1 -1 -4  2  1 -1  4 -2 -3  2  0 -1 -2  0  1 -3  3 -2    3   6   6   3   0  10   7   5  12   2   1  13   3   2   1   6   8   0   9   3  0.27 0.18
  222 T   -1  0  0 -1 -3  0  0 -1  1 -1  1  2 -1 -1 -2 -1  0 -3  3 -2    5   5   5   4   0   4   5   5   4   4  18  14   1   1   1   3   7   0  11   2  0.13 0.13
  223 T    0  1  0 -1 -3  2  0 -1  1  0  0  2  0 -2 -2  0 -1 -3  0  0    6   9   3   2   0  10   6   4   5   7   9  13   2   1   2   7   4   0   4   7  0.09 0.09
  224 P    0  0  2  0 -3  2  0  0 -1 -1 -2  3  0 -3  1  0  0 -3 -1 -2    6   5  10   4   0   9   6   8   1   3   5  17   2   1   7   4   5   0   2   3  0.17 0.13
  225 K   -1  2  2  1 -3  0  1 -2  2 -3 -2  3 -3 -2 -2 -1 -1 -3  3 -3    4   9  12   7   0   3   8   3   5   1   3  21   0   2   2   4   3   0  10   1  0.31 0.18
  226 T    0  1 -1 -1 -2  0  0  0  0  0 -1  1  0 -1  1  0  1 -1  1  0    8   7   3   3   1   4   4   7   3   6   6  10   4   2   7   5   9   1   5   5  0.05 0.04
  227 V    1  0  1  0 -2  0  0 -1 -1  1  0  0  0  0  0  0  0 -2  0  0   12   3   7   5   1   4   7   3   1  11   7   8   2   5   4   4   5   0   5   7  0.02 0.03
  228 R   -1  3  0 -1 -3  1  1  0 -1 -1 -3  3 -2 -2 -2  1  0 -1  1 -2    5  17   3   4   1   5   7   8   1   4   2  16   1   2   1   9   7   1   5   3  0.21 0.14
  229 L   -1 -1  0 -2 -3  0  0 -1  4  2  0  1  0  1 -1 -2 -2 -2  1  0    4   3   4   2   1   5   6   4  14  12   8  10   2   7   2   2   2   0   6   7  0.16 0.12
  230 G    0  0  2  1 -2 -1  0  2  4 -2 -2  1 -2 -3 -1  0 -1  3 -2 -2    6   6   8   7   1   2   7  17  11   2   4   8   1   1   3   6   3   4   1   3  0.22 0.13
  231 I    1  1  0 -1 -2  0  0  0  1  0  0  0  0 -1 -1  0  1 -1  0  0   12   8   3   3   0   4   6   8   4   8   8   5   2   3   1   6   9   1   4   4  0.03 0.04
  232 V    1 -1 -1 -2 -2 -1  0 -1 -2  1 -1  1 -1  0 -2  0 -1  0  1  1   16   3   3   2   0   2   7   5   1  10   6  10   1   5   2   6   3   1   4  14  0.07 0.08
  233 G   -1  1  3  0 -3 -1 -2  3  0 -3 -3  1 -3 -1 -3 -1 -2 -3  2 -2    6   6  12   5   0   2   2  27   2   2   2  10   1   2   1   4   2   0   9   4  0.34 0.20
  234 K   -2 -1  1 -2  1  2 -1  3  0 -2 -2  2 -1 -1  0  0  0 -2  0 -1    2   2   6   2   3  10   2  22   2   2   3  16   1   3   5   6   7   0   3   4  0.24 0.16
  235 G   -2 -2  5  0 -1 -3 -3  3  2 -2 -3 -1 -4 -1 -4 -1 -1  4 -1 -2    3   2  28   4   1   1   1  24   5   2   3   4   0   2   1   4   3   6   2   3  0.64 0.33
  236 G   -3  3 -2 -1 -5 -2 -3  5 -1 -2 -3 -1 -2  1 -4 -2 -3 -4  2 -4    2  14   2   3   0   1   1  46   2   3   3   3   1   7   1   2   2   0   6   1  0.79 0.37
  237 Q   -3  2  0 -2 -6  5 -3 -1 -1 -4 -4 -1  3  6 -3 -2 -3 -3 -1 -5    2  12   4   2   0  22   1   5   1   0   1   3   7  30   2   3   2   0   1   0  0.89 0.45
  238 G   -1 -2 -1 -1 -1  1 -3  5 -1 -3 -4 -2 -3 -2  2 -1 -2  4  0 -3    5   2   3   3   1   7   1  42   2   1   1   2   1   1   9   4   2   6   4   2  0.70 0.35
  239 E   -2  3  1 -3 -4  0  1 -2 -1 -4 -4 -2 -3  3 -4  0 -3 -3  6 -3    3  16   7   1   0   4  11   4   1   1   1   2   1  13   1   6   1   0  26   1  0.70 0.37
  240 R   -2  4 -1 -2 -1 -2  0  2 -2 -1 -1  1 -2 -3 -1  0 -2 -5 -3  1    2  26   3   2   1   1   6  17   1   3   5   7   1   1   3   7   2   0   1  12  0.37 0.24
  241 I   -3  1 -1 -3 -3 -2 -3 -3 -3  4  2 -2  1 -1 -4 -1 -1  0 -2  2    1   9   3   1   0   2   1   2   0  24  23   3   3   2   1   6   3   1   1  13  0.40 0.23
  242 Y   -1 -1 -1  0 -2 -2  1 -3  1  1 -2 -1 -2  2 -3 -2 -1  0  6  2    5   3   3   6   1   1  10   1   3   7   2   4   1   9   1   3   3   1  24  13  0.43 0.25
  243 S   -3 -1  4  3 -4 -2 -1  0  0 -3 -4 -1 -3 -4  0  3 -1  0  0 -2    1   3  22  15   0   1   4   8   2   2   2   3   0   1   4  20   4   2   3   3  0.46 0.29
  244 T   -1 -1  0  0 -3 -1 -1 -3 -1  0 -1  3 -2 -4  4  0  1  1 -2 -1    5   3   4   6   0   2   4   2   2   6   5  17   1   1  20   5  11   2   1   4  0.31 0.22
  245 R   -3  3  3  3 -5 -1  1 -3 -2 -5 -4  2 -4 -3 -4  3 -2 -6 -1 -4    1  16  15  18   0   2   7   2   1   1   2  10   0   1   0  19   2   0   2   1  0.60 0.35
  246 G   -2 -4  3  1 -5 -1 -1  4 -3 -5 -5 -1 -3 -5 -1  0  3 -3 -4 -4    3   0  14   7   0   3   5  34   0   0   1   4   1   0   3   5  16   0   0   1  0.67 0.37
  247 I   -3 -4 -2 -3 -2 -4 -3 -3  2  4  2 -2 -1 -1  0 -2 -1 -2  1  3    1   1   2   1   1   0   1   3   4  20  22   2   1   2   4   3   3   1   4  24  0.49 0.27
  248 A    3 -4 -2 -2  5 -3 -3 -3  2 -2 -3 -3 -3 -2 -3  4  1 -6 -3  0   23   1   2   2  12   1   1   1   5   2   2   1   1   2   1  27  10   0   1   7  0.64 0.37
  249 I    1  3  1 -3 -2 -3 -4 -2 -2  2 -1 -2 -4 -1  5 -1 -3 -6 -2 -1   14  14   8   1   1   1   0   3   1  11   5   2   0   3  26   3   1   0   2   4  0.54 0.33
  250 T   -2  3 -3 -1  1 -4 -4 -5 -3 -5 -6 -3 -6 -6 -3  0  7 -7 -5 -4    4  15   1   3   3   1   1   1   1   0   1   1   0   0   1   6  60   0   0   1  1.48 0.69
  251 L   -2 -5 -4 -5 -2 -3 -5 -7 -3  3  5 -2 -1 -1 -3 -3 -3 -5  4 -1    4   0   1   0   1   1   1   0   0  14  49   2   1   2   1   2   1   0  15   3  0.94 0.45
  252 S   -2  2 -3 -2 -1 -3 -3 -2  2 -4 -3 -3 -2 -4  0  3  3 -4  3  0    3   9   1   2   1   0   1   3   6   0   3   1   1   0   5  24  20   0  11   7  0.50 0.35
  253 A    5 -2 -4 -3  0 -3 -3 -3 -4 -1 -2  2 -4 -3 -1  0  1 -6  0 -2   44   1   1   1   2   1   2   1   0   3   3  14   0   1   3   7   9   0   3   3  0.66 0.39
  254 Y   -4  3  4  3 -6  0 -3  0 -1 -5 -4 -2 -1 -3 -3  0  0 -1  4 -5    1  18  18  16   0   4   1   7   1   0   2   2   2   1   1   6   7   1  14   0  0.61 0.36
  255 G   -2 -1 -1 -2 -5  0 -2  4 -3 -4 -4  0  6 -3 -2  0 -2 -4  4 -4    3   3   2   2   0   4   3  29   0   0   1   7  17   1   2   8   2   0  15   1  0.70 0.40
  256 G   -1 -2 -3  0  2 -4 -4  4  3 -4 -5 -2  1 -1 -1  3 -3 -3  3 -5    5   3   1   5   5   0   0  30   6   1   1   2   4   3   3  20   1   0   9   0  0.62 0.36
  257 G    0 -2 -2 -4 -4 -2  3  3 -4 -5 -5  3 -2 -6 -4  0  3 -6 -5 -4    6   2   2   0   0   1  22  20   0   0   0  17   1   0   0   8  19   0   0   1  0.68 0.40
  258 I   -2 -3 -4  2  1 -3 -4  2 -3  4  0 -3  0 -2  2 -1 -3  0 -2 -1    2   1   0  10   2   1   0  17   1  28   7   2   2   2  11   6   1   2   1   4  0.44 0.28
  259 F   -1  1 -3 -4 -4  0 -1  4 -4  0  2 -2 -2  2 -3 -2 -1 -1 -1 -1    5   8   1   0   0   4   4  28   0   4  22   2   0   8   1   2   3   1   2   5  0.37 0.25
  260 A    1 -1 -1 -3 -3  0 -3 -2  5  3 -2 -2 -1 -2 -3  1  1 -5 -2  1   13   3   3   1   0   4   1   2  14  19   2   2   2   1   1  11   9   0   1   9  0.36 0.24
  261 K   -3  1  4  2 -3 -2  2 -1  2 -4 -1  2 -3 -1 -2  0 -3 -3  1 -4    2   6  21  10   1   1  14   5   4   0   7  11   0   2   2   7   1   0   5   1  0.38 0.25
  262 T   -1  2 -3 -2 -1  3 -3 -3 -4  4 -3 -2 -3 -4 -4 -2  2  0 -4  3    5  13   1   2   2  15   1   3   0  20   1   1   0   0   0   3  14   1   0  18  0.55 0.34
  263 G   -3 -3 -2  1 -2 -2 -3  4  1 -4  0  1 -4 -2  4 -1 -1 -5 -3 -3    1   1   1   9   1   1   1  29   3   1  11   8   0   1  19   5   3   0   1   2  0.54 0.31
  264 G   -1 -2  0 -1 -2  0  0  2 -1  2  1 -2 -1 -2 -1 -2  0  4  1 -1    4   2   5   3   1   5   7  17   2  13  14   1   1   1   3   2   5   6   4   4  0.15 0.13
  265 Y   -1  0 -2  0 -2 -2  1 -3 -1  2 -2  0 -2  0  0 -1 -2 -1  5 -1    5   5   1   6   1   1  11   2   1  14   4   5   0   4   5   4   2   1  24   4  0.38 0.24
  266 L   -3  0  2 -2  1  2 -2 -3  1  1  2  0  1 -2 -2 -2 -1 -3  0  1    1   4  10   2   3  10   2   1   3   7  23   7   4   1   2   1   3   0   3  12  0.21 0.17
  267 V   -2 -1  2  1 -3  1  0 -3  1  2  0  1 -1 -3 -1 -1  1  0 -2  1    2   3  11  10   0   6   5   1   4  11  10  10   1   1   3   3   9   2   1   9  0.15 0.13
  268 N   -2  1  4  3 -4  0 -1  2 -1 -3 -4  1 -4 -4  0 -1 -2 -5 -4  0    2   6  19  15   0   4   4  18   1   2   2  10   0   0   4   3   1   0   1   7  0.42 0.26
  269 G   -3  0  3  0 -5  0  1  3  0 -2 -3  3 -2  0 -4 -2 -3 -3  0 -4    1   5  13   5   0   3   8  24   2   3   3  20   1   4   1   2   1   0   4   0  0.44 0.28
  270 K   -3  4  4 -2 -6  0  1  3 -3 -5 -5  2 -4 -5 -4 -3 -3 -2 -3 -5    1  20  19   2   0   3   9  24   0   1   1  14   0   0   1   1   1   1   1   1  0.76 0.40
  271 T   -5 -4 -4 -6 -5 -5 -1 -6 -6  5 -2 -3 -3 -1  6 -5  0 -4 -3  2    0   1   1   0   0   0   4   0   0  33   2   2   1   2  32   0   5   0   1  14  1.20 0.56
  272 R   -8  9 -7 -7 -10 -5 -6 -9 -2 -7 -9 -2 -4 -9 -9 -7 -6 -9 -4 -9    0  95   0   0   0   0   0   0   1   0   0   2   0   0   0   0   0   0   1   0  3.23 1.17
  273 K   -6  6 -4 -5 -8 -3 -4 -7  0 -6 -3  6 -1 -5 -2 -5 -2 -8 -3 -4    0  36   0   0   0   1   0   0   3   0   4  46   2   0   3   0   3   0   1   1  1.60 0.71
  274 L   -7 -8 -9 -7 -7 -7 -8 -9 -8  1  6 -8  4  0 -4 -8 -7 -7 -5 -4    0   0   0   0   0   0   0   0   0   6  80   0   8   3   1   0   0   0   0   0  2.00 0.79
  275 H   -4 -6 -2 -6 -7 -5 -7 -6  2 -7 -6 -5 -3 -8 -7  2  8 -8 -7 -6    1   0   2   0   0   0   0   0   4   0   0   0   1   0   0  12  78   0   0   0  2.23 0.96
  276 P   -3 -8 -7 -6 -8 -5 -1 -3 -8 -1 -2 -5 -5 -7  8 -3 -3 -9 -8 -1    2   0   0   0   0   0   5   3   0   4   4   1   0   0  71   2   1   0   0   5  2.10 0.88
  277 R   -6  7  0 -4 -8 -2 -2 -7 -1 -4 -1  2 -1 -6 -6 -5 -2 -7 -1 -3    0  60   5   1   0   2   3   0   1   1   6  10   2   0   0   0   3   0   3   2  1.50 0.67
  278 E   -7 -7 -7 -4 -10 -4  8 -9 -7 -10 -7 -6 -9 -10 -8 -7 -7 -10 -6 -9    0   0   0   0   0   0  98   0   0   0   1   0   0   0   0   0   0   0   0   0  3.15 1.21
  279 C    1 -7 -4 -9 11 -8 -9 -4 -8 -5 -4 -8  3 -7 -8 -3 -1  5 -1 -6   12   0   1   0  61   0   0   2   0   1   1   0   6   0   0   2   4   7   3   0  2.60 0.94
  280 A    5 -1 -6 -6 -3 -4 -3 -3 -6 -5  1  0 -3  3 -6 -2 -5  4  0 -5   46   4   0   0   1   0   2   2   0   0  15   7   1  13   0   2   0   5   3   0  0.91 0.50
  281 R   -2  8  2 -5 -9 -2 -6 -7 -6 -7 -2  1 -5 -7 -8 -4 -6 -6 -4 -7    3  72  10   0   0   1   0   0   0   0   5   6   0   0   0   1   0   0   1   0  2.09 0.85
  282 V   -3 -7 -8 -9 -6 -7 -8 -8 -8  3  6 -7  1  1 -8 -5 -4 -7 -6 -1    2   0   0   0   0   0   0   0   0  14  69   0   3   6   0   1   1   0   0   4  1.62 0.66
  283 M   -7 -5 -6 -7 -9  8 -5 -9 -6 -7 -3 -6  8 -5 -8 -6 -7 -8 -4 -7    0   0   0   0   0  63   0   0   0   0   2   0  33   1   0   0   0   0   1   0  2.87 1.15
  284 G   -6 -7 -7 -8 -9 -8 -8  8 -3 -10 -10 -7 -9 -9 -8 -4 -4 -3 -9 -9    0   0   0   0   0   0   0  96   1   0   0   0   0   0   0   1   1   0   0   0  2.91 1.06
  285 Y   -9 -9 -9 -10 -9 -9 -6 -10 -7 -7 -5 -9 -6  9 -10 -9 -8 -5  5 -7    0   0   0   0   0   0   1   0   0   0   1   0   0  83   0   0   0   0  15   0  3.31 1.13
  286 P   -6 -6 -2  1 -9 -6 -1 -5 -4 -8 -9 -5 -9 -10  8 -2 -5 -10 -9 -8    0   0   2   6   0   0   4   1   1   0   0   1   0   0  81   3   1   0   0   0  2.68 1.05
  287 D   -4 -1  0  6 -5 -2  3 -4 -5 -6 -7  3 -4 -7 -4 -1 -4 -8 -7 -6    1   3   3  46   0   1  19   1   0   0   0  15   0   0   1   5   1   0   0   0  1.28 0.60
  288 S   -4 -2  3  4 -5 -2  2 -2 -2 -6 -7 -1 -6 -5 -4  2  1  4 -5 -3    1   2  14  25   0   1  14   3   1   0   0   4   0   0   1  18   8   5   0   2  0.74 0.43
  289 Y   -6 -8 -8 -9 -6 -8 -9 -9  0 -4 -3 -7 -4  9 -9 -8 -8  5  5 -7    0   0   0   0   0   0   0   0   2   1   2   0   0  69   0   0   0   7  17   0  2.74 0.98
  290 K   -3  2 -1 -2 -6  1  0 -6 -2  2 -3  5 -3 -5 -3 -3 -1 -4 -3  1    2  11   2   2   0   6   7   0   1  14   2  37   0   0   1   1   4   0   1   9  0.70 0.41
  291 V   -3 -4 -6 -7 -6 -2 -2 -6 -6  6  3 -1  0  3 -3 -4 -4 -6 -2  0    2   1   0   0   0   2   3   0   0  43  22   4   2  12   1   1   1   0   1   5  1.00 0.46
  292 H   -3 -5  0  0 -3 -4 -3 -2  1 -1 -5 -1 -5 -7  7 -2 -2 -8 -4  2    2   0   5   5   1   1   2   3   3   3   1   4   0   0  49   3   3   0   1  15  1.22 0.59
  293 P   -3 -6  1 -3 -1 -4 -2  0 -6  2 -2 -3 -1 -4  0 -2 -3 -7 -5  6    2   0   6   2   1   1   4   6   0  10   3   1   2   1   5   4   1   0   0  53  0.89 0.47
  294 S    1 -5  1 -2 -5 -5 -5 -4 -5 -7 -6 -3 -7 -8 -1  7 -2 -8 -7 -4   12   1   6   2   0   0   0   1   0   0   1   1   0   0   3  69   2   0   0   1  1.62 0.78
  295 T   -3  0  4  6 -7 -1  0 -6 -1 -2 -4  1 -3 -5 -4 -3 -1 -6  1 -4    2   6  17  43   0   2   4   0   1   2   2   8   1   0   1   1   4   0   4   1  0.98 0.49
  296 S    1 -3  1 -5 -1 -3 -4  0 -2 -4 -6 -1 -3 -7 -5  3  5 -7 -5 -2   10   1   7   0   1   1   1   8   1   1   0   4   1   0   0  23  39   0   0   3  0.92 0.53
  297 Q   -1  0 -1 -3 -8  8 -1 -7  3 -5 -7  0 -4 -8 -4 -1 -2 -8 -4 -6    6   4   3   1   0  61   4   0   7   1   0   5   0   0   1   4   2   0   1   0  1.70 0.79
  298 A    5 -2 -4 -6 -1 -1 -5 -3 -6  0  3 -3  2 -4 -6 -1 -3 -6 -6 -2   48   2   1   0   1   3   0   1   0   4  25   2   5   1   0   5   1   0   0   2  0.90 0.50
  299 Y   -8  0 -8 -7 -5 -4 -8 -9 -5 -3 -3 -4  0 -2 -9 -8 -8  0 10 -7    0   6   0   0   0   1   0   0   0   1   3   1   2   1   0   0   0   1  82   0  3.07 1.13
  300 K   -4  4 -4 -6 -8 -2 -3 -7 -2 -3 -7  7 -1 -8 -7 -2 -5 -8 -5 -7    1  22   1   0   0   2   1   0   1   2   0  65   2   0   0   3   0   0   0   0  1.92 0.81
  301 Q   -7 -2 -7 -7 -5  9 -3 -8 -6 -9 -3 -5 -2 -9 -8 -7 -7 -8 -8 -6    0   2   0   0   0  91   1   0   0   0   4   0   1   0   0   0   0   0   0   1  3.18 1.25
  302 F    3 -7 -7 -8  0 -7 -7 -6 -6  2  1 -7  0  7 -7 -4 -2 -5 -3 -2   23   0   0   0   2   0   0   0   0  11  13   0   2  44   0   1   2   0   0   2  1.36 0.60
  303 G   -2 -8 -6 -7 -9 -8 -8  8 -8 -10 -10 -8 -9 -9 -8 -4 -8 -3 -9 -9    3   0   0   0   0   0   0  96   0   0   0   0   0   0   0   1   0   1   0   0  2.92 1.06
  304 N   -8 -7  9 -3 -9 -6 -7 -7 -5 -10 -10 -7 -9 -10 -9 -6 -7 -11 -9 -10    0   0  99   1   0   0   0   0   0   0   0   0   0   0   0   0   0   0   0   0  3.62 1.29
  305 S    3 -7 -5 -6 -5 -6 -6 -5 -7 -8 -8 -6 -7 -8 -7  7 -2 -9 -8 -7   21   0   0   0   0   0   0   0   0   0   0   0   0   0   0  76   2   0   0   0  2.16 0.95
  306 V   -5 -8 -9 -9 -7 -8 -8 -9 -9  0 -4 -8  1 -7 -8 -8 -6 -9 -7  8    0   0   0   0   0   0   0   0   0   4   0   0   3   0   0   0   0   0   0  92  2.68 0.99
  307 V    3 -6 -4 -6  5 -5 -6 -6 -6 -1 -5 -5 -5 -6  0  2  3 -7 -6  4   21   0   1   0  10   0   0   0   0   3   0   0   0   0   6  12  20   0   0  26  0.92 0.51
  308 I   -4 -7 -8 -8 -6 -7 -8 -8 -8  3 -4 -7  2 -6  0 -6 -2 -8 -5  7    1   0   0   0   0   0   0   0   0  11   1   0   5   0   5   0   2   0   0  74  2.00 0.80
  309 N   -5 -7  4  0 -8 -6 -4 -7 -5 -5 -6 -3 -8 -9  8 -1 -1 -9 -7 -7    0   0  17   6   0   0   1   0   0   1   1   2   0   0  63   4   4   0   0   0  2.05 0.85
  310 V   -1 -7 -6 -8 -1 -6 -7 -8 -8  0  0 -6  4 -4 -6 -6 -4 -8 -6  7    6   0   0   0   1   0   0   0   0   3   8   0   9   0   0   0   1   0   0  70  1.79 0.73
  311 L   -1 -7 -8 -8 -6 -7 -7 -6 -8  7 -1 -7  1  1 -7 -3 -4 -7 -5  4    6   0   0   0   0   0   0   0   0  54   4   0   4   6   0   2   1   0   0  23  1.54 0.62
  312 Q   -1  2 -1 -1 -6  3  4 -3  0 -5 -6  4 -4 -4 -5 -1 -1 -6  1 -5    6  12   2   3   0  12  25   2   2   1   0  22   0   1   0   4   3   0   5   0  0.69 0.40
  313 Y    5  3 -2 -3 -4 -1  2 -3  1 -3 -2  0 -3 -3 -5  0 -3 -4 -2 -4   44  14   2   1   0   2  13   1   3   1   4   5   1   1   0   6   0   0   2   0  0.70 0.43
  314 I   -4 -7 -8 -8 -3 -7 -8 -8 -8  7  1 -7 -2 -4 -5 -6 -1 -7 -6  4    1   0   0   0   1   0   0   0   0  53  12   0   0   0   1   0   4   0   0  29  1.68 0.66
  315 A    7 -7 -6 -7 -4 -6 -6  1 -7 -2 -3 -6 -3 -5 -6 -2 -3 -3 -2 -2   73   0   0   0   0   0   0  11   0   3   3   0   1   1   0   3   2   0   1   2  1.58 0.72
  316 Y   -2  2  1 -1 -4  2  3 -3  0 -2 -2  4 -2 -5 -5 -1 -3 -4 -3 -4    3  11   7   3   0   7  20   2   2   3   4  29   1   0   0   3   1   0   1   1  0.60 0.36
  317 N    0  1  3 -2 -3  4  3 -4 -1 -1 -1  2 -3 -4 -5  0 -3 -6 -2 -3    7   6  14   1   1  17  19   1   1   4   7  13   0   0   0   6   0   0   1   1  0.47 0.32
  318 I   -6 -7 -8 -8 -6 -7 -6 -8 -8  6  3 -7  7 -3 -8 -7 -6 -4 -6  1    0   0   0   0   0   0   0   0   0  46  21   0  22   1   0   0   0   0   0   9  1.77 0.69
  319 G    0  0 -2 -3 -2 -2 -1 -2 -3  3  1  3  0  0 -4 -2 -1 -4  0  2    9   4   1   1   1   1   4   2   0  17  15  19   2   4   0   2   2   0   4  13  0.26 0.20
  320 S   -2  1  2  1 -6  0  3 -4 -3 -3 -4  5 -3 -4  2  0 -3 -6 -3 -4    3   6   9   6   0   3  16   1   0   1   2  32   1   1  11   6   1   0   1   1  0.64 0.38
  321 S    2 -1 -1 -3 -2  2 -1 -3  3 -1 -1 -1 -2  0 -4  0  2 -1  3  1   20   3   3   0   1   9   3   1   7   3   4   3   0   3   0   8  12   1   9  12  0.24 0.22
  322 L   -6 -7 -8 -7 -6 -7 -7 -8 -7  5  5 -7  4 -3 -7 -7 -4 -6 -5 -2    0   0   0   0   0   0   0   0   0  31  59   0   8   0   0   0   0   0   0   1  1.71 0.66
  323 N   -4 -2  6  4 -6 -1  1 -4  1 -4 -6  1 -5 -4 -3  1 -1 -6 -4 -5    0   1  37  21   0   3   8   0   3   1   0  10   0   1   1  12   3   0   0   0  0.92 0.42
  324 F   -1 -2  2 -1 -2  1 -1 -1  2  2  2 -1  0  1 -2 -1 -2 -3  2 -1    3   0  14   4   0   9   2   4   5  15  20   3   2   6   1   2   1   0   8   2  0.15 0.15
  325 K   -1  1 -2 -2 -5  1  2 -2 -3 -5 -4  5 -1 -5 -3  2 -2 -5 -2 -4    2   6   1   0   0   5  14   2   0   0   1  44   2   0   1  20   1   0   1   0  0.73 0.33
  326 P   -3 -3 -3  1 -5  2  3 -2 -3 -5 -5  0 -4 -5  7 -2 -1 -5 -4 -4    0   0   0   7   0  10  22   3   0   0   0   3   0   0  51   0   2   0   0   0  1.26 0.31
  327 Y   -3 -3 -3 -4 -3 -3 -3 -4  3 -2 -1 -3 -1  5 -4 -3 -3  1  7 -2    0   0   0   0   0   0   0   0   6   0   0   0   0  33   0   0   0   0  62   0  1.09 0.14
