    1 V   -2 -3 -4 -4 -2 -3 -4 -4 -4  2  4 -3  0 -1 -4 -2  2 -3 -2  3    0   0   0   0   0   0   0   0   0  13  45   0   0   0   0   0  18   0   0  25  0.58 0.25
    2 T    0 -3  0 -1 -3 -2 -3 -2 -4 -2 -1 -3 -3 -4 -4  3  6 -5 -4 -2    5   0   3   2   0   1   0   2   0   2   4   0   0   0   0  21  58   0   0   2  0.94 0.52
    3 P    1 -5 -3 -4 -5 -4 -2 -3 -5 -2 -4 -1 -5 -6  7 -1 -2 -7 -6 -2   11   0   1   0   0   0   2   1   0   2   1   4   0   0  67   5   2   0   0   2  1.74 0.72
    4 I    0 -2 -1  1 -3 -2  0 -2 -3  1  1 -1  0 -1 -2  0  1 -4 -3  3    9   1   2   9   0   1   6   2   0   6  13   4   2   2   2   5  12   0   0  25  0.17 0.20
    5 P    0 -2  0 -3  2 -2 -1 -3 -2  1 -2 -2 -3 -3  5  0  0 -5 -2  1    8   1   5   1   5   2   5   2   1   8   3   2   0   1  36   6   5   0   1   9  0.62 0.38
    6 L    1 -2 -1  0  0  1 -1 -3 -3  0  2 -2  0 -1  1  0  1 -1 -3  0   16   1   3   6   2   8   3   1   0   5  20   1   3   3   6   6   9   1   0   6  0.12 0.17
    7 P    3 -5 -4 -3 -5 -2 -3 -2 -5 -2 -3 -4 -5 -3  6  0  2 -6 -6  0   21   0   1   1   0   1   1   2   0   2   2   0   0   1  45   6  11   0   0   6  1.17 0.65
    8 K    1 -2 -1 -1 -1  3  0 -2 -3  0 -2  1 -2 -4  3  1  1 -5 -4  0   15   1   3   3   1  14   5   3   0   6   3   9   0   0  13  11   8   0   0   6  0.27 0.27
    9 I    0  0 -1 -3 -1  1 -1  0  0  0  0  1  0 -2  1  1  2 -4 -1  0    8   3   1   0   1   7   1   6   2   6  11   9   2   1   6   9  15   0   2   8  0.10 0.15
   10 D    2 -1  1  1 -4 -1  2 -1 -2 -1 -2  1 -2 -4  2  1  0 -4 -2 -1   18   3   7   9   0   2  13   4   0   3   2   8   1   0   9  10   5   0   1   5  0.21 0.21
   11 E    1  0 -1 -1 -4  2  3 -2  0 -1 -2 -1 -3 -3  0 -1  2 -5 -4 -2   15   6   2   3   0   9  24   3   2   4   3   3   0   1   5   4  16   0   0   2  0.35 0.33
   12 P    1 -5 -5 -1 -5 -3 -4 -3 -4 -1 -3 -2 -5 -6  6  0  2 -7 -4  2   13   0   0   3   0   1   0   2   0   3   2   2   0   0  39   6  14   0   1  13  0.97 0.60
   13 E    3  0  0  2 -4  0  2 -3 -4 -3 -4  1 -4 -4  0  1  0 -5 -3 -2   25   5   4  11   0   4  15   1   0   2   1   7   0   1   4  11   6   0   1   2  0.37 0.33
   14 E    0  0  2  3 -5  2  3 -1 -1 -3 -3  0 -2 -3 -1  0  1 -5  0 -3    9   4   9  18   0   8  18   4   1   1   2   5   1   1   2   5   8   0   3   2  0.33 0.28
   15 Y    0 -1 -2 -2 -5 -1  0 -3 -1 -2 -2 -2 -2  2  2 -1 -1  5  6 -2    8   3   1   2   0   2   6   2   1   3   5   3   1   7   9   4   3   8  28   3  0.60 0.41
   16 N   -2 -2  3  3 -5 -3 -2  0  0 -3 -4  0 -5 -6 -1  4  2 -3 -5 -4    2   2  16  14   0   1   2   6   2   2   1   6   0   0   4  27  13   0   0   1  0.59 0.46
   17 T    3 -3  2 -1 -3 -1 -2  1 -1 -3 -4 -1 -3 -3  2  1  2 -2 -4 -3   29   1   8   4   0   2   2  11   1   1   1   4   1   1   8  10  12   1   0   2  0.41 0.35
   18 N   -3 -3  5  6 -7  1  0 -2 -5 -7 -7 -1 -4 -5 -4  1  0 -3 -5 -7    2   2  24  38   0   6   5   3   0   0   0   3   0   1   1   9   5   0   0   0  1.14 0.68
   19 Y    2 -4 -3 -6 -5 -2 -3 -4  1  2 -1 -5 -1 -1  2 -2 -1 -6  1  4   14   1   1   0   0   2   2   1   3  12   5   0   1   2  11   3   3   0   4  34  0.61 0.43
   20 I    3 -6 -6 -7 -5 -6 -5 -6 -7  4 -2 -6 -4 -3 -4 -3 -3 -7 -3  6   20   0   0   0   0   0   1   0   0  19   4   0   0   1   1   2   2   0   1  48  1.31 0.71
   21 L   -2  1 -3 -2 -4  0 -4 -4 -1  2  3 -4  1 -1 -4 -1  2 -4  1  2    3   8   1   2   0   4   1   1   2  12  25   0   3   3   1   4  13   0   6  13  0.37 0.30
   22 F    0  2 -2  4 -5  2  1 -4  0 -3 -3  1 -2  0 -3 -1 -1 -3  4 -3    7  11   1  20   0   9  10   1   2   1   3   7   1   4   1   3   4   0  12   2  0.43 0.35
   23 W   -6 -7 -6 -8 -8 -8 -8 -5 -4 -6 -8 -8 -7 -5 -6 -7 -8 13 -2 -7    1   0   0   0   0   0   0   1   1   0   0   0   0   0   1   1   0  91   1   0  4.97 1.97
   24 N   -1 -5  7 -1 -6 -2 -4 -2  1 -3 -4 -4  0 -2 -4  0 -2 -6  1 -3    6   0  55   3   0   2   1   4   4   2   2   1   2   2   1   6   3   0   4   2  1.36 0.75
   25 H    0  1  2  3 -5  2  3 -2  0 -4 -3  0 -4 -5 -4 -1 -1 -5 -2 -3    9   8  10  13   0   9  22   3   2   1   2   6   0   0   1   5   4   0   1   2  0.46 0.36
   26 V    0 -3 -4 -5 -4 -1 -3 -4 -1  4  2 -2  4 -2 -4 -4  0 -5 -2  3    9   1   1   0   0   3   1   1   2  21  20   2   8   2   1   1   6   0   1  18  0.55 0.35
   27 G    4 -4 -4 -2 -3  0 -2 -1  0 -1  1 -4  1 -1 -4 -1  0  2 -1  0   35   0   0   2   1   4   2   5   2   4  16   0   4   3   0   5   6   3   2   5  0.42 0.34
   28 L   -2  0 -2 -3 -1  1 -3 -2 -4  0  5 -2  1 -2 -3 -2 -2 -5 -2  0    3   6   2   2   2   6   2   3   0   4  49   2   3   2   1   2   3   0   1   6  0.60 0.39
   29 E    0  0  1  3 -4  3  4 -2 -3 -3 -3 -1 -3 -4 -4  0 -1 -5 -2 -2    7   4   7  16   0  11  27   3   0   1   3   4   1   1   1   6   3   0   1   4  0.50 0.38
   30 L    3 -3 -3 -4  0 -3 -4 -3 -3  1  3 -4  0 -1 -5 -2  2 -1 -3  1   24   1   1   1   2   1   1   2   1   8  27   1   2   2   0   3  11   1   1  10  0.48 0.35
   31 N   -1 -4  1  2 -4 -2 -2 -4 -3  4 -1 -2  0  2 -4 -2  2 -5 -3  3    4   1   7  10   0   2   2   1   0  21   5   2   2   7   1   2  11   0   1  20  0.45 0.32
   32 R    2  5 -1 -4 -3  2 -2 -4  1 -3 -2  2 -2 -4 -4 -2 -1 -3 -3 -2   15  34   3   1   1  10   2   1   3   2   4  11   1   1   1   3   3   0   1   3  0.73 0.47
   33 V    0  1  1  0 -2  0 -1 -2  0  1  1  1  1 -1 -2 -1  0 -2  0  1   10   7   7   5   1   4   3   2   3   7  12   8   3   2   1   3   6   1   4  11  0.06 0.08
   34 T    0 -2 -1  3 -3 -1 -1 -3 -1 -3 -1 -2 -3 -3 -2  0  5 -4  1 -1    9   2   3  14   0   3   4   2   2   2   5   3   0   1   2   7  32   0   6   4  0.49 0.38
   35 H    0  0  2  1 -2  0  1  1  3 -2 -2 -1 -2  0  0  0  0 -2  0 -2    9   5  11   8   1   4   9  10   8   2   4   4   1   4   4   5   6   1   3   3  0.14 0.13
   36 T    1 -1 -1 -1 -2 -1 -1  0 -2  1  0 -1  0 -2 -1  0  2 -1 -1  2   10   2   2   4   1   3   4   9   1  10   8   4   2   1   3   7  13   1   2  15  0.10 0.11
   37 V    1 -1 -2 -2 -1 -1 -2 -1 -2  2 -1 -1  5 -1  2 -1  0 -1 -2  1   13   4   2   2   1   2   2   4   1  11   5   3  15   3  10   4   5   1   1  10  0.26 0.20
   38 G    0 -1 -1 -1 -2 -1 -1  1 -2  2 -1 -1 -1  0  3  0  0 -3 -2  2    8   4   3   4   1   3   3  10   1  11   4   3   1   4  14   7   5   0   1  15  0.16 0.13
   39 G    1  0  1 -1 -3 -1 -1  2  4 -2 -2  0 -2 -1  0 -1  0 -1 -1 -2   12   5   8   3   1   3   4  18  12   2   4   5   1   3   4   4   6   1   2   3  0.24 0.17
   40 P   -1 -3 -1  5 -4 -2 -1  0 -1 -3 -3 -2 -3 -3  5  0 -2 -2 -3 -3    5   1   3  27   0   2   4   8   1   2   3   2   1   1  26   6   3   1   1   2  0.74 0.41
   41 L   -1 -1  0 -1 -3  1 -1  2 -2  3 -1 -1 -1  0 -1 -2 -1 -2 -1  2    6   4   5   3   0   7   4  15   1  17   6   4   2   4   3   3   4   1   2  13  0.13 0.12
   42 T    1 -1 -1 -2 -3  0 -2 -1 -1 -1 -1 -2 -2  4  2 -1  1 -2  1  0   11   3   4   2   1   5   3   5   1   3   7   1   1  19   9   5   9   0   5   6  0.24 0.20
   43 G   -1  2  2 -1 -5 -2 -3  3 -1 -5 -3 -2 -5 -4  1  3  1 -3 -4 -3    6  10  10   3   0   2   1  19   1   0   3   1   0   1   7  24   8   0   1   2  0.49 0.39
   44 P   -3 -6 -5 -6 -7 -3 -5 -4 -2 -5 -6 -6 -6 -4  8 -4 -3 -4 -6 -5    3   1   1   1   0   2   1   2   1   1   1   0   0   1  81   2   2   0   0   1  2.62 1.27
   45 P   -2 -5  0 -5 -3 -3 -5 -2 -3 -4 -3 -5  0 -2  7 -4  4 -5 -4 -1    3   1   4   0   1   2   1   4   1   1   3   1   2   2  49   1  21   0   1   4  1.40 0.81
   46 L    1  0 -3 -3 -4 -1 -3 -3 -2  2  0 -3  1 -2  0 -3 -2 -2  2  4   10   5   2   2   0   3   2   2   1   9  10   1   3   1   5   1   3   1   8  32  0.44 0.33
   47 S    5 -5 -2 -5 -4 -1 -3 -1  2 -2 -2 -5 -3 -4 -4  1  1 -2 -4 -1   52   1   2   1   0   3   2   4   4   2   4   0   1   1   1   8   9   1   0   5  0.91 0.60
   48 A    4 -6 -3 -4 -3 -4 -4 -2 -2 -3 -4 -6 -4 -3 -5  5  0 -5 -6 -3   36   0   1   1   1   1   1   3   1   1   2   0   0   1   1  41   6   0   0   2  1.21 0.78
   49 R   -5  9 -7 -8 -9 -5 -5 -7 -4 -4 -6 -4 -4 -7 -6 -7 -7 -1 -2 -5    1  88   0   0   0   0   1   0   0   1   1   1   1   0   1   0   0   1   2   1  2.95 1.40
   50 A    3 -4  1 -3 -3 -3 -4 -3 -2  3 -2 -5  0  3 -5  1  0 -1  1  0   27   1   8   1   0   1   1   2   1  15   4   0   2  10   0   9   5   1   5   6  0.47 0.38
   51 L   -3 -6 -3 -7 -7 -4 -5 -3 -3 -1  4 -7  3  4 -6 -5 -3 -1  6 -3    3   0   1   0   0   1   1   2   1   3  32   0   6  16   1   1   2   1  29   1  1.27 0.72
   52 G    6 -7 -4 -6 -4 -7 -7  2 -2 -7 -4 -7 -2  0 -6  0 -1 -2 -4 -2   60   0   1   0   0   0   0  15   1   0   2   0   1   4   0   8   3   1   1   3  1.37 0.83
   53 M   -7 -6 -7 -6 -8 -5 -7 -8  2  3  1 -8  6 -1 -7 -7 -4 -3  8 -3    0   0   0   1   0   1   0   0   4  16  13   0  17   2   0   0   1   0  42   2  1.84 0.97
   54 L    1 -6 -5 -6  0 -5 -5 -5 -6  2  2 -6  3 -3  1  0  1 -7 -4  3   12   0   0   0   2   0   1   1   0  11  19   0   7   1   7   8  10   0   0  20  0.59 0.43
   55 H   -2 -5  4 -4  1  1 -4  1  7 -7 -3 -6 -2  0 -7  3  0 -2 -2 -6    3   0  17   1   3   6   1   9  24   0   3   0   1   3   0  20   5   1   2   1  1.01 0.67
   56 L    1 -4 -4 -7 -6 -7 -6 -2 -5  3  3 -6  0 -4 -7 -3  2 -7 -5  3   11   1   1   0   0   0   0   4   0  16  30   0   2   0   0   2  12   0   0  20  0.82 0.53
   57 A    7 -8 -8 -8  0 -8 -7 -1 -8 -7 -7 -8 -5 -7 -6  0  0 -9 -9 -3   78   0   0   0   2   0   0   4   0   0   0   0   0   0   0   6   7   0   0   2  2.05 1.14
   58 I    3 -7 -6 -7 -6  1 -5  0 -7  3  0 -6  6 -4 -5 -3 -4  3 -5  2   22   0   0   0   0   7   1   7   0  16   7   0  20   1   1   2   1   4   0  11  0.91 0.60
   59 H   -5 -5 -4 -4 -9 -6 -8 -9  5 -8 -5 -8 -4  5 -7 -7 -8  2  9 -8    1   1   1   1   0   0   0   0  10   0   1   0   0  18   0   0   0   2  62   0  2.73 1.32
   60 D   -5 -5  0  7 -9 -2  5 -8 -3 -7 -4 -6 -6 -9 -7 -6 -6 -9 -8 -6    1   1   4  52   0   2  35   0   1   0   2   0   0   0   0   1   0   0   0   1  2.02 1.09
   61 A    6 -6 -6 -6 -2 -6 -6 -3 -6  0 -4 -6 -5 -6 -6  0  0 -6 -6  1   67   0   0   0   1   0   0   2   0   5   2   0   0   0   0   6   5   0   0   9  1.53 0.85
   62 Y    0 -5 -4 -5 -3 -3 -4 -5 -4  1  2 -5  1 -2 -5 -4 -1  7  1  4    7   1   1   1   1   1   2   1   0   8  21   1   3   1   1   1   4  16   5  25  0.89 0.50
   63 F    3 -2  4 -3 -2  0 -2 -3 -2  0 -2 -2 -2  0 -4  0 -2 -1 -3  2   26   3  18   1   1   4   2   2   1   5   4   2   1   4   1   6   2   1   1  16  0.48 0.34
   64 S    4 -2 -1 -3 -3  0 -1  0 -1 -1 -3 -3 -2 -3  2  2 -1 -3 -1 -1   31   3   3   2   1   4   4   8   1   4   3   2   1   1  10  14   3   0   2   5  0.38 0.31
   65 I    2 -3 -2 -3 -1 -2 -3  0 -1  3 -1 -3 -1  1 -4 -2 -1 -4  4  1   15   1   2   2   1   2   1   8   2  19   5   2   1   5   1   3   4   0  15   9  0.42 0.29
   66 C    0 -1  1  3 -2  1  0 -2  3 -2 -1 -2  2 -1 -3  0  0  4  1 -1    8   4   7  15   1   6   5   3   6   2   5   2   5   2   1   6   5   6   5   6  0.22 0.19
   67 P   -1  1  0  1 -2 -1 -1  1  1 -4 -4 -1 -3 -4  5 -1 -1 -2 -2 -3    6   8   5   8   1   3   4  11   3   1   2   4   1   1  29   5   4   1   1   2  0.53 0.37
   68 P    0  2  1  1 -2  0  0  1 -1 -2 -2  0 -3 -2 -1  1  1 -1  1 -1    9  10   5   9   1   5   6   9   2   2   3   5   0   2   3   9   9   1   6   5  0.12 0.13
   69 T    2 -1  0 -1 -3 -1 -2 -1  2 -1 -2  2  0  0  0  0  0  0  3 -3   18   3   5   3   0   3   3   4   5   3   4  11   2   3   4   7   6   1  12   1  0.21 0.20
   70 D    0  1  1  1 -3  1  0 -1  1 -2 -2  1 -2 -1  1  0  0 -1  1 -1    9   6   7  10   0   7   6   4   3   2   4  11   0   3   7   6   5   1   5   4  0.12 0.12
   71 F    0  0 -1 -2 -2  0 -2  0  1 -1 -1 -1 -1  1  0  1  0 -1  4 -2    9   4   3   3   1   4   2   9   3   3   6   4   2   5   6  13   6   1  15   3  0.19 0.17
   72 T    0 -1  0 -1 -3  0  0 -1  1 -1 -1  0  0  0  0  0  1 -2  4 -1    7   3   5   3   0   4   5   5   3   3   7   6   2   3   5   8   8   0  15   5  0.14 0.13
   73 T    0  0  2  0 -1  0 -1 -1 -1 -1 -1  0 -1 -1  2  1  2 -1  0 -1    7   5   9   4   1   3   3   4   1   3   5   7   2   3   9  13  12   1   3   4  0.11 0.12
   74 F    0  1 -2 -2 -2  0 -2 -2 -1 -1  1 -2  1  2 -2  1 -1  1  4  0    8   8   2   2   1   5   2   4   1   4  13   2   3   9   2  10   4   2  13   5  0.18 0.15
   75 L    0 -1 -1 -1 -3  0 -1  0  1  0  2 -1  0 -1  0  0  0 -3  0  1    9   4   3   3   0   4   3   7   3   5  22   4   2   2   5   8   5   0   3   9  0.08 0.09
   76 S    1 -1 -1 -1 -3 -1 -1  2 -1 -1  1 -1 -1 -2  0  1  0 -3 -2  0   13   3   3   3   0   3   4  17   1   4  13   3   2   1   4  12   7   0   1   6  0.13 0.14
   77 P    0 -1  1 -1 -3  1 -1  1 -1 -1 -1  0 -1 -1  3 -1  0 -4 -2  0    9   4   6   4   0   7   4   9   1   3   7   6   2   2  17   4   7   0   1   7  0.18 0.16
   78 D    0  0  0  0 -3  2 -1  1  0 -1  0  0 -1 -1 -1  0  0 -2  2  0    9   4   5   4   0  10   3  13   2   4   9   4   1   3   3   7   4   0   7   6  0.07 0.09
   79 T    0  0  1 -1 -2  2 -1 -1  0 -1  1  1 -2 -1  0  0  0 -3  0  0    6   6   7   3   1  10   3   4   2   4  15   7   1   3   5   9   5   0   3   5  0.08 0.10
   80 E    0  1  0  0 -3  1  0  0  0 -1  0  0 -1 -1  1  0  0 -2 -1 -1    7   8   5   5   0   7   5   9   3   4  11   5   1   2   6   7   7   1   2   5  0.04 0.05
   81 N    0 -1  2  2 -3 -1 -1  0  1 -1  0 -1 -1  1 -1  0  0  0  1 -1    6   2  12  12   1   3   4   8   3   5   9   3   1   7   4   6   5   1   5   3  0.10 0.10
   82 A    1 -1 -1  0 -3  0  0  2 -1 -1 -1 -1 -2 -1  2  0  0 -2 -1 -1   14   3   3   5   0   5   7  14   1   3   7   4   1   3   9   8   6   1   2   4  0.11 0.12
   83 A    1  0 -1 -1 -2 -1  0  0 -2  0  2 -1 -1  0  1  1  0 -2 -1 -1   11   5   2   4   1   2   5   7   1   4  21   4   1   3   7  11   5   0   2   3  0.08 0.11
   84 Y    0  1 -1 -1 -1  0 -1 -1 -1  1  0  0  0  0  1  0  0 -2  1  0    6  10   3   3   1   4   4   4   1   9   9   5   2   5   8   7   5   0   6   7  0.05 0.06
   85 R    1  3  0  0 -2 -1  0 -2 -1 -2 -2  0 -2 -3  3  0  0  0 -3 -2   10  18   5   5   1   3   6   4   1   2   4   6   1   1  15   7   6   1   1   3  0.29 0.24
   86 L    1  0 -3 -2 -2 -1 -2 -2 -2  2  2  0 -1  0  3 -1 -1 -4 -1  1   10   5   1   3   1   2   2   4   1  10  18   6   2   3  14   4   4   0   2   9  0.20 0.17
   87 P    1 -2 -1  0 -5 -1  0 -2 -2 -3 -2 -2 -5 -4  6  0 -1 -4 -4 -3   12   2   3   5   0   3   6   3   1   2   4   2   0   1  40   8   5   0   1   2  0.83 0.53
   88 S    2  0 -1  1 -4  1  1 -1 -2  0 -1  1 -2 -3 -1  1  0  0 -3  0   17   5   2   7   0   6  10   4   1   5   7   7   1   1   3   9   4   1   1   7  0.12 0.15
   89 P    2  0 -1 -2 -4 -2  2 -2 -3 -1 -1 -1 -3 -3  4  1 -1 -5 -4 -2   17   4   3   2   0   2  13   3   1   3   6   4   1   1  23   9   4   0   1   3  0.41 0.34
   90 N    0  1  2  2 -2  1  2  0  0 -2 -3 -1 -4 -4  1  0  0 -4 -3 -1    9   7   9  12   1   5  13   7   2   3   2   4   0   1   8   7   5   0   1   4  0.23 0.21
   91 G    2  1  0 -1 -3 -2 -1  1 -2 -2 -4  0 -3 -4  1  1  3 -5 -2 -1   17   6   4   4   1   1   4  11   1   2   2   6   0   1   6  11  18   0   1   4  0.28 0.27
   92 A    2 -1  1  1 -3  0  1  1 -1 -2 -1 -1 -3 -3  1  0  1 -3  0 -1   16   4   6   7   0   3   8  12   1   2   7   4   0   1   6   6   8   0   4   4  0.12 0.15
   93 N    2  1  0  0 -2 -1  0 -3 -1  0 -2  1 -2 -3  1  0  1 -4  2 -1   17   7   4   6   1   2   6   2   2   6   4   9   1   1   6   7   8   0   6   5  0.14 0.16
   94 D    0 -3  5  3  0 -3  0 -3  0 -4 -4 -2 -4 -3 -1  3 -1 -6 -1 -2    7   1  26  13   2   1   7   2   3   1   2   2   0   1   4  19   4   0   2   3  0.64 0.46
   95 A    0  1 -3 -1 -4  0  1 -4 -1  0 -1  2 -1  0  2 -2 -1  1  4  0    8   8   1   3   0   4   9   1   1   6   6  11   2   3   9   2   4   2  13   6  0.24 0.22
   96 R   -1  0  3  3 -3  1  3 -3  2 -3 -2  0 -3 -4  0 -1 -1  0 -3 -4    6   6  16  14   1   5  18   2   5   2   4   4   1   1   5   4   3   1   1   1  0.42 0.32
   97 Q    3 -1 -3 -3 -4 -1  0 -3 -1  1  1  0  1  0 -3 -2  0  4  0  0   24   4   1   2   0   3   7   2   1   9  13   6   3   3   1   3   5   5   3   6  0.24 0.22
   98 A    6 -5  0 -4 -4 -3 -3 -3 -6 -3 -4 -3 -4 -3 -1 -1 -1 -6 -6  1   60   1   4   1   0   1   2   2   0   1   2   1   0   1   3   5   4   0   0  10  1.22 0.71
   99 V    2 -4 -4 -5 -3 -4 -5 -4 -5  4  1 -4  2 -3 -4 -1 -2 -5 -2  4   18   1   1   1   1   1   1   2   0  21  11   1   5   1   1   4   3   0   2  27  0.76 0.43
  100 A    4 -4 -1 -1 -4 -4 -3 -1 -2  0  0 -4 -2 -4 -3  3 -1 -4 -3  0   33   1   3   4   0   1   2   5   1   5   9   1   1   1   1  23   3   0   1   6  0.58 0.41
  101 G    2 -1  0 -3 -2  0 -2  1  3 -1 -2 -2 -1  1 -3 -1  0 -2  5 -1   15   4   5   1   1   4   3  11   6   3   4   2   1   4   2   4   7   0  19   4  0.34 0.25
  102 A    6 -4 -1 -4 -3 -3 -4 -3 -4 -4 -4 -4 -4 -3 -3 -1  0 -5 -3 -1   66   1   3   1   1   1   1   2   0   1   2   1   0   1   1   5   5   0   1   4  1.36 0.69
  103 A    5 -4 -3 -4 -2 -1 -3 -1  0 -2 -3 -3  1  1 -4  1 -1 -4  0  0   46   1   1   1   1   3   1   4   2   2   3   1   3   5   1   9   4   0   3   5  0.73 0.44
  104 L    0  0 -2 -4 -1 -3 -4 -3  6 -1  0 -3  1  2 -5 -2 -3 -1  6 -1    8   4   2   1   1   1   1   2  16   4   8   2   4   8   1   3   2   1  26   4  0.84 0.45
  105 K    0  3  0  1 -3  2  0 -1  0 -3 -3  0 -1 -3 -2 -1  2 -3 -2 -2    8  18   4   8   1   8   7   5   2   1   3   6   1   1   2   4  15   0   2   3  0.29 0.24
  106 M    1 -4 -5 -4 -3 -4 -4 -4 -2  3  0 -4  3 -4 -3 -1  1 -5 -3  5   11   1   1   1   1   1   1   2   1  13   8   1   6   1   1   5   9   0   1  37  0.74 0.42
  107 L    0 -4 -5 -5 -5 -5 -5 -1 -5  1  5 -5  2 -2 -5 -2 -4 -2 -4 -2    7   1   1   1   0   1   1   5   0   6  59   1   5   1   1   3   1   1   1   3  1.11 0.59
  108 S    1  1  1 -2 -2 -1 -1 -2  0 -1 -1  2 -2 -2 -3  2  1 -3 -3  1    9   8   8   2   1   2   4   3   2   3   6  13   1   1   1  17   9   0   1   9  0.22 0.21
  109 S    3  0  0  1 -4  1  1 -1  2 -3 -2  0 -1 -3 -3  1  1  0  0 -3   21   5   4   8   0   6   9   4   6   2   3   5   2   1   1   9   8   2   3   2  0.23 0.22
  110 L   -2  0 -3 -4  1 -1 -4 -4 -2  0  5 -4  3 -1 -5 -4 -2 -2  1 -1    4   5   2   1   2   3   1   1   1   5  49   1   6   3   1   2   3   1   5   4  0.78 0.45
  111 Y   -2 -5 -5 -5 -4 -4 -3 -5 -1  1 -1 -5 -2  6 -5 -4 -4  1  7  0    4   1   1   1   0   1   2   1   1   7   6   1   1  32   1   1   1   2  29   6  1.39 0.67
  112 M    1 -2 -2 -2 -1 -2 -2 -2  0 -2 -2 -1  1  1  6 -1 -1  0  1 -1   10   2   2   2   2   2   3   3   2   3   4   3   3   6  33   4   5   1   5   4  0.59 0.37
  113 K    1  0  0  0 -2  1  1  0  0 -1  0 -1  0 -1 -1  1  0  0 -1 -1   12   4   4   5   0   5   8   9   2   4   8   4   3   3   2  12   6   2   2   4  0.06 0.07
  114 P    0  0  0  0 -3  3  1 -1  0 -2 -1  0  1 -1  2 -1 -1 -3  0 -1    9   5   4   5   1  14  10   4   3   3   8   5   4   3   9   5   3   0   3   5  0.14 0.13
  115 V    1 -1  0 -1 -2  0  0 -1 -1  0  0  0  0 -1  0  0  1 -1 -1  1   13   3   5   4   1   5   8   4   2   7   8   7   3   2   4   6   8   1   2   9  0.04 0.04
  116 E    1  0  0  1 -2  0  1  0 -1 -1 -1  0  0 -2  0  0  1 -2 -2  0   13   5   4   9   1   4   9   8   1   3   7   5   2   2   5   8   8   0   1   6  0.07 0.06
  117 Q    0  0  0  0 -1  1  0  0  0  0  0  0  0  0  0  0  0  0  0  0    9   5   3   4   2   6   6   7   3   4   7   6   4   4   4   9   5   2   5   6  0.02 0.01
  118 P    0  0 -1  0 -1 -1  0 -1 -1  0  1  0  0  3  1 -1  0  2  0 -1    9   5   2   5   1   3   6   4   1   6  12   5   2  13   8   4   5   3   2   4  0.09 0.07
  119 N    0  0  1  1 -1  0  0  0 -1 -1  0  0  1  0  0  0  0  0  0 -1    9   5   9   8   1   4   6   6   1   3   7   5   4   4   5   7   6   1   4   5  0.04 0.03
  120 P    1  0 -1 -1 -2  1  0  0  0  0  0  0  0 -1  2  0  0 -1  0 -1   12   4   2   3   1   5   6   6   3   5   9   5   3   3  12   6   6   1   3   5  0.08 0.06
  121 N    1  0  1  1 -2  1  0  0  0 -1 -1  0  1 -1  0  1  0 -2  0 -1   10   6   8   7   1   5   6   6   2   4   7   7   4   3   5   9   4   0   3   4  0.05 0.05
  122 P    1  0 -1 -1 -2  1  0 -1 -1 -1  0  0  1  0  2  0 -1 -1  0  0   10   5   3   4   1   6   7   3   2   3  11   6   5   5  10   6   4   1   4   6  0.06 0.06
  123 G    1  0 -1  0 -2  0  0  1 -1 -1  0  0 -1 -1 -1  1  0 -1 -1 -1   11   6   2   5   1   5   6  10   2   4   9   7   2   3   3  12   6   1   2   4  0.05 0.05
  124 A    2 -1 -1  0 -2  1  1  0 -1 -1  0  0 -1 -1  0  0  0 -2 -1  0   16   3   3   5   1   5  11   8   1   3   8   5   2   3   5   7   5   1   2   6  0.07 0.07
  125 N    1  0  1  1 -2  0  0  0  1 -1 -1  0  0  0  0  0  1 -1  0 -1   12   6   6   7   1   4   5   6   3   3   7   6   2   3   5   7   8   1   4   4  0.05 0.05
  126 I    0 -1 -2 -2 -1 -1 -1 -1  0  2  2 -1  2  2 -1 -2 -1 -2  1  1    7   4   2   2   1   3   4   6   2  11  17   4   4   9   3   3   4   1   4   9  0.13 0.07
  127 S    1 -1  0  0 -3  1  0 -2  0 -1  0 -1  0  2 -2  2  0 -1  0 -2   10   3   4   6   0   5   6   3   3   4  11   3   2   9   2  14   5   1   4   3  0.11 0.10
  128 D    0  2  0  4 -1  0  2 -2 -2 -3 -2  1  0 -1  0 -1 -1 -3 -3 -2    9  10   5  19   1   4  11   4   1   2   5   7   2   2   5   5   4   0   1   3  0.26 0.18
  129 N    1  0  2  2 -4  1  1 -2 -2 -2 -1  0  0 -1  0  1  0 -2 -1 -1   10   5   9  13   0   7   8   4   1   2   6   5   2   3   5   9   5   1   2   4  0.15 0.13
  130 A    1  0 -1 -2 -2  0 -1 -1 -1  0  1  0  1  1 -2  0  0  0  2 -1   12   6   2   3   1   3   4   4   2   5  16   5   3   7   2   8   5   1   6   5  0.08 0.07
  131 Y    0  0 -1 -1 -3  0  0 -2 -2  0  1  1  5 -2 -3 -1  1  2  2 -1    9   6   3   3   1   4   7   3   1   6  11   7  12   2   1   4   7   3   6   4  0.20 0.15
  132 A    3 -1 -1  2 -2  1  1 -2 -1 -1 -2 -1 -3 -1 -1  0  0 -5 -1 -1   23   4   3  11   1   6   8   4   1   4   5   4   1   2   4   6   6   0   2   4  0.22 0.19
  133 Q    1  1 -1  1 -4  2  2  1 -1 -4 -2  0 -2 -2 -1  1  0  3 -3 -4   10   7   2   7   0   9  11   9   2   1   4   6   1   2   4  12   6   4   1   1  0.22 0.21
  134 L   -2 -3 -4 -3 -4 -2 -3 -5 -3  1  5 -5  0  3 -4 -4 -1  1  2 -1    4   2   1   2   0   2   2   1   1   8  43   1   3  10   1   2   4   2   5   5  0.79 0.42
  135 G    0  0  2  4 -6  0  1  2 -3 -4 -2 -1 -3 -3 -3 -1 -2 -2 -2 -3    7   6   8  23   0   4   9  16   1   1   5   5   1   1   1   5   3   1   2   2  0.45 0.31
  136 L    2  0  0  0 -3  1  0 -3 -1 -2  0  0 -2  0  1  0  1 -2  1 -1   16   5   4   6   0   7   5   2   1   2   9   6   1   4   6   8   8   1   4   4  0.11 0.13
  137 V    1 -1  0  2 -2  0  0 -2 -1  0  0  0 -1  0 -1  1  0  0  0  0   13   4   5  13   1   5   4   3   1   6   9   6   1   5   2   9   4   1   3   6  0.08 0.10
  138 L   -1 -1 -2 -2 -3 -3 -3 -4 -2  2  3 -2  0  1  3 -2 -1  1  2 -1    6   3   2   2   0   1   2   2   1   9  29   2   2   5  13   4   4   2   7   4  0.37 0.27
  139 D    1  0  1  4 -3  0  1 -1 -1 -2 -3  0 -3 -2 -1  0  0 -2  0 -3   12   6   7  21   1   5   9   4   2   2   3   6   1   2   3   6   6   1   3   2  0.28 0.23
  140 R    1  1  1  2 -3  1  1 -1 -3 -2 -3  1 -2 -4 -1  1  1 -5 -2 -2   14   6   7  12   1   6   8   5   1   2   3   9   1   1   3  10   8   0   2   2  0.21 0.20
  141 S    1  0 -1  0 -3  0  1 -1 -1 -1 -1  0  0 -2 -2  2  1  1  0 -3   13   6   3   5   0   4  10   4   1   3   7   7   2   2   2  15   9   2   3   1  0.14 0.16
  142 V    0 -1 -1 -1 -1 -2 -1 -1 -2  1  3 -2  0  1 -3  0  0  0  0  0    8   3   3   4   2   2   3   5   1   9  25   2   2   5   1   8   5   1   3   7  0.15 0.13
  143 L    2  0 -2 -1  0  0 -1 -1 -2 -1  1  1  0 -1  0  0  1 -2  0 -1   18   4   2   4   2   3   4   5   1   4  13  11   2   2   4   5   8   0   4   4  0.10 0.12
  144 E    1  1  1  3 -3  1  2  0 -2 -2 -2  1 -3 -4 -1  0  1 -4 -3 -3   10   6   7  13   0   7  12   6   1   2   4   9   1   1   3   6   8   0   1   2  0.23 0.20
  145 A    1 -1  0 -1 -3  0  0  0 -2  1  0  0  0 -1  0  0  1 -1  0  0   12   3   4   3   0   3   5   9   1  11   9   5   2   2   5   5  10   1   3   6  0.05 0.08
  146 P    0 -1 -1 -1 -2 -1 -1  2 -2 -1 -2 -1 -3 -1  5 -1  0  1 -4 -2    9   3   4   3   1   3   4  14   1   3   4   3   1   3  29   4   5   2   0   3  0.48 0.34
  147 G    1 -1  0  3 -2 -1  0 -1 -1  0 -1 -1  0 -1 -1  0  0 -1 -1  1   12   3   5  16   1   2   5   5   1   7   5   2   3   3   2   8   6   1   2  11  0.10 0.12
  148 G    0 -2  1 -1 -3 -2 -2  4 -3 -1 -2 -1 -3 -3  2  1  1 -2 -3 -2    8   2   7   4   1   1   3  30   1   4   4   3   1   1   9   9   8   1   1   3  0.39 0.28
  149 V    1 -1 -1  0 -1  0  0 -1 -1  2  0  0 -1 -1  1  0  0  0 -1  1   11   3   2   6   1   4   5   4   1  12   9   6   1   2   8   5   5   2   2  10  0.07 0.07
  150 D    1  0  0  3 -2 -1  1  3 -2 -3 -3 -1 -4 -2 -2  0  0 -4 -2 -3   12   6   4  16   1   3  11  19   1   2   3   3   0   2   2   7   5   0   1   2  0.31 0.23
  151 R    2  1  2 -1 -3  1  0 -2  0 -1 -1  0 -1 -3 -1  0 -1 -4 -2  1   18   8  12   4   0   6   7   3   2   3   5   5   1   1   3   5   4   0   1  12  0.16 0.16
  152 E    0  1  0 -1 -2  0  1 -1 -1  0  1  1 -1  0 -1 -1 -1  0  0  0    8   9   5   3   1   3   8   4   1   7  15   9   1   4   3   3   4   1   3   8  0.04 0.06
  153 S    3  0  1  2 -1  1  1 -3 -2 -2 -3 -2 -1 -4 -3  2  1 -3 -2 -2   20   4   5  12   1   6  10   2   1   2   3   2   1   0   1  12  10   0   1   3  0.31 0.27
  154 A    4  2  0  0 -2  1 -2  2 -3 -2 -3 -1 -2 -4 -1 -1 -1 -3 -3 -1   29  12   5   4   1   5   2  13   1   2   3   4   1   1   3   4   4   0   1   4  0.36 0.29
  155 S    1 -1 -3 -2 -5  0 -2  4 -2 -1 -3  0 -2 -4 -2  3 -1 -5 -5 -4   10   3   1   2   0   4   3  30   1   4   3   6   1   1   3  23   3   0   0   1  0.56 0.41
  156 F    2 -1  1 -1 -4 -1 -1 -3 -2  2  0  1  1  0 -3 -1 -1  0  0  2   16   4   6   3   0   2   4   2   1  13   7   8   3   4   1   3   3   1   3  13  0.14 0.15
  157 M    3  1 -1  0 -4  2  0 -1 -3 -1  0 -1  0 -3 -4 -1  0 -3 -2  1   27   7   3   5   0   9   5   4   1   4   8   3   2   1   0   3   6   0   1   9  0.26 0.25
  158 F    0 -4 -6 -3 -5 -3 -4 -2 -1  3  2 -5 -2  4 -4 -4 -3  4  4  1    7   1   0   2   0   1   1   3   1  14  21   0   1  14   1   1   1   5  14  10  0.66 0.40
  159 G    1 -1 -3 -2 -7 -3 -1  6 -2 -4 -5 -3 -6 -7 -4 -4 -3 -7 -7 -4   10   3   2   3   0   1   5  64   1   2   1   2   0   0   1   1   2   0   0   1  1.51 0.81
  160 E    1  1  3  1 -3  1  1 -3  1 -1 -1  1 -1  0 -3 -1 -1 -5 -1 -1   12   8  12   7   1   7  10   1   3   4   5   9   1   4   1   5   4   0   2   5  0.18 0.18
  161 D    3  3 -2  0 -2  1  1 -4 -1 -4 -1  0 -2 -3 -3  0  0 -3 -1 -3   21  16   2   5   1   5   9   1   2   1   7   6   1   1   2   6   6   1   2   2  0.34 0.28
  162 V    2 -3 -7 -3 -7  0 -4 -4  0  3 -3 -3  0 -3 -5 -3  0 -1 -1  5   16   2   0   2   0   4   2   2   2  14   2   2   2   1   1   3   5   1   2  36  0.85 0.49
  163 A    6 -2 -1 -4 -3 -3 -5  2 -1 -4 -5 -3 -4 -4 -4 -1 -4 -1 -3 -3   56   3   3   1   1   1   1  14   1   2   2   2   1   1   1   5   1   1   1   2  1.25 0.73
  164 D    2  1  1  4 -7  2  0 -3 -3 -5 -4  1 -2 -3 -7  0  0 -3 -3 -4   15   7   6  24   0   7   7   3   1   1   2   9   1   2   0   7   5   1   1   1  0.54 0.39
  165 V    3  1 -1 -2 -2  2 -2  2  4 -3 -2  0  0 -2 -3 -1 -1 -1 -4 -2   22   8   4   3   1   8   3  15   8   1   4   6   2   2   1   4   3   1   1   3  0.37 0.28
  166 F    0 -2 -5 -3 -1 -3 -4 -3 -3  5 -1 -4  4  0 -1 -2 -3  0  0  3    8   3   1   2   1   1   2   3   1  24   7   1  10   4   3   4   2   1   3  19  0.63 0.36
  167 F   -1 -4  2 -4 -2 -2 -5 -1 -2  3  4 -2  1  1 -3 -3 -3  1 -1  0    5   1  11   1   1   2   1   5   1  15  30   3   3   6   2   2   1   2   2   5  0.52 0.31
  168 A    4  0  0  1 -6  3  2 -2 -1 -4 -4  0 -3  0 -4 -1 -1  1 -3 -3   26   6   5   7   0  11  11   3   2   1   2   6   1   4   1   5   4   2   1   2  0.43 0.34
  169 L    1  2  0 -2 -3 -2 -2 -3 -2 -2  2 -1  0  0 -4 -3 -2  7  3 -2   13   9   5   3   1   2   3   2   1   2  18   4   2   3   1   3   2  13  10   3  0.52 0.34
  170 L    2  5 -4 -4 -2 -3 -3  2 -6 -3  0 -4  2 -4 -3  0 -2  0 -2 -2   15  30   1   1   1   2   2  13   0   2   9   1   4   1   2   8   3   2   2   3  0.66 0.43
  171 N    1  0  2  1 -3  0  0  0  0 -1 -1  1 -1 -1  0  0  0  1 -1 -2   13   5  12   9   0   4   5   5   3   3   6   7   2   3   4   7   5   2   2   2  0.10 0.13
  172 D   -1  1  1  1 -1  1  1  0  2 -2 -2  0  0 -1  0  0  1  1 -1 -1    5   8   6   8   2   5  10   8   7   3   3   5   2   3   5   5   8   2   2   3  0.10 0.12
  173 P   -2 -1 -1  6  0 -1 -1  0  0 -2 -3 -2 -1 -6  1 -3 -2  1 -6 -3    4   3   2  48   2   2   3   7   2   3   2   3   2   0   6   2   3   2   0   2  0.93 0.60
  174 R    0  1  1 -3 -6 -3 -3  5 -1 -4 -4 -1 -1 -3  1 -3 -2 -2 -2 -4    7   8   6   2   0   1   2  48   2   1   2   4   1   1   8   2   2   1   1   2  0.90 0.57
  175 G    2 -1 -2 -2 -3 -2 -2  2 -2 -3 -3 -2  1  0 -2  2 -2  1  5 -3   15   3   2   2   1   2   3  15   1   1   2   2   4   3   3  17   3   2  17   2  0.46 0.38
  176 A    2 -1  2  1 -1 -1 -1  0  1 -2 -2  0 -2  0 -2  1  0  0 -1 -2   18   3  11   8   1   2   3   8   3   3   4   6   1   4   3   9   5   1   2   3  0.18 0.16
  177 S    2 -2  2  3 -6  3  1 -1  1 -2 -2 -1 -6 -1 -2 -2  0 -1 -1 -2   15   3   9  13   0  11  10   4   4   2   4   5   0   3   3   3   6   1   2   3  0.29 0.25
  178 Q    1 -2 -1  0 -1  2 -1  0  1  0 -2 -2 -1 -1  1  1  1  0  1 -1   13   2   3   5   2   8   4   6   3   5   4   3   1   3   7  11  10   1   6   5  0.13 0.15
  179 E    0  2  0  1 -1  1  1  1 -2 -2 -3 -2 -1 -3 -1  0  2  1 -1  1    7  10   4   7   1   7   9  10   1   2   3   2   2   1   3   8  10   2   2   9  0.15 0.15
  180 G    0 -2  3  0 -6  0 -1  2  0 -1 -3 -1 -2 -2  2 -1  1  0  0 -2    8   2  11   6   0   4   4  17   2   4   3   4   1   2  11   5   9   1   3   3  0.25 0.22
  181 Y   -2 -3 -2 -3 -6 -1 -3 -4  0 -3  0 -3  1  2 -2 -2 -1  3  7  0    4   2   3   2   0   3   2   2   2   2  10   2   3   7   3   3   4   3  39   6  1.05 0.58
  182 H    0  3  1  1 -2  1  1 -2  0 -2 -2  1 -1 -2  0 -1  2 -2 -2 -1    7  15   7   7   1   5   7   3   2   2   4   8   2   2   5   4  12   1   2   5  0.17 0.17
  183 P    0  0  1  0 -4  0 -2 -1 -1 -2 -2 -2 -2 -1  6 -2 -1 -4  1 -2    7   5   6   5   0   4   3   6   1   2   4   3   1   3  34   3   4   0   6   3  0.60 0.37
  184 T    1 -1  1 -1 -2  0 -1 -2 -1 -1 -1  0 -1  1 -1  0  3 -2  0  2   10   4   6   3   1   5   3   3   1   3   4   5   1   6   3   8  19   1   3  13  0.16 0.16
  185 P   -1  0  3 -1 -2 -2 -2 -2 -3 -2 -3 -2 -2 -2  5  1  0  1 -1 -1    6   5  12   4   1   2   3   4   0   2   3   2   1   2  29  10   5   2   2   4  0.51 0.34
  186 G    1 -1  0  0 -3 -1 -1  3 -1 -1 -1 -1 -1 -2  1  0  1 -2 -1  0   10   2   4   5   0   2   4  23   1   3   7   4   1   2   6   7  10   1   2   6  0.17 0.15
  187 R    1  0  1  1 -3  1  0 -1 -1 -2 -2  0  1 -2  2  1  0 -1 -1 -2   11   5   7   8   0   7   5   4   1   2   4   5   4   2  11   8   7   1   2   3  0.14 0.14
  188 Y    0  0 -2  0 -3 -1  0 -1  0 -1 -1 -2 -2  2  0 -1 -2  4  6 -2    7   4   2   5   0   3   6   5   2   4   6   2   1   8   4   4   3   5  24   3  0.40 0.25
  189 K    0  1 -1 -1 -2  0  1 -2 -1 -2 -2  2 -1 -1  2 -1  0 -1  1  0    8   9   3   4   1   3  10   3   1   2   4  13   1   2  10   4   7   1   4   8  0.13 0.13
  190 F    0 -2 -1 -2 -2 -1 -1  1 -1 -1  0 -1 -1  3  1 -1  0  3  1  0    8   2   3   2   1   2   3  11   2   4  11   4   1  14   6   4   6   4   5   8  0.13 0.11
  191 D    0  1  1  2 -2 -1 -1 -1  0 -2 -1 -1 -2 -1  1  0  1 -2  1 -1    8   9   8  14   1   2   4   5   2   2   5   3   1   3   6   7  10   1   4   5  0.12 0.12
  192 D   -1 -1  2  2 -2 -1  0 -1 -2 -1 -2  0 -2 -1  1  0  0  5  1  0    5   2   9  13   1   2   5   5   1   4   4   6   1   2   9   5   5   9   4   8  0.21 0.16
  193 E   -1  1  0  1 -2  0  1  0 -1 -1 -1  0 -1 -1  2  0  0 -1  0  0    5   8   4   9   1   5  10   8   2   4   5   4   1   2  11   5   6   1   4   6  0.10 0.09
  194 P    0 -1 -1 -1 -4 -1 -2 -2 -2 -1 -2 -1 -2 -2  6  0  1 -1  0 -2    7   3   4   3   0   2   3   4   1   3   5   3   1   2  36   7   7   1   3   3  0.62 0.39
  195 T    0  1  1 -1 -1 -1 -1  0 -3 -1 -2 -1 -1 -2  0  0  3 -1  1  0    7   7   6   3   1   2   4   8   0   4   4   4   1   1   4   7  22   1   5   7  0.17 0.18
  196 H    0 -1  1  1 -1 -1  0  2  2 -2 -2 -1 -2 -1  1 -1  0  3  0 -2   10   3   8   8   1   2   5  16   5   3   4   4   1   3   7   3   5   4   3   3  0.15 0.14
  197 P   -1 -3 -3 -1 -4  0  0 -1 -5 -3 -4 -2 -4 -3  7 -2 -1  2 -2 -3    6   2   2   4   0   5   5   5   0   2   2   2   0   1  50   4   4   2   1   2  1.17 0.70
  198 V    0 -2  0  0 -2 -1  0  4 -3 -1 -2 -3 -2 -1  0  1 -1  0 -3  1    7   2   4   5   1   3   5  32   0   3   4   1   1   3   5   9   4   1   1   9  0.34 0.28
  199 V    0  2 -1 -1 -2  1 -1  0  0 -1 -1  0 -1  0  0 -1 -1 -2  1  1   10  14   3   2   1   5   4   6   2   4   6   5   1   4   5   4   4   0   6  11  0.08 0.11
  200 L   -2 -2 -2 -4 -3 -4 -3 -4 -1 -2  0 -4 -2  0 -2 -2 -1 11  1 -1    4   3   3   1   1   1   2   2   2   3  10   1   1   4   2   4   3  44   5   5  1.69 0.83
  201 I    0  2 -2 -1 -4  4  0 -1 -1  0 -2 -1 -1 -1  0 -1 -1 -3 -1  2    7   9   1   3   0  23   5   5   1   4   5   3   1   2   6   4   4   0   3  13  0.29 0.28
  202 P    0 -3  0 -3 -5 -1 -3 -1 -3 -5 -3 -3 -4 -4  7 -1 -3 -2 -2 -3    7   2   4   2   0   3   2   5   1   1   3   2   1   1  58   4   2   1   1   2  1.48 0.79
  203 V    0 -3 -1 -2 -4 -2 -3 -1  0  0  0 -1 -3 -2 -1 -2  5  3 -1  1    6   1   3   3   0   2   2   5   3   4  11   4   0   2   3   3  34   3   2  10  0.45 0.35
  204 D   -1 -2  0  2 -4 -1  1  0 -2 -2 -2 -1 -1 -2  4 -1 -1 -2  2 -2    5   2   5  13   0   2   8   8   1   2   5   3   1   2  22   4   5   1   7   4  0.36 0.27
  205 P    0 -1 -2 -3 -3 -1 -3  0  0 -2 -3 -3 -1  0  6 -1 -2  2 -1 -1    7   4   2   2   1   3   2   8   2   2   3   2   1   4  41   5   3   3   2   4  0.80 0.46
  206 N    1  1  2  1 -3  0  0  1  1 -2 -2 -1 -1 -1  0  0  0  2 -1 -1   13   7  11   7   0   4   5  10   3   3   4   3   2   2   4   8   5   3   2   4  0.11 0.11
  207 N   -1 -1  2  1 -2  1  0  0  2 -2 -1 -1 -1  1  0 -1  1  2  2 -1    6   3  10   8   1   5   4   6   5   2   4   3   2   6   5   4   9   3   8   5  0.10 0.10
  208 P    1  0 -1 -2 -3  0 -1  1 -2 -2 -1 -1  1 -2  4  0  0 -1 -1 -2   10   6   3   3   1   4   3  12   1   3   6   3   4   1  23   6   6   1   2   3  0.30 0.19
  209 N    0 -1  2  1 -2  1  1  0 -2 -1 -1  0 -1 -1  1  0  0  1  0 -1    8   3  12   9   1   6   8   8   1   3   7   4   1   2   8   5   6   2   3   3  0.10 0.09
  210 G    0  0 -1  1 -2 -1 -1  3 -1 -2 -2  0 -1  0  1  1 -1 -1  0 -1    8   5   3   7   1   2   3  25   1   2   4   4   2   4   7   9   4   1   3   5  0.19 0.14
  211 P    1 -1 -1 -1 -2  1 -1  1 -2 -1 -1 -1 -1  0  4 -1 -1  0 -2  0   10   4   2   4   1   6   4  12   1   4   6   3   1   4  20   4   4   1   1   6  0.23 0.16
  212 K    0 -1  0  0 -1  1  1  0 -1  0  0  0  0  0  0  0  0  0  1  0    6   3   4   5   1   8   8   8   1   5   8   7   2   4   4   6   5   1   5   9  0.02 0.03
  213 M    0  0  0 -1 -2  0 -1  0  0  0 -1  0 -1  1  0  0  1  3  1  0    7   5   4   3   1   4   4   7   2   5   5   5   1   8   4   8   9   4   5   9  0.05 0.05
  214 P    1 -2 -1 -1 -2  0 -1 -1 -1 -1 -2 -1 -1  0  5  0  0 -1 -2  0   10   3   2   3   1   4   3   5   1   3   4   3   1   4  32   6   5   1   1   6  0.50 0.26
  215 F    0 -1 -1 -1 -2  0 -1 -1  0  0  0 -1  1  3 -1 -1  1  0  2  1    6   3   3   3   1   5   5   5   2   4   7   3   4  12   3   5  10   1   9   9  0.10 0.10
  216 R    1  2 -1 -1 -3  4 -1 -1  1 -1 -2 -1  1 -1  0 -1 -1  3  0 -1   10  10   3   4   0  21   3   6   3   4   5   3   3   3   4   3   4   3   3   4  0.25 0.22
  217 Q    0  0 -1  0 -2  1  0  1  1 -1 -1  0 -2  0  2  0 -1 -3 -1 -1    8   5   3   5   1   8   5  13   3   4   5   4   1   6  12   6   4   0   2   5  0.11 0.10
  218 Y    2 -2 -2 -2  0 -2 -2 -1 -2 -2 -1 -2  0  4  3 -1 -1  1  2 -1   19   2   2   3   2   2   2   5   1   2   5   2   2  16  12   4   3   2   8   4  0.32 0.23
  219 H    0 -3 -1 -2 -1 -2 -2 -3  1  1  2 -2  2 -1 -2 -2 -1  1  0  2   10   1   3   3   1   2   3   2   3   9  24   2   6   3   2   3   3   2   3  17  0.24 0.18
  220 A    1  0 -2 -1 -4 -1  2  1  0 -3  1 -2 -2 -1 -3  0  3 -4 -2 -1   12   5   2   3   0   2  12  12   2   1  14   2   1   2   1   6  18   0   1   3  0.22 0.23
  221 P    0 -4 -4 -3 -6 -3 -4 -3 -6 -4 -4 -5 -2 -6  8 -1 -2 -1 -6 -4    7   1   1   2   0   1   1   2   0   1   2   1   1   0  68   4   3   1   0   2  1.97 1.01
  222 F   -3 -2  2 -3 -4  3 -1 -1  5 -3 -1 -2 -1  3 -5 -3 -2  4  4 -2    2   2   8   1   0  15   4   5  12   2   6   3   1  13   0   2   3   6  13   2  0.63 0.43
  223 Y   -1 -5 -5 -5 -3 -4 -5 -3 -2 -2 -1 -5 -1  2 -4 -4 -3 11  5 -1    5   1   1   1   1   1   1   2   1   3   6   1   2   7   1   2   2  45  15   4  2.05 1.01
  224 G    0  1  0 -3 -6 -2 -4  6 -3 -2 -2 -1 -1 -1 -2 -1 -4  1 -2 -3    6   7   5   1   0   1   1  50   1   2   4   3   1   2   3   4   1   2   1   2  0.86 0.53
  225 K    0  2  2  0 -4  1  0 -1 -1 -2 -1  3 -1 -2 -1  0  1 -1 -3 -2    7   9  12   5   0   7   5   4   1   2   6  17   2   2   3   6   8   1   1   2  0.20 0.21
  226 T   -2 -2  2 -3 -1 -2 -2 -3 -1  2  0 -4  1 -2 -4 -1  1  2 -3  4    3   2   9   2   1   1   2   2   2  11   8   1   4   1   1   4   9   2   1  33  0.49 0.36
  227 T    0  5 -2 -1 -5 -1 -2 -3 -2 -1 -2  3  0 -4 -2 -2  2 -5 -4 -1    9  29   2   3   0   3   2   2   1   4   4  16   2   1   2   3  12   0   1   4  0.53 0.39
  228 K   -2  1 -3 -1 -3 -4 -3 -4 -1 -5 -3  1 -1 -5  6 -2  2 -7 -5 -5    4   9   1   4   1   1   2   1   1   1   3   7   2   1  45   3  14   0   1   1  1.15 0.73
  229 R   -3 -2 -4 -3 -2 -1 -4 -5 -1 -1 -1 -4  1  7  1 -4  1  6 -1 -2    3   3   1   2   1   3   1   1   2   3   7   1   4  40   7   1   8   9   2   3  1.03 0.61
  230 F    2 -5 -3 -4 -3 -5 -4 -1 -3  0  1 -4 -1  5 -5 -1  0  2 -1  2   17   0   2   1   0   0   1   5   1   5  13   1   2  22   0   5   6   2   2  15  0.51 0.37
  231 A    1 -2 -3 -2 -4 -3 -3 -2 -3  2  3 -1  4  0 -3 -1 -1 -5 -1  1   12   2   1   2   0   0   1   3   0  12  26   3  10   4   1   4   3   0   2  10  0.36 0.29
  232 T    0 -1 -1  3 -4 -1 -1 -1 -3  0 -1  0 -2 -2  2  1  3 -2 -1 -1    8   4   3  14   0   3   4   5   0   5   5   5   1   1   9  10  17   1   2   3  0.21 0.24
  233 Q   -1  1  2  2 -5  1 -1 -3 -1 -4 -3 -1 -5 -5  1  4  1 -2 -4 -2    5   7   8  12   0   5   3   2   1   1   2   3   0   1   6  31   9   1   0   3  0.49 0.43
  234 S    2 -2  1  0  0 -2 -1  1 -3 -2 -3 -1 -2 -4  2  1  1 -3 -3  0   21   1   8   6   2   2   4  11   1   2   2   4   1   1  11  10   7   0   1   7  0.26 0.27
  235 E    1  0  1  3 -3  0  2 -1 -1 -2 -3  0 -2 -4  0  2  0 -5 -5 -2   12   4   6  16   1   5  12   5   1   3   3   5   1   1   5  14   6   0   0   3  0.26 0.26
  236 H    0  0 -1  0 -4  5  1 -2  2 -2 -2  0 -1  0 -2 -1 -1 -1  0 -1    7   4   2   6   0  29   9   3   6   2   4   4   1   3   2   4   4   1   3   5  0.43 0.39
  237 F   -1 -1 -2 -1  1 -1 -1 -2 -1 -1 -1 -1  0  6 -1 -1  0 -4  2  0    6   3   2   3   4   3   3   3   1   4   6   3   2  33   4   4   6   0   5   6  0.47 0.36
  238 L   -1  3 -1 -1 -1 -1 -1 -2 -1  0  0  1  0  0  0 -1  0  0 -1  0    5  22   2   4   1   2   3   3   1   6  12   8   2   5   6   4   5   1   2   5  0.15 0.18
  239 A    1 -1 -2  0  0 -1 -2 -3 -5 -1 -1 -1 -1 -2  5  0 -1  0 -5  0   13   4   2   6   2   2   3   2   0   4   6   4   1   2  32   5   5   1   0   6  0.54 0.43
  240 D    0 -1 -2  1 -4 -1 -1  0  0 -1 -1 -1  0 -2  5 -1 -1  0 -1  0    9   3   2   7   0   2   5   9   2   4   6   3   3   2  25   5   3   1   2   6  0.32 0.27
  241 P    1  0 -1  0 -4 -2 -1  1 -1 -2 -2  0  0 -1  5  0  0 -1 -1 -1   11   4   2   5   0   2   3  11   2   3   5   5   2   2  26   6   5   1   2   4  0.36 0.30
  242 P   -3 -4 -4 -3 -8 -4 -5 -3 -2 -4 -4 -4 -3 -4  8 -3 -4 -2 -3 -7    3   1   1   1   0   1   1   2   1   1   3   1   1   1  76   2   1   1   1   0  2.33 1.26
  243 G    0 -1 -3 -2 -2 -2 -1 -1 -3 -2 -4 -3 -2 -3  7 -3 -1 -7  0 -1    7   3   1   3   1   2   4   6   1   3   2   2   1   1  51   2   3   0   3   4  1.16 0.74
  244 L    2 -1 -2 -1 -2 -1 -1 -1 -1 -1  0 -1  0 -1  3 -1  0 -1 -1  0   20   3   2   4   1   3   4   5   2   3  10   3   2   3  16   4   5   1   2   6  0.21 0.21
  245 R   -1 -1 -1 -1  0 -2 -2 -2  1 -1  2 -1 -2  4  1 -2 -1  1  3 -1    6   3   2   3   2   2   2   3   3   4  18   5   1  16   8   3   4   2   9   5  0.25 0.21
  246 S   -1 -3  1  2 -2 -2 -2  2 -1 -2 -3 -3 -5  1  0  3  1 -1  1 -3    4   1   6  13   1   2   2  13   1   3   3   1   0   6   5  22  10   1   5   2  0.35 0.33
  247 N   -2 -2  1  1 -5 -2 -1 -1  0 -3 -2 -2  0 -2 -1  5  1  0 -1 -4    3   2   6   8   0   1   4   4   2   2   5   3   3   2   4  39   8   1   2   1  0.55 0.46
  248 A    1 -1 -1  2 -4 -1  2 -2  3 -2 -2  0 -1 -2  1  0  2 -5  0 -1   13   3   3  10   0   2  13   2   6   3   4   6   2   2   7   5  11   0   3   5  0.19 0.21
  249 D   -1  0  1  2 -4  1  2 -1  0 -1 -1  1 -2 -3  1  0  1  0 -2 -2    6   4   5  14   0   7  12   4   2   3   6   9   1   1   7   5   7   1   1   3  0.17 0.18
  250 E   -1  0  1  2 -2 -1  1  0 -1 -2 -1  0  0  0  1 -1  0  4  2 -2    4   4   8  10   1   2   9   9   1   2   5   5   3   4   6   5   6   5   8   3  0.14 0.15
  251 T    1  0  1  0 -2 -1 -1 -1 -1 -3 -2  0 -2 -2  0  4  1 -2 -1 -2    9   5   5   6   1   3   5   5   1   2   4   6   1   2   4  27   9   1   3   3  0.25 0.26
  252 A    2  2 -2  0 -5  1  0 -2 -2 -2 -2  1 -2 -4  2  2  0 -2 -5 -1   19  10   2   5   0   5   6   2   1   2   4   7   1   1  11  14   5   1   0   4  0.28 0.28
  253 E    1  1 -2  3 -3  1  3 -3 -1 -3 -3 -1 -2  3 -2 -1 -2 -2 -3 -3   12   6   2  15   1   7  22   2   1   2   2   3   1  13   2   4   2   1   1   2  0.47 0.38
  254 Y   -2 -2 -5 -2  0 -2 -3 -3  1 -2 -2 -3  0  5 -2 -3 -2  3  7 -1    3   3   0   2   2   2   2   3   3   3   4   2   2  21   2   2   3   3  35   4  0.98 0.61
  255 D    1  1  1  0 -3  1  0 -1  1 -1 -2  2  0  0  0 -1 -1  2  1 -1   13   6   7   6   0   7   5   3   3   3   4  13   3   4   3   3   4   3   6   3  0.10 0.14
  256 D    0  1  0  1 -4  2  3 -1  1 -1 -2  1  0 -1 -3 -1  0  2  0 -1    7   8   4   8   0  10  18   4   3   3   4   9   3   3   0   4   5   3   3   3  0.19 0.21
  257 A    2 -3 -2  1 -4  3  1 -2 -2  0  0 -3  1 -1 -4 -1 -1 -4 -1  2   18   1   2   8   0  14   8   2   1   5  11   1   3   3   0   4   3   0   2  14  0.25 0.28
  258 V   -1 -1 -3 -3 -2 -2 -2 -3 -2  0  2  2  4  2 -3 -3 -2 -1  1  2    6   3   1   1   1   2   2   1   1   5  22  12  11   9   1   2   2   1   5  14  0.33 0.28
  259 R    0  1  2  2 -5  1  4 -3 -2 -2 -2  1  1 -3 -3 -2 -1 -2 -2 -3    9   6  10  12   0   6  26   1   1   2   4   7   4   1   1   3   4   1   1   2  0.40 0.35
  260 V   -1 -3 -2 -1 -5  0  5 -4 -2  0 -1 -1 -1 -1 -3 -3 -2 -5  0  3    5   1   2   4   0   4  35   1   1   6   7   3   1   3   1   1   2   0   4  19  0.57 0.45
  261 A   -1 -4 -2 -4 -3 -1 -3  1 -1  0 -1 -3 -1  0 -5 -3 -1 -5  4  5    4   1   2   1   1   3   2  10   1   5   7   1   1   3   0   2   5   0  13  39  0.62 0.45
  262 I    0  3  0  0 -2  0 -1 -2  0  0 -1  2 -1 -1 -3 -2 -2 -1  4 -2    8  15   4   4   1   3   4   3   2   5   7  14   1   2   1   3   2   1  16   3  0.27 0.25
  263 A    2  1  1  2 -1  0  1 -2  0 -1 -1  1 -1 -3 -3 -1  1 -2 -2 -1   18   9   7  11   1   4   9   2   2   4   5   7   1   1   0   4   8   1   1   4  0.16 0.18
  264 M    0 -1 -1  0 -3 -1 -1 -1  0  1  1  1  1  0 -1 -1  0  1  2  1    6   3   2   6   0   3   3   3   2   9  15  10   3   4   2   4   5   2   7  10  0.04 0.08
  265 G   -1 -1  2 -1 -4 -1 -1  4  0 -1 -1  0  0 -4 -1  0 -1  2 -4 -1    6   3  12   4   0   3   4  32   2   3   6   5   2   0   3   5   4   4   0   4  0.36 0.28
  266 G    0  0  1  0  0  1  0  1  0 -1 -1  1  0 -1  0  0  0 -3 -1 -1    7   4   9   6   2   6   7  11   2   5   4   8   3   2   4   8   5   0   2   3  0.06 0.07
  267 A    2  0  1  1 -3  0  0  0  0 -1 -1  0  0 -2 -1  0  0  0 -1 -1   19   4   7   8   0   4   4   8   2   4   7   7   3   1   3   8   4   1   2   4  0.08 0.11
  268 Q    0 -1  2 -1 -4  0  0  0  1  1 -1  0  1  0  0 -1  0  2  0  0    9   4   9   4   0   5   7   8   3   7   6   4   3   4   5   5   5   3   3   6  0.05 0.05
  269 A    1  0  0  0  1  0  1 -1  1 -1 -1  0  0 -1  0  0 -1  2  0 -1   12   5   5   6   3   3  10   5   3   4   5   6   3   3   5   6   4   3   4   5  0.05 0.05
  270 L    0  0  0  0 -1  0  0 -1 -1  0  1  0  0 -1  0  0  0 -1 -1  0    6   5   3   6   1   3   6   4   2   7  15   8   3   3   5   6   8   1   1   8  0.02 0.02
  271 N    1 -1  3  2 -2 -1 -1  0 -1 -1 -2  0 -1 -2  0  0  2 -2 -2 -1   11   3  19  11   1   2   4   6   2   3   4   4   1   2   4   4  14   0   1   4  0.21 0.15
  272 S    0 -1  0  0 -2  0 -1  0 -1 -3 -2 -1 -2 -3  1  4  0 -3 -2 -2    5   3   3   6   1   5   3   8   1   2   4   3   1   1   7  38   4   0   1   3  0.41 0.30
  273 T    1  0  0  0 -1  0  0 -2 -1 -2 -2  1 -1 -2 -1  1  3 -3 -2  0   13   4   4   5   1   5   6   2   1   2   3   8   1   2   3   9  23   0   1   5  0.19 0.17
  274 K    0  0  1  0 -1  0  1 -1  0 -1 -1  1 -1 -1  0  0  2 -3 -1  0    7   6   8   3   1   4   8   5   2   3   4   8   1   2   3   7  16   0   2   8  0.09 0.10
  275 R   -2  5 -1 -1 -3 -1 -2 -1 -1 -2  2  0 -1 -1 -2 -3 -2 -3 -3 -2    4  38   2   3   0   3   2   5   1   2  21   5   1   2   2   2   3   0   1   3  0.60 0.33
  276 S   -1 -2  0 -2 -1 -1 -2 -2 -2 -3 -3 -2 -4 -4 -3  2  6 -5 -4 -4    4   2   4   2   1   3   2   2   1   1   2   2   0   1   2  13  56   0   0   1  1.10 0.59
  277 P    2  0 -2  3 -2  1  1 -3 -1 -3 -2 -1 -3 -3  4 -1 -2 -5 -2 -3   16   5   2  18   1   5  10   2   2   1   4   3   1   1  22   5   2   0   1   2  0.49 0.34
  278 W    0 -1 -1  3 -5  0  5 -3 -1 -4 -4 -1  0 -1 -3 -2 -2 -1  2 -3    9   2   2  15   0   3  39   2   2   1   2   3   2   2   1   2   2   1   7   2  0.67 0.44
  279 Q   -3  1 -1  0 -6  7  2 -4  1 -3 -4 -1 -1 -4 -3 -3 -2 -5 -2 -4    2   6   2   5   0  50  14   1   4   1   2   3   2   1   1   1   2   0   1   1  1.17 0.64
  280 T   -2  2 -1 -2 -4 -1 -1 -3 -3  0 -1  4  1 -3 -3  0  3  0 -2 -1    3  10   3   2   0   2   4   1   0   6   6  23   3   1   1   5  23   1   1   4  0.39 0.31
  281 A    2  1  0  1 -2  1  2 -2 -1 -1 -1  0  1 -1 -3 -1 -1  1 -2  0   20   7   4   7   1   5  17   1   2   3   5   5   5   2   0   3   3   2   1   8  0.17 0.19
  282 Q   -1 -2 -3 -3 -4 -1 -2 -3 -5  5  1 -1  2 -1 -5 -2  1 -5  0  0    6   2   1   1   0   3   3   2   0  42  11   4   6   2   0   3   9   0   3   4  0.62 0.38
  283 G    5 -4 -1 -4  0 -4 -4  0 -4 -2 -4 -2  0 -1 -2 -1 -1 -5 -4  1   63   0   3   0   2   0   0   7   0   2   0   2   2   2   2   3   2   0   0   8  0.88 0.49
  284 L    0  1  0  0 -1  1  2 -2  0  0  0  1  0 -1 -3  0  0  3  0 -1    8   7   4   3   1   5  17   2   2   9   8   8   2   3   0   4   6   5   2   4  0.10 0.11
  285 Y   -1 -1 -1 -1 -3  0  1 -3  1 -2  0 -1 -1  5 -3 -1 -2  3  2  0    4   4   4   4   0   4   9   0   3   0   9   4   0  30   0   4   0   4   8   9  0.32 0.20
  286 W   -4 -4 -4  0 -4 -3 -4 -4  2 -3  0 -4  2  2 -4 -4  0 10  2 -3    1   0   0   6   0   0   1   1   6   1   8   1   7   7   1   1   6  47   6   1  1.65 0.50
  287 A    2 -1  1  2 -4  0  1  0  1 -2 -1 -1  0  1 -2  0 -2  0  0 -2   20   3   8  10   0   4   7   7   3   2   5   3   3   7   1   6   2   1   3   2  0.16 0.15
  288 Y    0  0  2  3  1 -1  0  0  0 -1 -1 -1 -1  0 -2 -1 -1 -1  2 -2    8   6  11  19   4   2   5   7   2   3   6   4   2   3   2   4   3   1   8   2  0.20 0.15
  289 D   -1 -2  3  4 -4 -3 -1  2 -3 -1 -3  0 -4 -2 -1  1 -2 -4 -2 -1    6   2  12  25   0   1   3  13   0   3   3   5   0   2   4  10   3   0   2   5  0.42 0.26
  290 G   -1 -1 -1 -1 -1 -2 -2  3  1 -1 -1  1 -1 -1  2  1 -2  1 -2  0    5   3   2   3   1   1   3  23   3   4   6   9   1   3  11  11   2   2   2   6  0.21 0.16
  291 S    1 -2  0  0 -2 -2  0  3 -1 -2 -2 -2 -2  1  2  0 -1  1  0 -1   13   2   5   6   1   2   5  19   2   2   4   2   1   6  10   8   3   2   3   5  0.19 0.15
  292 N    0 -1  1  0 -2  0 -1  1 -1 -1 -1 -1  0 -1  1  1  1  0 -2 -1    8   3   7   5   1   4   4  13   1   3   5   4   2   3   8  11  11   2   1   5  0.11 0.10
  293 L   -1  0 -1 -1 -2 -1 -1  1 -1 -1  1  1  0  0 -2  1  2 -1 -1  0    5   4   3   3   1   2   4  11   1   4  13   9   2   4   2  11  13   1   2   6  0.07 0.08
  294 I   -1 -1 -1 -2  0 -1 -1 -1 -1  0  0  0  0  2 -2  0  2 -1  1  1    4   4   3   2   2   2   3   4   1   6  10   6   3   8   2   8  14   1   6  11  0.08 0.08
  295 G    0 -1 -1 -1 -1  0  1  2 -1  0 -1  0  0  1  0  0  1  0  1 -1    7   2   3   2   2   3  10  15   1   7   4   6   3   6   4   6   9   1   6   3  0.08 0.09
  296 T   -1  0 -1 -2 -3  0 -1 -2 -2 -2 -3 -2 -1 -1  1  2  4 -1 -1  0    5   4   2   2   0   4   5   3   1   2   3   2   2   2   7  16  31   1   2   6  0.41 0.30
  297 P   -2 -4 -1 -2 -1 -2 -3 -3 -2 -2 -3 -3 -1 -3  7  0 -1 -4 -3 -1    3   1   3   3   1   2   2   3   1   2   3   1   2   2  55   6   3   0   1   5  1.31 0.62
  298 P    0 -3 -1 -2 -4 -2 -3  2 -2 -2 -2 -2 -2 -4  6 -1 -2 -1 -2 -2    8   2   3   2   0   2   2  17   1   2   5   3   1   1  39   4   3   1   2   3  0.80 0.43
  299 R    0  1 -1 -3 -2  0 -1  5  1 -2 -2 -1 -3 -2 -1 -1 -1 -4 -3 -2    7   8   3   2   1   4   3  43   4   3   4   4   0   2   3   3   3   0   1   3  0.58 0.34
  300 F   -2 -1 -3 -4 -4  2 -2 -2  8  0  1 -2  0  0 -3 -1 -1  0  1 -2    4   3   1   1   0   9   3   3  33   5  13   2   2   4   1   4   3   1   4   3  0.79 0.44
  301 Y   -3 -5 -5 -3 -2 -2 -5 -5 -1 -5  0 -5  0  2 -5 -2 -3 11  5 -3    2   1   1   2   1   2   1   1   1   1   8   1   2   6   1   3   2  48  15   2  2.20 0.95
  302 N   -3 -3  5 -1  0 -2 -3 -1  2  1  1 -3  4  0 -3 -2  1 -4 -1 -2    2   1  30   3   2   2   1   4   4   8  11   1  10   5   1   2   7   0   2   3  0.56 0.37
  303 Q    0  2  0  0 -3  2  0  1 -1 -1 -1  0 -1 -1  1  0 -1 -2 -2 -2    8  10   5   4   0  12   6  11   1   4   5   5   1   3   8   7   4   0   1   2  0.13 0.14
  304 I   -1 -3 -2 -5 -2 -2 -4 -3 -1  6  0 -2  0  3 -2 -4 -2  0 -2  2    6   1   2   1   1   2   1   3   2  41   8   2   2  10   3   1   2   1   1  10  0.70 0.40
  305 V    4 -3 -3 -3 -1 -4 -3 -1 -1  0  1 -3 -2 -1 -4 -2  2 -4 -2  1   38   1   1   1   1   0   2   6   2   6  12   1   1   3   1   1  14   0   1   8  0.51 0.38
  306 R    0  4  1  0 -2  3  0  0  1 -2 -1  0 -1 -3 -3 -1 -1 -4 -2 -3    9  22   7   5   1  13   4   7   3   3   6   6   2   1   1   5   4   0   1   2  0.29 0.24
  307 R    0  1  0  1 -2  3  0 -1  0  0 -1  1 -1 -1 -1  0  1 -1  1 -1    6   9   3   7   1  13   5   4   2   7   4   8   1   3   2   6   9   1   5   4  0.10 0.13
  308 I    1 -2 -6 -6 -6 -2 -3 -3 -6  3  2 -2  0 -1 -2 -2 -2 -6 -1  4   10   3   0   0   0   2   2   2   0  17  19   3   2   3   2   4   3   0   2  24  0.59 0.30
  309 A    4 -3 -2 -2  0  0 -2 -1 -6  3 -1 -3  0 -2 -6  2 -1 -6 -6  0   28   2   3   3   2   4   3   5   0  15   6   2   2   2   0  13   3   0   0   7  0.48 0.30
  310 V    0  0  0  1  1  0  0 -1  0  0 -1  0  0  0 -1  0  0  2  0  0    8   6   4   7   4   4   7   4   3   6   6   5   3   4   3   6   5   3   3   8  0.02 0.02
  311 T    0  1  0  0  1  2  1 -2  1  0 -2  1  1 -1 -1  0  0  3  0 -1    9   8   4   5   3   8   8   4   3   5   4   7   3   3   3   6   6   4   3   4  0.09 0.09
  312 Y    0  0  0  0 -1  1  1 -1  1 -1 -1  0  0 -1  0  0  0  0  2 -1    9   5   3   6   1   6   8   4   3   3   6   7   2   2   5   7   4   1  10   5  0.06 0.05
  313 K    1  1  0  0 -1  0  0  1  0  0  0  1  0 -1  0  0 -1  0 -1 -1   12   7   5   6   1   4   4  11   2   5   8   9   4   3   3   6   3   1   2   5  0.03 0.03
  314 K    0  0  0  0 -1  0  0  0  1  0  0  0  0  0  0  0  0  0  0  0   10   6   4   4   1   5   6   6   4   5  11   8   1   3   5   5   5   1   3   6  0.02 0.01
  315 E    0  1  0  1 -1  0  0  1  0 -1 -1  0 -1 -1  0  0  1 -1  0 -1    8  10   5   8   2   3   6  10   2   3   6   5   2   3   3   7  10   1   3   4  0.05 0.04
  316 E    0  0  0  1 -1  0  1 -1  0  0  0  0  0 -1  0  0 -1 -1 -1  0   10   5   5  11   1   4   8   5   2   6  10   6   3   3   4   5   3   1   2   5  0.03 0.02
  317 D    1  0  0  2 -1  0  0 -1  1 -1  0  0 -1 -1  0  0  0  0  0  0   15   4   3  12   1   4   6   4   3   3   8   4   1   3   5   7   4   1   3   6  0.06 0.05
  318 L    1 -1 -1 -1  1 -1 -1 -1 -1  1  1 -1  0  1 -1  0  0 -1  0  1   13   4   2   4   3   2   4   5   2   7  17   4   2   6   3   6   5   1   2   9  0.03 0.03
  319 A    2  0 -1  0 -2  1  1  0  0 -1  0  1 -1 -1 -1  0  0 -1 -2 -1   18   4   2   4   1   5   8   8   3   4   9   8   1   3   3   7   5   1   1   4  0.07 0.07
  320 N    0  2  1  1 -2  1  0  0  0 -1 -1  1 -1 -2  0  0  0 -2 -2 -1    9  14   6   7   1   8   4   9   2   3   5   8   1   2   4   6   6   0   1   5  0.10 0.08
  321 S    1  1  0  1 -2  0  1  0  3 -2 -1  1 -1 -2 -1  1  0 -2 -1 -2   12   9   4   7   1   4   8   5   9   2   5   7   1   1   3  11   6   1   2   3  0.13 0.11
  322 E   -1  1  2  2 -3  0  1  2  1 -3 -2  1 -2 -3  0 -1 -1 -3 -2 -2    5   7  10  10   1   3   9  19   4   2   4  11   1   1   5   4   3   0   1   2  0.23 0.15
  323 V    0 -1 -1 -2 -3 -1 -2 -2  0 -1  3 -2  2  0 -1 -1  0  1  0  0   10   3   3   2   0   2   3   3   3   2  33   2   6   3   3   4   6   2   4   6  0.20 0.17
  324 N   -1 -2  3  4 -2 -2 -1  1 -2 -3 -2 -2 -3 -3  0  3  1 -1 -3 -3    5   2  13  23   1   1   2   9   1   2   3   1   1   1   5  20   8   1   1   2  0.44 0.29
  325 N    0 -2 -1 -2 -2 -2 -1 -2 -1  1  3 -2  0  1  0 -1  0  0 -1  1    7   2   4   2   0   2   4   3   2   6  32   1   1   6   5   3   7   1   2   9  0.19 0.16
  326 A    1 -1 -1  1 -3 -1  1 -2 -1 -1  0 -1  0  0  1 -1  0  3  0  1   16   3   1  11   0   2   8   3   1   3  11   2   3   3   6   3   4   5   4  10  0.10 0.12
  327 D   -1  2 -1  3 -4  3  3 -1 -1 -4 -3  1 -1 -2 -3 -2 -1 -1 -2 -3    5  11   2  18   0  13  20   5   1   1   2  10   2   2   1   2   3   1   1   2  0.45 0.30
  328 F    2 -1  1  1 -1 -1 -1 -3 -1 -2 -1 -2 -1  0 -3  2  3  4 -2 -2   15   2   8   9   1   3   3   1   1   2   7   1   2   4   0  13  19   5   1   2  0.27 0.24
  329 A    5 -5 -4 -4 -3 -3 -3 -4 -4 -1 -1 -3 -2 -5 -4 -2 -1 -5 -5  3   56   0   1   1   0   1   1   1   0   3   5   1   1   0   0   3   3   0   0  21  1.07 0.58
  330 R   -2  6 -3 -2 -4  1  2 -4  3 -4 -2  2 -1 -2 -4 -2 -3 -5  0 -3    3  40   1   2   0   6  11   1   6   1   4  12   1   2   1   2   1   0   3   2  0.80 0.44
  331 L    0 -3 -3 -4 -3 -3 -4 -4 -4  1  4 -4  4  1 -4 -2  1  0 -1  2    8   1   1   1   0   1   0   1   0   8  37   0   9   5   0   2   8   1   1  12  0.50 0.31
  332 F   -4 -4 -4 -4 -3 -4 -5 -5  0 -1  2 -5  0  6 -5 -3 -4 -1  6 -1    1   1   1   1   0   1   0   1   2   4  18   0   2  36   0   1   1   0  24   4  1.19 0.54
  333 A    6 -3 -4 -4 -2 -4 -4 -2 -5 -4 -1 -3 -1  2 -4 -1  0  1 -3 -1   59   1   1   1   1   0   0   3   0   0   6   1   2   9   0   3   6   2   1   3  0.95 0.53
  334 L    1  0 -3 -3 -2  0 -2 -2 -2 -1  3  1  2 -2 -3 -1  0 -2  0  0   11   6   1   1   0   5   2   3   1   3  31  10   7   1   1   3   7   0   4   5  0.24 0.21
  335 V    0 -4 -2 -4 -1 -2 -3 -3 -1  0  3 -4  1  0 -4 -1  2 -4 -2  3    9   0   2   0   1   2   1   2   2   5  33   0   3   4   0   3  12   0   1  20  0.42 0.28
  336 D    1 -3  4  1 -3 -1 -2  3  2 -4 -4 -3 -3 -3 -4  2  0 -2 -2 -4   11   0  24   7   1   3   2  19   5   1   1   0   1   1   0  18   4   0   1   0  0.58 0.36
  337 V    0 -3 -1 -4 -2 -2 -2 -2 -4  3  1 -3  5 -1 -3 -2  1  0 -2  3    6   1   4   0   0   2   2   2   0  18  11   0  15   3   1   3  10   1   1  18  0.39 0.27
  338 A    6 -5 -4 -5 -4 -4 -4  1 -5 -3 -5 -4 -4 -5 -3  2  1 -5 -3 -1   61   0   0   0   0   0   0   9   0   1   1   0   0   0   1  12   9   0   1   4  1.13 0.59
  339 C    0 -2 -3 -2 -1  0 -2 -2 -2  2  3 -3  5  0 -4 -2  0 -4 -1  1    8   2   1   2   1   6   3   4   1   9  27   0  16   3   0   3   4   0   1   9  0.34 0.25
  340 T    4 -3  0 -2 -2 -2 -3 -2  4 -2 -1 -3  3  3 -4 -1 -2 -1  1 -1   35   1   6   2   1   2   0   3   9   1   4   1   8  13   0   5   2   1   4   4  0.48 0.34
  341 D   -6 -6  0  8 -7 -3 -1 -4 -5 -7 -7 -5 -7 -7 -6 -5 -4 -7 -7 -5    0   0   4  86   0   1   3   1   0   0   0   0   0   0   0   0   1   0   0   1  2.53 0.96
  342 A    6 -5 -3 -2 -2 -4 -2  0 -5 -3 -4 -4 -4 -5 -3  1  1 -6 -5 -1   62   0   1   2   1   0   3   7   0   1   1   0   0   0   1   9   8   0   0   3  1.08 0.57
  343 G    2 -2 -3 -3 -2 -1 -4  2 -2 -1  0 -3  1  4 -4 -1  0 -2  0  0   16   2   1   1   1   4   0  19   1   3   8   1   3  23   0   4   5   0   2   6  0.38 0.27
  344 I   -3 -4 -4 -6 -5 -6 -6 -7 -4  7 -1 -5 -2 -3 -6 -5 -2 -6 -4  3    1   1   1   0   0   0   0   0   1  65   3   1   1   1   0   1   3   0   0  21  1.68 0.69
  345 F    4 -3 -1 -2  1 -2 -4 -2 -3 -1 -2 -3  0 -1 -3  2  1 -5 -4  1   39   1   3   2   3   1   0   3   1   2   4   1   2   3   1  13   9   0   0  12  0.49 0.35
  346 S    3 -5 -3 -3  7 -3 -4 -2 -2 -2 -2 -4 -2 -3 -5  1  2 -6 -3  0   25   0   1   1  28   1   1   3   1   2   3   0   1   1   0  10  13   0   1   8  0.91 0.49
  347 W   -4 -3 -5 -8 -4 -5 -5 -5 -7 -4 -4 -7 -2  2 -8 -3 -3 12  0 -4    2   2   1   0   0   0   1   1   0   1   2   0   1   9   0   3   2  71   3   2  3.35 1.19
  348 K   -1  0  1  5 -6  1  1 -2  4 -5 -4  1 -3 -3 -5 -2 -2 -3  2 -5    4   6   7  33   0   6   7   3  10   0   1   8   0   1   0   2   3   0   8   0  0.69 0.41
  349 E    3 -3 -1  0  0 -1  2  0  0 -1 -1 -2 -1 -2 -3  1  2  0  1 -1   24   0   2   5   2   3  13   6   2   3   5   0   1   1   0   9  12   1   5   5  0.21 0.22
  350 K   -5 -2 -5 -6 -8 -1 -4 -5 -6 -5 -7  8 -2 -8 -6 -2 -6 -8 -7 -7    1   1   0   0   0   3   0   1   0   1   0  91   1   0   0   2   0   0   0   0  2.58 1.06
  351 W   -3  1 -4 -5 -7 -4 -5 -3  0 -4 -2 -4  1  4 -7 -5 -2  2  8 -1    2   7   1   1   0   0   1   2   2   1   4   1   3  13   0   1   2   2  54   4  1.61 0.73
  352 E    0  3 -1  0 -2  0  0 -3  5 -3 -2  2 -3  1 -3 -1  2 -1  1 -2    8  15   1   4   1   3   4   2  15   1   3  12   0   6   1   2  13   1   6   3  0.35 0.28
  353 F   -5 -5 -4 -5 -6 -2 -3 -6  3 -2 -4 -5 -3  3 -5  0 -2  4  8 -3    1   1   1   1   0   2   2   0   5   2   2   0   0  10   1   7   3   5  55   2  1.70 0.74
  354 E   -1 -1  4  3 -4  0  0 -1  2 -3 -1 -1  0 -1 -3 -1 -2  3  0 -2    6   3  20  20   0   3   7   3   5   1   6   3   3   3   1   2   2   5   3   3  0.34 0.22
  355 F   -1  0  0 -3 -1 -1 -2 -2  0  0  1 -2  0  3 -3  1  1  0  3  1    4   5   4   1   1   3   2   2   2   3  13   2   2  13   1  10   9   1  12  11  0.17 0.14
  356 W    0 -4 -3 -4 -4 -2 -1 -3 -4  2 -1 -3  0 -2  2 -3 -2  9 -3  1    8   0   1   0   0   2   5   2   0  12   5   2   2   1  10   2   2  32   0  12  1.08 0.43
  357 R   -5  8  0 -5 -6  0 -4 -5 -4 -6 -5 -2 -5 -6 -5 -4 -5 -5 -5 -5    1  85   4   0   0   4   1   1   0   0   1   1   0   0   0   1   1   0   0   1  2.38 0.80
  358 P   -5 -5 -5 -5 -6 -5 -5 -5 -5 -5 -2 -5 -5 -6  8 -5 -5 -6 -6 -5    1   0   0   0   0   0   1   1   0   0   5   1   0   0  87   1   1   0   0   1  2.80 0.89
  359 L   -1 -2 -1 -1 -3  1  1 -2 -1  3 -1 -2 -1  1 -2 -1 -1  1  1  2    5   1   2   2   0   6  13   2   2  22   4   1   1   5   1   5   2   2   5  18  0.21 0.17
  360 S   -1 -1  0 -1 -3  2 -2 -4 -1 -2 -2 -3 -1 -4 -3  1  6 -4 -4 -1    4   4   3   3   0   9   2   1   2   2   3   1   2   1   1  12  48   0   0   4  0.78 0.39
  361 G    4 -4 -4 -4 -3 -2 -3  1 -1 -2 -1 -3  0  0 -3 -2 -1  4  3  0   38   1   0   1   0   1   1  11   1   2   7   1   2   4   1   2   3   5  12   8  0.52 0.30
  362 V   -3 -5 -5 -3 -4 -4 -3 -2 -5  7 -1 -5  1 -2 -5 -4 -3 -5 -1  3    2   1   0   2   0   0   2   4   0  62   3   1   3   1   1   1   1   0   2  15  1.29 0.51
  363 R   -2  6  2 -1 -4  1 -1 -3  2 -4 -3  0 -3  1 -1 -2 -1 -1 -1 -3    3  42  12   3   0   7   3   2   4   1   2   3   0   5   3   2   3   1   2   2  0.70 0.33
  364 D    0  0  0  2 -1  1  2  0  1 -2 -1  0 -2 -1 -1  0  0 -1  0 -2    9   6   4  14   1   5  16   6   3   2   7   4   1   2   3   4   5   1   5   3  0.12 0.09
  365 D    0 -1  1  2 -1 -1 -1  2  1 -2  0 -1  0  0 -1 -1 -1 -1  2 -1    9   4   6  12   1   2   4  15   3   2  11   4   2   4   2   3   3   1   9   4  0.10 0.09
  366 G   -1 -2  2  0 -3 -1 -1  2 -1  2 -1 -1 -1  0 -1 -1 -1  0  1 -1    6   2  12   6   0   2   4  17   1  16   4   4   1   4   3   5   3   1   6   4  0.15 0.12
  367 R    0  1  1  1 -1  0  0  0 -1 -1 -1  0 -1 -2  1  0  0 -2  0 -1    9   8   8  11   1   3   6   8   1   3   6   6   2   2   7   5   5   0   3   5  0.07 0.05
  368 P    1  0  0  1 -3 -1 -1  2 -1 -2 -2 -1 -2 -3  3  0  0  0 -2 -2   12   5   5   7   0   2   4  17   1   2   4   4   1   1  16   7   6   1   2   3  0.24 0.15
  369 D   -1 -1  1  1 -1  2 -1  0  0 -1 -2  0 -2  0 -1  0  2 -2 -1 -1    5   3   6   9   1  12   3   7   2   4   3   6   1   5   3   7  16   1   2   4  0.14 0.13
  370 H   -1 -1  0 -1 -2  1  0 -2  3 -1 -1  0  0  0  0  0  1  5  1  0    4   3   4   4   1   8   5   3   7   3   5   5   3   5   4   6  11   9   5   6  0.18 0.14
  371 G    1  0 -1 -2 -2  0 -2  3 -1  1 -1 -1  0 -2  2  0 -1 -2 -2  0   14   5   3   2   1   4   2  21   2   8   6   3   2   1   9   6   2   1   2   6  0.19 0.15
  372 D   -3 -3 -1  6 -5 -2 -1  1 -2 -2 -2 -1 -3 -3 -3 -3  1 -1 -3 -2    2   1   3  47   0   1   4  11   1   3   4   3   1   1   2   1   8   1   1   4  0.94 0.48
  373 P    1 -1  0 -1 -3  0  0 -3 -3 -2 -3 -2 -5 -5  6 -1  0 -3 -3 -3   11   3   4   3   1   4   6   2   1   2   2   2   0   0  45   5   5   0   1   2  0.99 0.54
  374 F    1 -1  2  1  0  0  0  1 -1 -3 -1 -1 -2  0 -3  1  1  2 -1 -2   10   2  10   9   2   3   5  12   2   1   5   3   0   5   1  11  10   3   2   2  0.17 0.16
  375 W   -3 -3 -6 -6 -5 -1 -3  0 -4 -1 -3 -2 -2  0 -4 -5 -5 11  0 -3    2   2   1   1   0   3   2   7   1   4   3   3   1   4   1   1   1  59   3   2  2.58 1.00
  376 L   -1  2  0 -2 -3  1  1  2 -2 -2  0  1 -1 -2 -2 -1  2 -4 -3 -1    5  11   4   2   0   7  10  14   1   2  11   8   2   2   2   3  12   0   0   4  0.16 0.16
  377 T    0 -4 -3 -3 -5 -4 -4  0 -4 -3 -4 -3 -3 -1  7 -1  1 -5 -4 -2    7   1   1   2   0   1   1   6   1   2   2   2   1   3  51   6  10   0   1   3  1.27 0.65
  378 L   -1 -1 -2 -2 -3 -1 -2 -1 -2  0  3 -2  0  1 -1 -2 -1  1  2  1    5   4   1   3   0   3   3   5   1   5  34   2   1   5   3   3   3   2   7   9  0.24 0.17
  379 G   -1 -1  1  0 -5 -1  0  2  1  1  1 -1  1 -1 -2 -1  1  2 -4 -1    5   4   7   5   0   3   5  15   4   7  11   4   3   3   3   5   9   3   0   4  0.12 0.11
  380 A    1 -1  0  0  0  2  0  1  0  0 -2 -1  2  0  0 -1  1  1  0 -2   10   4   5   5   2   9   6  10   2   6   3   3   6   4   5   3   8   2   3   3  0.11 0.12
  381 P   -1  0  0  0  2  0  0 -1  2  0 -1  0  2  1  0 -1  0  4  1 -1    5   5   5   5   5   5   5   5   5   5   5   5   5   5   5   5   5   5   5   5  0.09 0.08
  382 A    0 -1  1  1 -1  1  1  1  0  0 -1 -1  0 -2  0  0  0  2 -1  0    9   4   7   7   1   6   8  10   2   5   7   2   3   1   5   5   7   3   1   5  0.06 0.07
  383 T    0 -1  0  0 -3  0  0 -1 -1  0 -1  0 -1  0  2  0  1  1  0  0    6   3   4   5   0   5   6   6   1   6   5   4   1   4   9   8  12   2   4   7  0.07 0.09
  384 N   -2 -1  4  2 -4  1  0  2  0 -2 -3 -1 -2 -2 -1 -1 -1  1  0 -3    3   3  19  13   0   6   7  17   2   3   3   3   1   2   3   4   3   2   4   2  0.34 0.28
  385 T   -1 -2 -1 -2 -4  1 -1 -1 -2  0 -1 -1  0  0  1  0  2  8  0  0    4   2   3   3   0   6   4   4   1   5   6   3   2   3   6   7  13  19   3   6  0.47 0.34
  386 N    0  1  1  1 -3  1  1 -1  0 -1 -2  1 -3 -1  2  0  0 -3  0 -1    7   7   8   9   0   8   7   4   2   5   3   9   0   2  10   6   5   0   3   4  0.14 0.15
  387 D   -1 -1 -1  0 -4 -2 -2  2 -4 -1 -2 -2 -2  0  4  0  1  5 -2 -2    6   3   2   5   0   2   3  17   0   4   4   2   1   4  19   6  11   7   1   3  0.39 0.30
  388 I    0  0 -1 -1 -3  0 -1 -1 -1  1  0 -1  0  0  0  0  1 -1  2  1    6   6   2   4   0   3   5   4   1  10   8   3   2   4   6   7  10   1   9   9  0.06 0.09
  389 P   -1 -1 -1 -1 -3 -2  0  0  0  1  1 -3  0  1  3  0  0 -1 -2  0    5   3   3   3   0   1   6   6   2   8  17   1   2   6  15   7   4   1   1   8  0.15 0.16
  390 F   -1 -1 -1 -1  0  0 -1  0 -2  0  0 -1 -1  3  2 -2 -1  2  2  1    5   3   3   3   2   4   3   7   1   4   8   3   1  15  12   3   4   3   7   9  0.18 0.17
  391 K   -3 -2 -1 -4  0 -2 -3 -4 -2 -3 -1 -1 -5 -4 -3  2  6  1 -2  0    2   2   3   1   2   1   2   1   1   1   6   5   0   1   1  14  47   2   2   5  0.91 0.64
  392 P   -2 -4 -3 -6 -7 -6 -3 -2 -2 -7 -5 -3 -2 -3  8 -3 -3 -2 -4 -3    4   1   2   0   0   0   2   3   1   0   1   2   1   1  73   2   2   1   1   2  2.19 1.16
  393 P    1 -1  2  1  0 -1  0 -1 -4 -4 -5 -3  0 -5  6  0 -3 -6 -4 -5   10   3  11   7   2   2   6   5   0   1   1   1   3   1  38   6   1   0   0   0  0.86 0.51
  394 F   -4 -5 -1 -2 -6 -4 -4 -3  7 -3 -3 -5 -5  7 -6 -2 -2  1  3 -3    1   0   3   3   0   1   1   2  24   1   2   0   0  45   0   3   2   2   7   2  1.65 0.74
  395 P    0 -6 -4 -6 -7 -1 -6 -4 -6 -1 -4 -6 -6 -7  8 -1 -5 -7 -7 -6    7   0   1   0   0   4   0   1   0   3   2   0   0   0  74   5   0   0   0   0  2.25 1.03
  396 A    2 -3 -4  3 -2 -3  5 -1 -5 -6 -6 -4 -6 -7 -5  3 -2 -7 -6 -6   19   1   0  15   1   0  38   5   0   0   0   0   0   0   0  18   2   0   0   0  1.05 0.64
  397 Y   -7 -7 -4 -7 -7 -3 -4 -7  4 -5 -3 -7 -6  3 -3 -5 -5  1  9 -4    0   0   1   0   0   1   1   0   7   1   2   0   0   9   2   1   1   2  70   1  2.53 1.09
  398 P   -2 -6 -5 -4 -6 -5 -3 -3 -6  1 -2 -5 -2 -4  6 -2  2 -7 -2  3    3   0   0   1   0   0   2   2   0   7   4   0   1   1  42   2  13   0   2  21  1.16 0.65
  399 S   -1 -6 -3 -2  2 -3 -3 -2 -6 -7 -7 -5 -6 -7 -6  7 -1 -7 -7 -3    4   0   1   2   4   1   2   3   0   0   0   0   0   0   0  78   3   0   0   2  1.86 0.98
  400 G    1 -3 -2 -2 -7 -3 -2  7 -6 -4 -5 -6 -4 -6 -5 -4 -2 -2 -7 -4   11   2   2   2   0   1   2  71   0   1   1   0   0   0   1   1   3   1   0   1  1.63 0.80
  401 H   -5 -4 -1 -4 -8 -1 -4 -4 10 -6 -6 -6 -7 -3 -2  0 -2 -8 -3 -8    1   1   3   1   0   3   1   1  75   1   1   0   0   1   2   6   3   0   1   0  2.91 1.21
  402 A    4 -5 -2 -2  2 -3 -2 -2 -6 -6 -5 -3 -3 -6 -4  5  1 -2 -6 -3   33   0   2   2   4   1   2   3   0   0   1   1   0   0   1  40   8   1   0   2  1.04 0.65
  403 T    1 -5 -3 -2  4 -2 -5 -1 -5  0 -4 -3  0 -5 -2  1  5 -6 -3  2   14   0   1   2   8   2   0   5   0   6   1   1   2   0   2   8  36   0   1  13  0.71 0.49
  404 F   -1 -4 -2 -4 -1  1 -3 -4 -3  3  1 -4  0  5 -5 -3 -1 -1  1  2    4   1   2   1   1   6   2   1   1  14  14   1   2  28   0   2   4   1   3  13  0.58 0.37
  405 G    3 -5 -4 -2  4 -3 -5  3 -3 -4 -6 -5 -4 -3 -3  4  1 -6 -4 -2   21   0   0   2   7   1   0  18   0   1   0   0   0   1   1  36   7   0   1   2  0.85 0.56
  406 G    4 -1 -3 -5 -5 -4 -4  5 -3 -5 -4 -4 -3 -4 -5  1  0 -6 -4 -4   31   3   1   0   0   1   1  40   1   0   2   1   1   1   0  12   5   0   0   1  1.01 0.59
  407 A    6 -6 -6 -6  0 -3 -5 -1 -6 -4 -5 -5 -5 -2 -2 -1  0 -7 -6  0   69   0   0   0   2   1   0   5   0   1   1   0   0   2   2   5   6   0   0   7  1.42 0.78
  408 V    4 -2 -2 -3  2 -2 -2  1  0 -2 -2 -4 -1  0 -4  0 -1  3 -1  1   37   2   1   1   4   2   2  12   2   2   4   0   2   4   0   7   4   4   2   8  0.45 0.36
  409 F    5 -4 -3 -3 -1 -1 -1  0 -2 -5 -2 -4  1  0 -4  0 -1  4 -3 -1   50   0   1   1   1   3   4   7   1   0   3   0   3   5   0   7   3   5   1   4  0.75 0.51
  410 Q    0  0 -2 -2 -5  3  4  0 -1  0 -4 -2 -3 -4 -3 -2  2  1 -1 -1    9   5   1   1   0  15  25   7   1   6   1   1   0   1   1   2  14   2   2   5  0.42 0.37
  411 M    1 -5 -3 -6 -3 -3 -5 -5  1  3  0 -5  1 -3 -4 -3  0 -6 -3  5   13   0   1   0   0   1   0   1   3  17   8   0   3   1   1   2   5   0   1  42  0.83 0.48
  412 V    1 -6 -6 -7 -5 -4 -6 -5 -6 -1  6 -6  3  0 -6 -5 -2 -3 -3  0   11   0   0   0   0   1   0   1   0   3  65   0   6   4   0   1   2   0   1   5  1.24 0.65
  413 R    1  4 -2 -2 -2  1  2 -2 -4 -1 -4  2 -2 -5 -4  0  2 -3 -3 -3   13  21   2   1   1   7  13   3   0   4   1  11   1   0   0   7  13   0   1   1  0.45 0.36
  414 R    1  3  2 -1 -4  0  0 -1  2 -3  0  0 -2 -2 -4  0 -1 -1  2 -3   14  20   9   3   0   4   6   4   6   1   9   5   0   1   0   8   2   1   7   0  0.28 0.26
  415 Y    0  0  0 -2  2  1  0 -3  2  0  0  0  1  1 -3  0  0  4  1  0    6   6   6   0   6   6   6   0   6   6   6   6   6   6   0   6   6   6   6   6  0.11 0.15
  416 Y   -2 -1 -1 -4  2 -1 -3 -2  1  0  1 -1  1  4 -1 -2  0  3  2 -1    3   3   3   0   6   3   0   3   3   5  15   3   4  23   3   3   5   4   7   4  0.30 0.26
  417 N   -1  0 -1 -2 -1 -2 -2  6 -1 -5 -5 -1 -5 -3  2 -2 -2 -5 -5 -3    4   5   3   2   1   1   2  57   2   0   0   3   0   2  12   2   2   0   0   2  1.00 0.57
  418 G    0  0  1  2 -3  0  1  0  0 -3 -2  0 -1 -2  1  1  0 -3  0 -2    7   5   7  11   0   4  10   8   2   1   4   5   2   1   6  13   7   0   5   2  0.15 0.13
  419 R   -1  2  1  3 -3  1  1 -1  0 -1 -2  0 -1 -2 -1 -1 -1 -3 -2 -1    5  11   7  21   0   5  11   4   2   5   3   5   2   2   3   4   3   0   1   4  0.21 0.16
  420 V    1  0  0  0 -1 -1  0 -1  0  0 -1  0 -1  1  0  0  0  0  1  0   16   7   4   7   1   2   4   4   2   4   5   6   1   8   4   6   7   1   4   8  0.05 0.07
  421 G    1  0  0 -1 -1  0 -1  1 -1  0  0  0  0  1  0  0  0 -2  0  0   14   4   4   3   1   5   4  10   1   5   9   4   2   9   4   5   5   0   3   7  0.03 0.05
  422 T   -1  0  0  1 -2  0  0  0  0 -1 -1  0 -1  1  1  0  1 -2  0 -1    5   5   5   8   0   5   5   8   2   3   7   6   2   7   8   6  10   0   3   3  0.07 0.07
  423 W   -1 -2 -1 -2 -1 -1 -1  0 -1  0  0 -2 -1  5 -1 -1  0  5  1  0    5   2   3   3   1   2   4   7   1   5   8   3   1  23   4   5   6   8   3   6  0.34 0.20
  424 K   -1  1  0  1 -1  0  0  0 -1 -1 -1  0 -1 -1  0  1  2  0  0  0    5   7   3   9   1   3   5   6   2   3   5   6   1   3   5  13  13   1   3   6  0.08 0.09
  425 D    0  0  0  2 -2  0  0  0  0 -1 -1  0  0  0  0  0  0  0  0  0   10   5   5  13   1   3   5   6   2   4   6   7   2   5   3   5   7   1   2   7  0.04 0.04
  426 D   -1  0  0  2 -1  0  0  0  0 -1 -1  0  0 -1  0  0  3  1  0 -1    5   6   3  11   1   4   4   6   2   4   5   5   2   2   5   8  17   2   3   5  0.11 0.10
  427 E    1 -1 -1  0 -1  0  1  0  1  0 -1  0 -1  0  0  1  0 -2  0  0   13   3   3   4   1   3   8   8   4   5   7   4   1   6   4  11   7   0   3   6  0.04 0.04
  428 P    0 -1  0  0 -1 -1  0  0  0 -2 -1  0 -2  0  4  0  0 -2 -1 -1    9   4   4   4   1   2   6   7   2   2   5   4   1   5  22   7   6   0   2   5  0.24 0.15
  429 D    1 -1  0  5 -3 -1  0  0 -1 -2 -2 -2 -2  0 -1  1 -1 -3 -2 -1   13   3   3  30   1   2   5   7   1   2   4   2   1   4   3   9   3   0   2   5  0.36 0.22
  430 N    0  0  2  1 -2  0  0  2  0 -2 -1 -1 -1 -1  0  0  0  0 -1 -1    8   5  11   7   1   3   6  16   2   2   5   4   1   2   5   8   6   1   2   5  0.11 0.08
  431 I    0 -1 -1  0 -1 -1 -1  0  0  1  0 -1  0  0  0  0  0  0  0  1    7   4   3   4   1   3   4   6   3  13   9   4   2   5   4   8   5   1   4  11  0.01 0.02
  432 A    2 -1 -1  0 -1  0 -1  1  0 -2 -1 -1 -1 -1  0  2  1 -2 -2 -1   17   3   3   6   1   3   4   9   2   2   5   3   2   3   5  14  11   0   1   5  0.12 0.11
  433 I   -1 -1 -1 -1 -1 -2 -2 -2 -2  1  0 -2  0  5 -2 -1  0  3  1  0    4   3   3   4   1   2   3   3   1   9   9   3   2  24   3   4   6   4   4   8  0.30 0.16
  434 D    0 -1  0  2 -1  0  1 -1  0 -1 -1  0 -1  0  0  1  1 -2 -1 -1    7   4   3  14   1   3  11   5   2   4   5   5   1   5   5  12   8   1   2   4  0.11 0.08
  435 M    1  0  0  0  0  0  0  0  0  0  0  0  0  0  1  0  0  0  0  0   13   7   3   6   2   3   5   5   3   5   9   5   3   5   5   5   6   1   2   6  0.02 0.01
  436 M    0 -1 -1 -1 -1 -1 -1  1 -1 -1  0 -1  0  2 -1  0  1  1  1  0    8   3   3   4   1   3   4  11   2   3   8   3   2  12   3   5  10   2   4   9  0.06 0.06
  437 I    0 -1 -1 -1 -1 -1 -1  0 -2  0  0 -1  0  0  0  1  2  0 -1  2    8   4   3   3   1   2   4   6   1   5   7   3   2   4   5  10  12   1   2  15  0.07 0.07
  438 S    0 -1  0  1 -2 -1  0  0 -1 -1 -1 -2 -1  0  0  4  0  0 -1 -2    7   3   3   7   1   2   5   8   2   3   6   2   1   4   5  29   6   1   2   3  0.22 0.15
  439 E    0  0 -1  2 -1  0  2 -1 -2 -1 -1  0 -1 -2  1  1  1 -2 -1 -1    6   6   3  11   1   3  15   5   1   3   6   5   1   1   8   9   9   1   2   5  0.13 0.10
  440 E    1 -1  0  0 -2  0  3 -1 -1 -1 -1 -1 -1  0 -1  0  0 -1  0  0   11   3   4   5   1   4  21   4   2   3   7   3   1   5   3   6   5   1   3   8  0.12 0.10
  441 L    0 -1 -1 -1  0  0  0 -1  1  0  1 -1  0  1  0 -1 -1 -1  1  0    7   3   3   3   2   3   8   6   3   5  20   3   2   8   4   4   4   1   6   7  0.04 0.05
  442 N    0  0  2  1 -2 -1 -1  0 -1 -1 -1 -1 -2  0  3  0  1 -2 -1 -1    7   4  12   7   1   2   4   6   1   4   5   3   1   5  13   7   8   1   2   5  0.14 0.09
  443 G   -1 -2 -2  0 -2 -2 -1  5 -2  0 -1 -1 -2  0  0 -1 -2 -2  0 -2    5   2   2   4   1   2   5  40   1   5   7   4   1   3   4   5   2   1   3   3  0.47 0.21
  444 V    0  0 -1  0 -1  0  0  0 -1  1  0  0  0 -1  0  0  1 -2 -1  2    6   7   3   4   1   5   5   7   1   9   8   4   2   3   4   5   9   1   2  16  0.04 0.04
  445 N    0  0  1  0 -1  0  0  0  0 -1 -1  0  0 -1  1  1  2 -1 -1 -1    7   5   8   6   2   3   5   6   2   4   7   4   2   3   6  10  13   1   2   5  0.06 0.04
  446 R    0  2  0 -1  0  0  0  0  0 -1 -1  0 -1  0  2  0  0 -1  0  0    6  11   5   3   2   4   5   8   2   4   6   5   1   5   9   6   5   1   3   6  0.06 0.03
  447 D    0  0  0  2 -1  0  1  0  1 -1 -1  0 -1 -1  1  1  0 -1 -1 -1    7   4   3  15   1   4   9   6   4   4   5   4   1   3   7  10   6   1   2   4  0.10 0.06
  448 L    0  0  0  0 -1  0  0  0  0  0  0  0  0  1  0  0  0  0  0  0    9   4   5   4   1   3   8   8   2   4  12   4   2   8   5   5   5   1   3   7  0.01 0.01
  449 R    0  1  0  0 -1  0  0  1  0 -1 -1  0 -1  0  0  0  0  0  1 -1    7   9   4   5   2   5   6  11   3   5   6   5   1   5   5   5   7   1   5   4  0.03 0.01
  450 Q    0  0  0  0  0  1  0  0 -1  0  0  0  0  0  0  0  0 -1  0  0    6   6   3   4   2   8   7   6   1   5  10   5   2   6   3   8   7   1   2   8  0.02 0.02
  451 P    0 -1  0  0 -1  0  0  0 -1 -1 -1  0 -1 -1  3  0  1  0 -1 -1    8   3   5   6   2   3   7   6   1   3   6   4   2   3  17   9   8   1   3   4  0.16 0.08
  452 Y    0  0 -1  0 -1  0  0  0 -1 -1 -1  0  0  2 -1  0  0  0  2  0    8   4   3   5   1   3   5   8   1   4   6   5   3  11   3   5   6   1   9   8  0.05 0.04
  453 D    0 -1  1  3 -1  0  1  0  0 -1 -1  0 -1 -1 -1  0  0 -1 -1 -1    8   3   6  17   1   4   8   8   2   3   7   5   1   3   3   8   5   1   2   5  0.09 0.05
  454 P    0 -1 -1  0 -1 -1  0  0 -1  0  0 -1  0  2  3  0 -1 -1  0 -1    8   3   3   6   1   3   5   8   1   4  10   4   2  10  14   5   4   1   4   5  0.10 0.05
  455 T    0  0  1  0 -1  0  0  1  0 -1 -1  0 -1  0  1  0  2 -1 -1  0    8   4   6   4   1   3   5   9   2   3   6   6   1   4   6   7  16   1   2   6  0.07 0.05
  456 A    1  0  0  0 -1  0  0  0 -1 -1  0  0 -1  0  1  1  0  0 -1 -1   12   6   3   5   1   3   7   8   2   4   8   4   1   5   6  11   7   1   2   4  0.04 0.03
  457 P    0  0  0  0 -1  0  0  0 -1 -1 -1  0 -1  0  2  1  1 -1 -1  0    7   4   3   7   1   4   7   9   2   4   6   4   1   6  12   9   8   1   2   6  0.08 0.05
  458 I    0 -1 -1 -1  0  0 -1  0 -1  1  0  0  0  1  0  0  0  0  0  1    8   4   2   4   2   3   3   8   1  10  10   5   2   8   4   7   6   1   3  10  0.01 0.01
  459 E    0  0 -1  0  0  0  1  0 -1  0  0  0  0  0 -1  0  1 -1  0  0    8   4   2   6   2   4  10   6   1   6   7   5   2   4   3   5  10   1   3   8  0.02 0.02
  460 D   -1 -1  0  3 -1  0  2  0 -1 -1 -1  0 -1 -1  0 -1  0 -1 -1 -1    5   3   4  21   1   3  13   6   2   4   5   4   1   3   4   5   7   1   3   5  0.18 0.10
  461 Q    0  0  0  0 -2  2  1  0  0 -1 -1  0 -1 -1  3  0  0 -1 -1 -1    7   4   4   5   1   9   8   7   2   4   6   4   1   3  14   6   6   1   3   4  0.13 0.07
  462 P    0 -1  0  0 -2  0  0  1  0 -1 -1 -1 -1 -1  3  0  1 -2  0 -1    7   3   6   5   1   3   5  11   2   4   6   4   1   3  18   6   7   1   4   5  0.16 0.08
  463 G    0 -1  0  0 -1 -1  1  3  0  0 -1 -1 -1 -1 -1  0 -1 -1  0  0    7   3   4   6   1   3   9  23   3   5   6   3   2   3   3   5   4   1   3   6  0.11 0.06
  464 I    0 -1  0  0 -1  0  0 -1  0  0  0 -1  0  0  0  0  1 -1  0  1    6   3   5   4   1   3   5   5   2   6  10   3   3   4   3   8  11   1   3  13  0.03 0.03
  465 V    0  0 -1  0 -2  0  0 -1 -1  0 -1 -1 -1 -1  3 -1  1 -1 -1  1    6   4   3   5   1   4   5   6   1   4   7   4   1   2  18   5   8   1   2  12  0.16 0.08
  466 R    1  2  0  0 -1  0  0  0  0 -1  0  0 -1  0  0  0  0  0  1 -1   11  16   3   4   1   3   5   7   2   3   8   4   1   4   5   7   4   1   5   5  0.07 0.05
  467 T    0 -1 -1  0 -2  0  0  1 -1 -1 -2  0 -1 -1  1  0  2 -2 -1 -1    7   3   3   6   1   4   6  12   1   4   4   7   1   3   8   6  15   1   2   5  0.10 0.07
  468 R   -1  1  0  2 -1 -1  0  1  1 -1  0  0 -1 -1  0 -1 -1 -1  0 -1    4  10   4  15   1   2   7  11   3   3  10   4   1   3   4   5   4   1   4   5  0.08 0.07
  469 I    0 -2 -2 -2 -2 -1 -2 -1  0  2  0 -1  1 -2  1 -1  1 -3 -1  3    8   2   2   2   1   2   3   4   2  13   9   4   3   1   7   4   7   0   2  24  0.20 0.14
  470 V    0 -1 -2 -2 -3 -2  0 -3 -2 -1 -2 -1 -1 -3  2  0  4 -2 -2  2    7   4   2   2   0   2   6   2   1   3   4   3   1   1  10   6  29   1   2  16  0.42 0.32
  471 R   -4  7 -4 -5 -6 -2 -5 -5 -3 -1  3 -2 -2 -3 -4 -5 -5 -3 -4 -3    1  54   1   1   0   2   1   1   1   3  25   2   1   1   1   1   1   0   1   2  1.46 0.75
  472 H   -1  2  0 -1  0  2  0 -3  4 -5 -5  1 -3 -3 -1  3  2 -5 -1 -3    4  10   3   3   2  10   6   2  11   0   1   7   0   1   3  19  14   0   2   2  0.46 0.37
  473 F   -5 -6 -6 -7 -6 -6 -6 -5 -5 -4 -3 -6 -2  7 -7 -5 -5  9  5 -4    1   0   0   0   0   0   0   1   0   1   3   0   1  44   0   1   1  23  19   1  2.35 1.04
  474 D    1  0  2  2 -5 -1  0 -1 -1 -5 -5  1 -3 -5  2  1  3 -4 -4 -4   14   5   8  11   0   2   6   4   2   0   1   8   0   0  12  10  16   0   0   1  0.39 0.33
  475 S   -3 -1  1 -1 -2 -4 -4 -2 -2 -5 -6 -4 -5 -5 -4  5  5 -6 -3 -4    2   4   7   3   1   0   1   3   1   1   1   1   0   0   1  42  30   0   1   1  1.19 0.74
  476 A   -2 -6 -6 -7 -3 -6 -6 -6 -6 -1  2 -6 -1  7 -4 -5 -4  5  3 -3    4   1   0   0   1   0   0   1   0   4  19   0   2  46   1   1   1   8   8   2  1.56 0.77
  477 W   -1  2 -1  0 -5  1 -1 -3 -1 -4 -3  0 -2 -2 -4  3  3  6  0 -4    6  11   3   6   0   5   4   1   2   1   2   5   1   2   0  21  15  11   3   1  0.53 0.42
  478 E    1 -3 -3  4 -4  4  5 -4  0 -5 -5 -2 -5 -5 -5 -2 -3 -6 -5 -6   13   1   1  22   0  16  31   1   3   1   1   3   0   0   0   3   1   0   0   0  0.98 0.64
  479 L    6 -5 -5 -6 -4 -5 -5 -5 -4 -2 -1 -5  3  2 -3 -3 -1  1  0 -2   57   0   1   0   0   0   0   1   0   2   7   1   8   8   1   1   5   2   3   2  1.18 0.72
  480 M    5 -4 -1 -4 -3 -3 -1 -3 -5  0 -3 -4  2 -6 -5  1  0 -6 -3  0   53   1   3   1   0   1   3   2   0   6   2   1   4   0   0  10   5   0   1   7  0.92 0.59
  481 F    0  2  1  3 -5  2  3 -4  0 -3 -2  0 -2  0 -4 -2 -1  1 -3 -2    9  10   5  18   0  10  18   1   2   2   4   6   1   4   0   2   3   2   1   3  0.40 0.32
  482 E   -3 -4 -4  3 -7  2  7 -6 -5 -6 -5 -4  1 -7 -6 -3 -4 -7 -7 -6    2   1   0  13   0   9  63   1   0   0   1   1   4   0   0   2   1   0   0   0  1.75 0.93
  483 N    5 -6  4 -2  5 -4 -4 -3 -3 -3 -4 -4 -2 -5 -6 -1 -2 -7 -5  1   39   0  21   2  12   1   1   1   0   2   2   1   1   0   0   5   3   0   0  10  1.02 0.62
  484 A    4 -5 -3 -5 -4 -4 -5  4 -5 -1 -5 -4 -3 -6 -5  2 -3 -4 -6 -1   33   1   1   0   0   1   1  34   0   4   1   1   1   0   0  17   1   0   0   4  1.02 0.63
  485 I   -2  0  1  2 -5 -1  0 -5 -3  4  1 -3  2  0 -5 -3 -2  0  0  0    2   6   7  12   0   3   6   0   1  22  15   1   6   3   0   1   2   1   4   7  0.36 0.29
  486 S    2 -7 -6 -7 -7 -7 -7 -4 -7 -8 -8 -7 -8 -8 -7  7 -5 -9 -8 -5   14   0   0   0   0   0   0   1   0   0   0   0   0   0   0  83   0   0   0   1  2.42 1.28
  487 R   -8  9 -5 -8 -10 -5 -7 -6 -7 -10 -9 -5 -5 -9 -9 -7 -8 -9 -9 -9    0  98   0   0   0   0   0   1   0   0   0   0   0   0   0   0   0   0   0   0  3.49 1.54
  488 I   -5 -3 -8 -8 -5 -6 -6 -8 -8  5  3 -6  1  1 -8 -7 -4 -7 -5  5    0   2   0   0   0   0   0   0   0  31  24   0   3   6   0   0   1   0   0  31  1.33 0.69
  489 F   -6 -7 -7 -5 -9 -7 -7 -9 -1 -6 -1 -8  1  3 -3 -8 -5  9  8 -5    1   0   0   1   0   0   0   0   1   0   7   0   4   9   2   0   1  26  47   1  2.48 1.17
  490 L    2 -7 -5 -4 -5 -5 -4  6 -7 -4  1 -7 -4 -7 -7 -2 -6 -8 -8 -3   15   0   0   1   0   0   1  61   0   1  15   0   0   0   0   3   0   0   0   2  1.51 0.82
  491 G   -5 -9 -4 -8 -6 -6 -7  8 -9 -10 -6 -8 -5 -10 -9 -7 -8 -9 -10 -10    0   0   1   0   0   0   0  97   0   0   1   0   0   0   0   0   0   0   0   0  3.03 1.36
  492 V   -3 -8 -6 -9 -5 -3 -7 -8 -5  7 -2 -8 -1 -1 -8 -6 -5 -2  1  5    2   0   0   0   0   1   0   0   0  52   3   0   1   3   0   0   0   1   5  31  1.75 0.85
  493 H   -7 -8 -3 -6 -11 -4 -8 -10 11 -11 -10 -8 -9 -9 -10 -8 -9 -10 -6 -11    1   0   1   1   0   1   0   0  97   0   0   0   0   0   0   0   0   0   0   0  4.62 1.83
  494 W   -7 -6 -7 -9 -8 -8 -8 -9 -5  1 -5 -8 -2  7 -1 -4  1  7  6 -3    0   0   0   0   0   0   0   0   0   7   0   0   1  39   4   1   8  12  25   2  1.90 0.93
  495 R   -3  7 -3 -2 -7  3  0 -4  0 -4 -5 -1 -1 -5  1 -2 -2 -4 -3 -5    2  51   1   2   0  11   7   1   2   1   1   3   1   1   8   3   3   0   1   1  1.22 0.69
  496 F    1 -2  0 -1 -2  0 -2 -3  0 -1 -2 -2  2  5 -1  1  0  1  0 -2   13   2   4   4   1   5   2   1   2   3   3   2   5  26   3  10   7   2   2   3  0.38 0.30
  497 D    3 -6 -4  7 -6 -5 -4  0 -5 -6 -7 -5 -6 -7 -5  2 -3 -7 -6 -6   21   0   0  50   0   0   1   8   0   0   0   0   0   0   0  16   2   0   0   0  1.47 0.78
  498 A    2 -5  4  3  4 -3 -4  1 -1  0 -3 -4 -2 -5 -5 -1 -1 -6 -5  0   15   0  22  19   8   1   0   9   2   6   2   1   1   0   0   4   4   0   0   7  0.61 0.42
  499 A   -1 -1 -2  2 -4  1  4 -4 -3  2 -1 -2  0  0 -2 -2  1 -4 -2  1    4   2   2  11   0   5  25   0   0  11   6   2   2   5   1   3   8   0   1  10  0.33 0.30
  500 A    3 -1 -1  1 -4  0  2 -2 -2 -1 -2 -2 -1 -4  0 -1  0 -6 -4  2   28   3   3   7   0   5  14   3   1   2   3   1   2   0   5   2   5   0   0  16  0.35 0.33
  501 A    0 -4 -1 -4 -5 -5 -5  7 -7 -3 -7 -6 -5 -8 -5 -2 -4 -7 -6 -5    9   1   3   1   0   1   1  77   0   2   0   0   0   0   0   3   1   0   0   1  1.93 0.92
  502 R   -1  3  0 -3 -3  2  1 -1 -2 -2  2  0 -1 -2 -4 -2  0 -3 -2 -1    5  18   4   1   1  10   9   6   1   2  22   5   1   1   0   3   5   0   1   5  0.25 0.24
  503 D    0  3  0  3 -5  1  3 -4 -2 -2 -3  1 -3 -4 -3 -1  0 -3 -4 -3    8  14   4  19   0   6  21   1   1   2   2  10   0   1   1   4   5   0   0   1  0.49 0.34
  504 I   -1 -3 -3 -3 -2 -2 -3  0 -2  3  3 -3  5 -2 -4 -3 -2 -4 -1  2    6   2   1   1   1   2   1   7   1  16  29   1  14   1   1   2   2   0   2  11  0.50 0.31
  505 L   -1 -4 -4 -4 -3 -1 -3  5 -3 -1  3 -4 -1 -3 -4 -3 -4 -4 -4 -1    4   1   0   1   1   3   2  50   1   4  25   1   1   1   0   1   1   0   0   3  0.96 0.49
  506 I    0  2  0 -2 -3  0  0  2 -1  0 -1  1 -2 -2 -3  0  0 -3  0  1    7  13   4   2   0   4   5  20   1   6   6   7   0   1   1   5   4   0   3  10  0.14 0.14
  507 P    2  4 -1 -2 -2  4 -1 -3 -1 -3 -3  2 -3 -4  1 -1  0 -4 -3 -2   17  22   3   2   1  19   3   1   1   1   2  11   0   0   7   3   5   0   1   2  0.49 0.34
  508 T    0 -2 -1 -1 -4 -1 -1  3 -4  2 -2  0 -3 -4 -3 -3  0 -4 -1  4    6   2   3   4   0   2   4  23   0  10   1   5   0   0   1   1   6   0   2  30  0.39 0.30
  509 T    2  1 -1 -2 -3 -1 -2  3 -1  0 -2 -1 -3 -2 -3  0  1 -4 -2  2   21   7   3   1   0   2   1  22   2   6   2   4   0   1   1   4   7   0   1  14  0.27 0.23
  510 T    2  2  2  0  0  0  1  1 -2 -3 -3  1 -3 -4 -3  0  0 -4 -4 -1   19  14   9   5   2   4  10  12   0   1   1   8   0   0   0   5   7   0   0   4  0.28 0.23
  511 K    0  2 -1 -2 -3  1  0 -2  0  1  1  2 -1 -1 -2 -1 -1 -1  0  0    9  10   1   1   0   7   7   3   3  11  13  15   1   2   2   1   2   1   4   8  0.11 0.14
  512 D    2 -3  0  2 -3  0  1  3 -2 -1 -2 -1 -2 -3 -3 -1 -1  0 -2  1   20   1   4  12   0   3  10  22   1   3   3   2   0   1   1   3   4   1   1  10  0.27 0.22
  513 V    1 -2  0 -1 -3 -1  0 -1  0  1  0 -1 -1 -2 -2 -1 -1 -1 -2  4   11   2   6   3   0   3   6   4   2   8   8   3   1   1   2   3   3   1   1  35  0.24 0.23
  514 Y   -1 -2 -2 -2 -5 -2  0 -3 -1 -1 -2 -1  0  3 -5 -2 -2  7  6 -2    5   2   2   2   0   1   7   2   1   3   4   4   2  10   0   2   2  16  32   2  0.93 0.47
  515 A    3  0 -1 -1 -3  1 -1 -1 -3 -1 -2  2 -1 -2 -3 -1  0 -1 -3  2   34   6   2   3   0   6   3   3   0   4   2  13   1   1   1   1   5   1   1  14  0.30 0.27
  516 V    1 -3 -2 -4 -2 -4 -3 -3 -4  2  2 -3 -1  4 -4 -2  0 -3  0  3   11   0   2   0   1   0   1   1   0  10  17   1   0  19   0   2   6   0   2  24  0.44 0.28
  517 D    0  0  2  4 -3  2  2 -1 -2 -3 -3  1 -1 -2 -1 -1 -1  0  1 -3    8   4   8  24   1   9  13   4   0   1   2   8   1   1   2   3   4   1   6   1  0.32 0.23
  518 N    1  1  4  0 -4  0  0 -1  2 -3 -2  1 -2 -3  0  0  0 -2 -3 -2   12   6  29   5   0   3   5   3   6   0   5   7   1   1   5   5   4   1   0   3  0.33 0.24
  519 N    1 -2  1  4 -3 -1  1 -1 -2  0 -1  0 -2 -3  0 -1  1 -4 -2  0   11   1   8  27   0   1   7   5   0   5   5   7   0   0   5   2   8   0   1   6  0.24 0.18
  520 G    0 -1 -1  1  1 -2  0  4 -2 -3 -2 -1 -3  0 -2 -1 -1 -3  1 -2    5   3   2  10   3   1   6  42   0   0   3   2   0   5   1   3   4   0   6   3  0.44 0.24
  521 A    2 -1 -1  0 -2  1 -1 -1  1 -1 -2  0  0 -1  0  2  1 -3 -1 -1   24   2   1   7   0   7   2   3   4   2   1   5   2   2   5  17   9   0   1   5  0.18 0.16
  522 T    0 -1  0  1 -1 -1  0 -2 -1  0  0  1  1 -2  1  1  3 -3 -2 -1    6   2   5   8   1   2   3   2   1   6   7  11   4   1   5  12  22   0   1   1  0.14 0.14
  523 V    0  0  0 -1 -2 -1 -1  0  0  0  1  0  0  1 -1  0  1 -2  0  1    9   4   3   2   0   2   2   7   3   3  17   6   1   8   1   8   8   0   2  14  0.02 0.05
  524 F    0 -2  0 -1 -3 -2 -2  1 -1 -1 -1 -2 -2  3 -2  0  1  2  5 -1    7   2   6   4   0   0   2  10   0   3   3   2   0  13   1   6   8   2  26   3  0.34 0.21
  525 Q    0  1  2  1 -3  2  0 -1 -1 -2 -2  3 -2 -2  0  0 -1 -3 -2 -2    6   8  11   7   0   9   4   5   1   3   4  26   0   2   5   3   2   0   0   1  0.23 0.15
  526 N   -1 -1  3  3 -3  0  1 -1  1 -2 -2  0 -3 -3  3 -1  0 -4 -3 -3    5   3  21  18   0   3   8   4   4   3   4   4   0   0  14   2   5   0   0   1  0.37 0.19
  527 V    0 -2  1  0 -3  0  0  0 -2  0 -2 -1 -2 -3  4  0  0 -3 -3  2    6   2   7   4   0   4   6   6   0   5   2   1   0   0  21   5   6   0   0  22  0.28 0.16
  528 E    0  0 -1  3 -1  1  2  0 -2 -1 -2  1 -1 -1  0  0  0 -3 -1 -1   11   3   1  19   1   5  16   5   0   4   1  12   1   3   4   3   5   0   1   4  0.19 0.12
  529 D   -1 -1  1  5 -3  1  2 -1  0 -2 -3 -1 -3 -2  0  0 -1 -4 -3 -2    5   3   6  39   0   7  11   5   2   3   1   2   0   2   4   5   4   0   0   2  0.48 0.22
  530 I   -1 -1 -1 -1 -2  0 -1  0 -1  3  0 -2  0 -1  3 -1 -1 -3 -1  1    2   3   2   4   0   6   3   9   1  25   9   1   1   2  14   4   2   0   1  10  0.16 0.12
  531 R    0  2  0  1 -2  0  0 -1 -1 -2 -1  1 -1  0  1  1  0 -2  0 -1    5  12   4  11   0   4   3   2   0   1   6  13   0   5   7  10   5   0   4   6  0.10 0.08
  532 Y   -1 -1 -2 -2 -1  0 -1 -2 -1 -1  0 -2 -1  3  0 -2 -1  5  5  0    3   3   2   2   1   5   3   2   0   2  11   1   0  17   6   1   3  10  23   5  0.40 0.19
  533 T    0 -1  0  0 -2  1  1  0 -1 -1 -1  0  0  1  1  1  1 -2 -1 -1    6   1   3   5   0   7  12   8   0   5   2   4   3   8   7  12  11   0   2   2  0.10 0.07
  534 T    2  0  0 -2 -2  0  0 -2  1 -2 -1 -1 -2 -2  0  1  3 -3  1 -1   18   4   4   1   0   4   6   1   4   1   4   2   0   0   5  10  30   0   5   3  0.24 0.16
  535 R    0  1  0 -1  0  1  0  0 -1 -1  0  1  1  0  0  0  0 -2 -1  0   11  12   3   2   2   6   4   5   0   3   8   8   6   4   3   7   8   0   2   5  0.05 0.04
  536 G    1 -1  1  1 -2 -1  0  3  0 -2 -2 -1 -2 -1 -2  1  0 -3 -2 -2   14   2   7   9   0   1   4  31   2   3   3   1   0   2   1  11   5   0   0   2  0.28 0.13
  537 T    2 -2  1 -1  1 -1 -1  0 -1 -1 -2 -1 -2 -2  3  1  2 -3 -1  0   19   1  10   2   4   1   2   6   1   4   1   2   0   1  14  11  16   0   2   5  0.23 0.12
  538 R    0  4 -1  1 -3  1 -1  1 -2 -3 -1  1 -2 -3  1 -1 -1 -3 -3 -3    7  37   1   9   0   4   1  11   0   1   6   8   0   0   8   1   4   0   0   1  0.38 0.18
  539 E    0  0  0  2 -2  1  2 -1  0  0  0  0  0  0 -2 -1  0 -2 -1 -1    9   5   4  12   0   5  18   4   3   5  12   2   4   4   1   1   8   0   0   2  0.09 0.07
  540 D   -1 -1  2  5 -3 -1  1  2 -2 -3 -2  0 -3 -4 -1 -1 -1 -4 -3 -3    5   3  12  39   0   0   7  16   0   0   5   5   0   0   2   1   3   0   0   1  0.50 0.20
  541 E    0  2  0  0 -2  1  0 -1  2 -1 -1  0 -1 -2  3  1 -1 -3 -2 -1    9  14   4   4   1   7   5   4   6   4   4   2   1   1  14  14   0   0   0   4  0.18 0.10
  542 E   -1  0  0  3 -3 -1  1  0 -2 -1 -1  0 -2 -3  4  0  0 -4 -3 -1    2   5   4  24   0   0   7   6   0   5   6   3   0   0  21   4   8   0   0   5  0.35 0.14
  543 G    1 -1  0 -1 -3 -2 -1  4 -2 -1 -1 -1 -2 -3  0  0  1 -3 -3 -2   12   2   4   3   0   0   3  41   0   4   6   4   0   0   4   2  13   0   0   0  0.36 0.15
  544 L   -1  0 -2 -1  0 -1  0  0 -1  0  2 -1  0 -2  1  0 -1 -3 -2  0    3   7   0   3   3   0   8  10   1   5  27   3   0   0   9  12   1   0   0   7  0.08 0.08
  545 F   -2 -1 -2  0 -3  1  0  1 -1 -2 -1  0 -2  4  0 -2 -2  3  3 -2    1   2   0   7   0   7   5  10   0   0   4   6   0  30   6   1   1   4  13   2  0.32 0.16
  546 P   -2 -1  1  1 -3  0 -1  0  2 -1 -3 -1 -1 -3  5 -1 -1  2 -2 -2    1   3   9   7   0   3   3   7   6   6   1   3   2   0  38   4   3   3   0   1  0.61 0.18
  547 I    0 -3 -3 -4  2 -3 -3 -4 -3  4  1 -3  0  1 -3 -1  1 -3  0  3    9   0   0   0   6   0   0   0   0  30   6   0   0   6   0   2   9   0   3  29  0.38 0.18
  548 G   -2  0 -2 -1 -4 -3 -4  6 -4 -5 -5 -3 -4 -1 -4 -1 -3 -4 -4 -5    0   6   0   2   0   0   0  85   0   0   0   0   0   4   0   3   0   0   0   0  1.47 0.38
  549 G    0 -2 -2 -1 -4 -3 -3  6 -4 -5 -2 -3 -4 -5 -4 -2 -3 -4 -5 -4    6   3   0   4   0   0   0  83   0   0   5   0   0   0   0   0   0   0   0   0  1.36 0.35
  550 V   -2 -4 -4 -4 -2 -4 -4 -5 -5  3  0 -4 -1 -2 -4 -3  0 -4 -3  6    0   0   0   0   0   0   0   0   0  13   0   0   0   0   0   0   5   0   0  82  0.96 0.28
  551 P   -1  2 -3 -3 -4 -2 -2 -1 -3 -3 -1 -1 -3 -3  6 -2 -2  5 -3 -3    6  17   0   0   0   0   0   3   0   0   8   2   0   0  54   0   0  10   0   0  1.16 0.23
  552 L   -2 -3 -4 -4 -2 -3 -4 -4 -4  0  5 -3  1 -1 -4 -3 -2 -3 -2  0    1   0   0   0   0   0   0   1   0   0  93   0   0   0   0   1   0   0   0   0  0.94 0.23
  553 G   -1 -4 -2 -3 -4 -3 -4  7 -4 -5 -5 -3 -4 -5 -4 -2 -3 -4 -5 -5    0   0   0   0   0   0   0 100   0   0   0   0   0   0   0   0   0   0   0   0  1.80 0.32
  554 I   -1  2 -3 -4  1 -2 -3 -4 -3  3  2 -2  3 -1 -3 -2 -2 -3 -2  1    4  19   0   0   4   0   0   0   0  35  26   0  10   0   0   0   0   0   0   3  0.36 0.13
  555 E   -1  0  1  3 -3  2  2  2 -1 -3 -2  1 -2 -4 -2  0 -1 -4 -3 -3    2   3   4  21   0  15  14  22   0   0   3  11   0   0   0   2   3   0   0   0  0.36 0.10
  556 I   -3 -4 -5 -5 -3 -4 -5 -5 -5  6  2 -4  0 -1 -4 -4 -2 -4 -3  2    0   0   0   0   0   0   0   0   0  86  11   0   0   0   0   0   0   0   0   3  1.06 0.26
  557 A    6 -3 -3 -3 -2 -2 -2 -1 -3 -3 -3 -2 -2 -4 -2  0 -1 -4 -3 -2  100   0   0   0   0   0   0   0   0   0   0   0   0   0   0   0   0   0   0   0  1.16 0.30
  558 D   -2 -2  5  5 -4  1  2 -2 -1 -4 -4 -1 -3 -4 -3 -1 -1 -5 -3 -4    0   0  41  40   0   5  12   0   0   0   0   0   0   0   0   0   2   0   0   0  0.88 0.17
  559 E   -1 -1  2  5 -4  3  3 -2 -1 -4 -4 -1 -3 -4 -2 -1 -2 -4 -3 -4    4   0   7  50   0  16  23   0   0   0   0   0   0   0   0   0   0   0   0   0  0.83 0.16
  560 I   -2 -4 -4 -4 -2 -4 -4 -5 -4  6  2 -4  0 -1 -4 -3 -2 -4 -2  2    0   0   0   0   0   0   0   0   0  80  13   0   0   0   0   0   0   0   0   7  0.86 0.19
  561 F    0 -3 -4 -4 -3 -3 -4 -3 -2 -2 -1 -4 -1  6 -4 -3 -3  7  4 -2   13   0   0   0   0   0   0   0   0   0   0   0   0  56   0   0   0  17  14   0  1.05 0.18
  562 N    2  0  2  3 -3  0  2 -1 -1 -3 -3 -1 -1 -3 -2  0  0 -4 -3 -2   32   4  13  26   0   3  16   0   0   0   0   0   2   0   0   2   4   0   0   0  0.37 0.10
  563 N    1 -2  4  0 -2 -1 -1  1 -1 -3 -3 -1 -2 -3 -2  2  2 -4 -3 -2   11   0  39   0   0   0   0  12   0   0   0   0   0   0   0  25  13   0   0   0  0.48 0.11
  564 G   -1 -1  3 -1 -4 -1 -2  5 -2 -4 -4  1 -3 -4 -3 -1 -2 -4 -3 -4    0   0  22   0   0   0   0  62   0   0   0  16   0   0   0   0   0   0   0   0  0.85 0.14
  565 L   -2 -3 -4 -4 -2 -3 -4 -4 -3  1  4 -3  4  0 -4 -3 -2 -2 -2  1    0   0   0   0   0   0   0   0   0   3  73   0  21   0   0   0   0   0   0   3  0.71 0.14
  566 K    0  3  0 -1 -3  2  0 -2 -1 -3 -3  4  0 -3 -2  0 -1 -3 -2 -2    5  20   5   0   0  11   0   0   0   0   0  46   3   0   0   7   0   0   0   2  0.46 0.10
  567 P    0 -2 -2 -2 -3 -2 -2 -2 -3 -4 -4  0 -3 -4  7  1 -1 -4 -3 -3    5   0   0   0   0   0   0   0   0   0   0   6   0   0  77  12   0   0   0   0  1.64 0.14
  568 T    0  2  0 -1 -2 -1 -1  0 -2 -2 -2  0 -2 -3 -2  2  4 -3 -2 -1    0  17   0   0   0   0   0   5   0   0   0   0   0   0   0  26  52   0   0   0  0.44 0.09
  569 P   -1 -2 -2 -2 -3 -1 -1  0 -2 -3 -3  1 -2 -4  7 -1  0 -4 -3 -2    0   0   0   0   0   0   0   9   0   0   0  11   0   0  66   0  10   0   0   0  1.26 0.08
  570 P    1  0 -2 -1 -3  1  1 -2 -2 -2 -3  1 -2 -3  6  0 -1 -3 -3 -1   21   4   0   0   0   5  12   0   0   0   0  10   0   0  44   0   0   0   0   3  0.75 0.05
  571 E    0 -1  1  1 -3  1  3  2 -1 -3 -3  0 -2 -3 -2  2  0 -3 -2 -3    0   0   4   5   0   6  41  19   0   0   0   0   0   0   0  25   0   0   0   0  0.41 0.04
  572 I    0 -1 -3 -3 -2  0 -1 -3 -2  2  2 -1  1  1  1 -1 -1 -2 -1  1   15   4   0   0   0   5   4   0   0  23  36   0   0   6   7   0   0   0   0   0  0.14 0.02
  573 Q   -1  0  0 -1 -3  6  1 -2  0 -3 -3  1 -1 -4 -2  0  1 -3 -2 -2    0   0   0   0   0  84   0   0   0   0   0   0   0   0   0   0  16   0   0   0  0.73 0.08
  574 P   -1 -3 -3 -2 -3 -2 -2 -3 -3 -3 -4 -2 -3 -4  8 -1 -2 -4 -4 -3    0   0   0   0   0   0   0   0   0   0   0   0   0   0 100   0   0   0   0   0  2.24 0.09
