    1 P   -2 -3 -3 -3 -4 -2 -2 -3 -3 -4 -4 -2 -4 -5  8 -2 -2 -5 -4 -4    0   0   0   0   0   0   0   0   0   0   0   0   0   0 100   0   0   0   0   0  2.49 0.19
    2 A    3 -1 -1 -1 -2 -2 -2  0 -2 -2 -1 -1 -1 -2  1  2  3 -3  0 -1   36   2   0   2   0   0   0   4   0   0   7   0   0   0   6  14  25   0   4   0  0.30 0.10
    3 Q    0 -1  1  1 -3  2  2 -1  0 -2 -2  0  2 -2 -1  2  0 -3  0 -1    7   0   6   6   0  15  13   4   1   0   2   4  13   1   2  19   3   0   4   3  0.18 0.09
    4 D   -2 -2  0  5 -4  0  4 -2  0 -2 -3 -1 -3 -4 -3  0 -1 -5 -2 -4    2   1   3  43   0   2  32   2   2   2   2   1   0   0   0   4   4   0   1   0  0.76 0.21
    5 N    0  0  1  1 -3  1  0 -2  1 -2 -1 -1 -1 -3  1  1  3 -4 -2 -1    9   6   7   9   0   6   3   1   4   1   4   2   1   0   6   7  30   0   0   3  0.22 0.12
    6 S    1  0 -1  0 -3 -1 -1  4 -3 -3 -2 -1 -3 -4 -1  2  1 -4 -4 -2   13   5   1   4   0   1   2  37   0   1   3   1   0   0   2  16  12   0   0   2  0.44 0.16
    7 R    1  3 -1  0 -3  0  2  0  0 -2 -2 -1 -3 -3  3  0 -1 -4 -2 -2   14  20   1   3   0   3  19   6   2   1   3   0   0   1  17   4   2   0   1   1  0.34 0.15
    8 F   -2 -4 -5 -5 -4 -4 -5 -2 -2  1  2 -4 -2  6 -3 -3 -3 -1  5 -2    2   0   0   0   0   0   0   4   1   7  18   0   0  41   1   1   0   0  23   0  0.97 0.29
    9 V    1 -1 -1 -2 -3 -2 -2 -2 -1  1 -1 -2  0  3 -2 -1  0 -1  5  1   14   4   3   2   0   1   2   2   1   8   3   1   2  14   2   2   5   0  26  10  0.33 0.17
   10 I    1  2 -2 -1 -4  3  0 -2 -1 -1 -2 -1 -1 -3  5 -1 -1 -4 -3 -1   14  12   0   3   0  18   4   2   1   3   2   2   1   1  28   2   3   0   0   5  0.51 0.20
   11 R   -2  7 -3 -2 -6 -1  0 -3  0 -5 -3 -1 -4 -2 -4 -2 -2 -5 -4 -5    3  78   0   1   0   1   5   1   2   0   2   1   0   2   1   1   2   0   0   0  1.54 0.44
   12 D   -2 -2  1  7 -6 -1  1 -2 -4 -6 -5 -3 -5 -6  1 -2 -3 -4 -5 -5    2   1   5  70   0   2   7   2   0   0   1   0   0   0   7   1   1   0   0   0  1.44 0.40
   13 R   -2  5 -3  1 -4 -2 -1 -2  1 -3 -1 -1 -2 -2  2 -2 -1  6 -1 -3    3  40   0   8   0   0   2   2   4   1   7   1   0   1  11   1   5  11   1   1  0.65 0.26
   14 N    1  0  1  2 -4  0  3  2 -2 -4 -3 -1 -3 -4 -2  1  0 -4 -4 -3   13   5   7  13   0   3  22  18   0   0   2   1   0   0   1  10   5   0   0   0  0.36 0.17
   15 W    0 -2 -2 -1 -3 -1 -2 -1  0  0 -1 -3  1 -3 -3  2  2  7 -2  1    8   2   0   3   0   2   1   5   3   6   3   0   4   0   1  16  16  19   0  13  0.47 0.22
   16 H   -1 -2 -2 -3 -6  5 -1 -5  9 -6 -5 -3 -3 -2 -5 -3 -4 -5  1 -6    5   1   1   1   0  24   2   0  59   0   0   0   0   1   0   0   0   0   3   0  1.93 0.54
   17 P   -2 -6 -6 -5 -7 -5 -5 -6 -6 -7 -7 -5 -6 -7  9 -4 -4 -8 -7 -6    3   0   0   0   0   0   0   0   0   0   0   0   0   0  95   0   1   0   0   0  3.06 0.72
   18 K    0  3 -4 -1 -5 -2  0 -3 -2 -4 -3 -1 -4 -6  7 -1 -3 -6 -5 -3    9  16   0   3   0   1   5   1   1   1   2   4   0   0  52   3   0   0   0   2  1.24 0.39
   19 A    3  1 -3 -4 -3 -2 -3 -3  0 -1  3 -2 -1 -1 -1 -1 -2 -3  3 -1   26  11   1   0   0   1   0   1   3   1  31   0   1   1   3   4   0   0  12   4  0.36 0.22
   20 L   -2 -2  0  4 -3 -3 -2 -3  1  2  2 -3 -2  0 -2 -2 -3 -3  3 -1    3   2   3  28   0   0   0   1   3  11  26   1   0   4   2   1   0   0  12   2  0.40 0.22
   21 T    1 -3 -3 -1 -3 -3 -3 -1  3 -3 -3 -3 -3  3 -4  1  3  0  5 -2   10   0   0   5   0   0   0   4   9   0   0   0   0  15   0   8  21   1  23   2  0.58 0.27
   22 P    1 -3 -5 -3 -5 -3 -2 -4 -4 -5 -5 -4 -5 -6  8 -2 -3 -6 -6 -4   11   1   0   1   0   1   2   0   0   0   1   0   0   0  76   3   1   0   0   1  2.11 0.55
   23 D    1 -3 -1  3 -4 -2  0  3 -3 -4 -4 -2 -4 -4  5 -2  0  1 -4 -4   11   1   3  16   0   1   7  21   0   1   1   0   0   0  29   1   5   2   0   0  0.69 0.26
   24 Y   -5 -5 -5 -1 -4 -5 -5 -6 -2 -5 -5 -5 -5 -1 -6 -4 -5 -2 10 -5    1   0   0   4   0   0   0   0   0   0   0   0   0   0   0   1   0   0  92   0  2.88 0.72
   25 K   -1  6  0 -4 -5  0 -2 -1 -3 -5 -4  5 -4 -5 -2 -2 -2 -5 -4 -2    4  40   3   0   0   2   0   4   0   0   1  37   0   0   2   1   2   0   0   3  1.01 0.37
   26 T   -2 -3  0 -3 -4 -3 -3 -1 -4 -3 -3 -3 -4 -4 -4  5  4 -5 -4 -3    1   1   3   0   0   0   1   4   0   1   2   0   0   1   0  56  30   0   0   1  1.09 0.44
   27 S   -1 -4 -1 -3 -4 -3 -3 -3 -4 -4 -4 -3 -4 -3 -3  5  5 -5 -5 -4    2   0   2   0   0   0   0   0   0   0   0   0   0   1   1  51  41   0   0   0  1.29 0.48
   28 I    1  0 -3 -1 -2 -2 -1 -2  0  2  0 -3 -1 -2 -2 -2 -1 -1 -3  4   15   5   1   3   0   1   3   2   3  10   9   0   1   1   1   1   3   1   0  40  0.34 0.20
   29 A    0 -1 -4 -3 -3  0 -3 -4 -4 -1  4  1 -1 -1  0 -2  0 -4 -3 -2   10   2   0   1   0   5   0   0   0   0  54  11   0   1   4   2   6   0   0   1  0.51 0.26
   30 R   -5  8 -4 -5 -7 -3 -4 -6 -1 -7 -6 -1 -5 -6 -6 -4 -5 -6 -5 -6    0  97   0   0   0   0   0   0   1   0   0   0   0   0   0   0   0   0   0   0  2.64 0.68
   31 S    2 -2 -1 -3 -4 -2 -3  1  7 -4 -5 -3 -4 -4 -4  4  1 -5 -2 -3   17   1   2   0   0   1   0   9  27   1   0   0   0   0   0  31   8   0   1   2  0.82 0.35
   32 P   -5 -6 -6 -2 -7 -5 -5 -6 -6 -7 -7 -5 -7 -8  9 -4 -5 -8 -7 -6    0   0   0   2   0   0   0   0   0   0   0   0   0   0  97   0   0   0   0   0  3.19 0.80
   33 R   -2  4  0 -2 -4  2 -1 -2  1 -3 -2  2 -3 -4 -4  1  3 -5 -3 -3    2  26   5   1   0  11   1   2   3   1   4  11   0   0   0  12  21   0   0   0  0.52 0.27
   34 Q   -3  3  1 -3 -5  7  0 -5  1 -5 -2  2 -3 -4 -1 -2 -3 -3 -2 -5    1  14   5   0   0  47   4   0   3   0   5  12   0   1   3   1   0   0   1   0  1.02 0.44
   35 A    2  0 -1  2 -5 -2 -1 -4 -3 -5 -4  0 -3 -6  6  0 -1 -6 -5 -4   21   4   2  11   0   1   3   0   0   0   1   6   1   0  39   7   3   0   0   0  0.89 0.36
   36 L   -2 -4 -5 -6 -5 -5 -6 -6 -6 -2  6 -5  3 -2  3 -5 -4 -5 -4 -3    3   1   0   0   0   0   0   0   0   0  71   0   6   1  17   0   0   0   0   0  1.36 0.51
   37 V   -1 -1  0  0 -3 -1 -2 -1  1  3  1 -2  1 -2 -1 -1 -1 -3 -2  2    2   4   4   7   0   2   1   4   5  19  15   1   5   0   3   4   4   0   0  21  0.18 0.15
   38 S    0  2 -2 -2 -3 -1 -2 -3  2 -1  0 -2 -1 -1  1  2  1 -2  4 -1    7  14   0   1   0   2   1   0   5   4  10   1   1   1   8  18   7   0  16   3  0.26 0.21
   39 I   -1 -3 -5 -6 -4 -5 -5 -6 -5  3  4 -5  2  1 -4 -4 -2 -4  0  2    6   1   0   0   0   0   0   0   0  15  51   0   4   5   1   1   2   0   3  12  0.79 0.33
   40 P   -2  0 -1  3 -5  1  1 -1 -1 -5 -4  3 -4 -6  5 -2 -3 -6 -4 -5    2   4   3  18   0   7   7   4   1   0   1  20   0   0  31   1   1   0   0   0  0.83 0.35
   41 Q    0 -1  0 -2 -5  3  4 -2  3 -5 -4 -2 -4 -5  4 -1  1 -3 -4 -2    9   3   5   1   0  14  26   3   6   0   1   1   0   0  18   4   8   0   0   2  0.57 0.30
   42 S   -1  0 -3 -2 -4 -3  2 -2 -3 -5 -4 -3 -3 -6 -2  2  6 -6 -4 -4    3   4   0   1   0   0  14   2   0   0   1   1   1   0   2  14  56   0   0   0  1.10 0.51
   43 I    2 -3 -4 -3 -4 -2 -2 -2 -4 -1  2 -3 -1 -2  5 -2  0 -5 -4 -1   17   1   0   1   0   1   3   2   0   3  25   1   1   1  33   1   6   0   0   4  0.70 0.33
   44 S   -1 -1 -3 -3 -4 -3 -3 -1  0  0 -3 -3 -3 -5 -1  5  2 -1 -5  0    4   4   0   1   0   0   1   4   2   5   1   1   0   0   3  56  11   1   0   6  0.80 0.42
   45 E   -4 -3 -3 -1 -7  6  6 -6  0 -7 -6 -3 -5 -7 -5 -4 -4 -6 -5 -4    1   1   1   2   0  42  49   0   2   0   0   0   0   0   0   0   1   0   0   2  1.73 0.65
   46 T   -2 -1 -3 -4 -4 -2 -1 -4 -3  2  2 -3  0 -4 -4 -1  5 -4 -4  0    2   4   1   0   0   1   3   1   1  10  21   0   1   0   0   3  45   0   0   6  0.71 0.37
   47 T    3 -1 -3 -3 -2 -2 -2 -2  0 -1 -2 -3 -3 -1 -3  0  4  2 -2  2   22   3   0   1   0   1   1   2   2   2   2   0   0   3   1   6  32   3   1  17  0.50 0.31
   48 G    0 -5 -2 -4 -6 -4 -5  7 -6 -7 -7 -5 -5 -7 -6  0 -4 -6 -7 -3    7   0   2   0   0   1   0  81   0   0   0   0   0   0   0   6   1   0   0   2  1.86 0.60
   49 P   -5 -7 -7 -6 -8 -6 -6 -7 -7 -4 -5 -6 -7 -8  9 -6 -6 -9 -8 -6    0   0   0   0   0   0   0   0   0   1   1   0   0   0  98   0   0   0   0   0  3.35 0.95
   50 N    1  0 -2 -1  2 -1 -2 -1 -1  0  0 -2  0  3 -2 -1  0 -1  0  3   11   5   2   5   4   2   2   3   1   2   6   2   1  14   2   3   5   1   3  26  0.14 0.10
   51 F   -4 -6 -6 -5 -6 -6 -6 -5 -3 -4 -1 -5 -2  7 -3 -6 -5  1  7 -2    1   0   0   1   0   0   0   1   0   0   6   0   1  44   2   0   0   1  41   2  1.92 0.62
   52 S   -1 -2 -2 -2 -4 -3 -3  4  0 -2  0 -3 -3 -2  1  0 -2 -1 -4  3    2   2   1   2   0   0   1  38   2   0   9   1   0   1   7   7   2   1   0  22  0.50 0.26
   53 H   -1  0 -2  0 -6  0  0 -2  9 -4 -4 -3 -4 -4  1 -2 -3 -2 -1 -1    6   5   1   5   0   4   6   3  51   1   1   0   0   0   8   2   1   0   1   4  1.30 0.49
   54 L   -1  1  0  1 -2 -1 -1  0  0  4  0 -2  0 -1 -4  0  0 -2  0  0    4  10   4   9   1   1   5   6   3  30   6   1   1   1   0   6   6   1   3   2  0.17 0.16
   55 G   -1  1 -2  3 -3 -2 -1  4 -3 -1 -1 -1  1 -3 -3 -1 -2 -3 -4 -3    4   8   1  19   0   1   4  38   0   4   6   4   4   1   1   3   2   0   0   1  0.48 0.25
   56 F   -3 -4 -5 -5  0 -3 -5 -5 -3  2  5 -4  1 -1 -3 -4 -1 -4 -2  3    1   1   0   0   2   1   0   1   1   9  53   1   3   2   1   1   4   0   1  19  0.78 0.33
   57 G    1  0  0  0 -3 -2 -2  3 -1 -2 -2 -2 -3 -4  3 -1  2 -5 -3 -3   15   5   4   5   0   1   1  26   2   2   3   1   0   0  14   2  15   0   1   1  0.39 0.22
   58 A    1 -3 -3  0 -3 -3  2 -2 -4 -5 -4 -2 -5 -5  6 -3 -4  7 -4 -4   12   1   1   5   1   1  12   3   0   0   1   2   0   0  46   1   0  13   0   1  1.28 0.47
   59 H   -1 -1  1 -2 -3 -2 -1  1  3 -1  2 -1  0  0  1 -2 -1 -1  2 -2    3   2   6   2   0   1   4  11   9   2  28   4   2   3   8   2   2   1  10   1  0.18 0.16
   60 D    0 -3  0  7 -4  0  2 -1 -4 -5 -5 -3 -4 -1 -4 -2 -4 -2 -4 -5    9   1   3  57   0   4  14   4   0   0   1   0   0   3   1   1   0   1   0   0  1.16 0.44
   61 H    3 -1  4 -1 -1 -1 -1  1  4 -4 -3 -2 -3 -4 -4  0 -2  0 -3 -3   28   4  23   2   1   1   4  12  11   0   2   1   1   0   0   7   1   1   0   1  0.52 0.28
   62 D   -4 -5  1  7 -6 -3  0  1 -4 -3 -6 -4 -4 -6  2 -3 -4 -7 -6 -6    0   0   6  68   0   0   5   9   0   2   0   0   1   0   9   0   0   0   0   0  1.55 0.51
   63 L   -4 -5 -6 -3 -4 -5 -5 -6 -2  0  6 -5  2  4 -6 -4 -3 -4  0 -2    0   0   0   2   0   0   0   0   1   2  71   0   4  15   0   1   1   0   3   0  1.21 0.43
   64 L    1 -3 -3 -1 -3 -3 -2  0 -4  2 -1 -3 -1 -4 -3 -1  5 -5 -4  1   11   1   0   3   0   1   2   8   0  12   6   0   1   0   0   1  45   0   0   9  0.59 0.31
   65 L    0  3 -1 -3 -3 -1 -2 -2  0  1  1  0  2 -2 -1 -1  0  0 -2  2   11  19   2   0   0   2   0   2   3  10  17   4   5   0   2   2   4   2   0  15  0.18 0.15
   66 N    1  0  5  1 -4  3 -1  0  0 -2 -4 -2 -2 -5  1 -1 -1 -5 -4  0   10   5  29   6   0  18   2   7   2   1   0   1   1   0   6   1   3   0   0   9  0.44 0.25
   67 F    0 -1  0 -1 -4 -1  1  2  5 -1 -2 -2 -1  2 -2 -1 -1 -1  2 -2    7   2   5   3   0   1  11  15  19   3   2   2   1  12   1   2   3   1   9   1  0.31 0.18
   68 G    2 -4 -3  0 -5 -4 -2  6 -4 -5 -5 -3 -5 -5  2 -1 -3 -5 -5 -4   16   1   0   6   0   0   2  58   0   0   0   1   0   0  11   3   0   0   0   1  1.10 0.39
   69 L    0  1  0  0 -4  1  4 -1  0 -3 -2  0 -2 -4  0 -1  1 -4 -3 -2    7   9   3   5   0   5  34   4   2   1   5   5   1   0   3   2  11   0   0   3  0.36 0.21
   70 P    3 -4 -4 -4 -5 -4 -3 -4 -5 -4 -4 -4 -4 -6  7 -3  2 -6 -5 -2   23   1   0   0   0   0   1   0   0   0   1   0   0   0  56   0  14   0   0   3  1.54 0.48
   71 I    0  1 -3 -2 -3  2 -1  0 -2  3  2  0  0 -2 -3 -1 -2 -4 -3  0    6   7   0   2   0  10   3   9   1  25  22   6   1   0   0   3   0   0   0   5  0.20 0.16
   72 G    0 -6 -4 -5 -6 -5 -5  7 -5 -7 -7 -5 -6 -7 -5 -3 -5 -6 -6 -6    8   0   0   0   0   0   0  92   0   0   0   0   0   0   0   0   0   0   0   0  2.23 0.60
   73 E   -3 -2 -2 -1 -5  4  6 -4 -2 -4 -5 -2 -4 -3 -1 -2 -1 -5 -4 -3    1   1   2   1   0  18  63   1   0   1   1   0   0   2   3   1   3   0   0   2  1.23 0.43
   74 R   -3  8 -3 -4 -5 -2 -2 -5  0 -4 -3  0 -4 -5 -1 -3 -3 -5 -4 -1    2  77   0   0   0   1   1   0   2   1   3   3   0   0   3   0   1   0   0   5  1.63 0.49
   75 I   -4 -6 -6 -6 -3 -6 -6 -7 -6  8  0 -6  1 -1 -6 -5 -3 -6 -4  2    0   0   0   0   0   0   0   0   0  82   4   0   3   2   0   0   1   0   0   8  1.79 0.52
   76 I   -2  2 -2 -3 -2 -2  0 -4  0  4  0 -2 -1 -2 -4 -2  2  4 -2  2    2  11   1   0   1   1   6   0   3  30   5   1   0   1   0   1  16   6   1  15  0.39 0.22
   77 V   -3 -5 -6 -6 -4 -5 -5 -6 -6  4  1 -5  1 -3 -5 -5 -3 -5 -4  6    0   0   0   0   0   0   0   0   0  24  10   0   2   0   0   0   0   0   0  63  1.35 0.44
   78 A   -1  2 -2 -2 -2 -1  3 -2  6 -3 -4 -1 -3 -1 -4  1  3 -4  0 -2    5  10   0   0   1   1  18   1  21   1   0   2   0   2   0  13  20   0   2   2  0.55 0.28
   79 G   -3 -6 -4 -5 -6 -5 -6  7 -6 -7 -5 -5 -6 -7 -6 -3 -5 -6 -7 -7    1   0   0   0   0   0   0  97   0   0   1   0   0   0   0   1   0   0   0   0  2.40 0.63
   80 R   -3  7 -3 -4 -2  1 -3 -5  1 -3 -3  0 -3 -3 -5 -2  2 -5 -1 -3    1  63   0   0   1   7   0   0   3   1   3   2   0   1   0   2  12   0   2   2  1.23 0.44
   81 V   -3 -6 -6 -6 -4 -5 -6 -7 -6  2  1 -6 -1 -4 -6 -5 -3 -6 -4  7    0   0   0   0   0   0   0   0   0   8   9   0   1   0   0   0   0   0   0  83  1.69 0.52
   82 V   -3  1 -4 -5 -2 -3 -4 -5 -1  2  4 -2  0  3 -5 -3  0 -2  1  1    0   9   0   0   1   1   0   0   2  10  45   2   1  11   0   0   6   0   5   7  0.52 0.24
   83 D   -5 -5  0  8 -7 -4 -2 -3 -5 -7 -7 -4 -7 -7 -5 -4 -2 -8 -7 -7    0   0   2  93   0   0   1   2   0   0   0   0   0   0   0   0   3   0   0   0  2.44 0.66
   84 Q   -1  0 -2 -1 -5  1  3  5 -3 -5 -4 -2 -4 -4 -2  0 -3 -1 -4 -4    4   6   0   2   0   8  25  44   0   0   1   0   0   1   1   5   1   1   0   1  0.77 0.31
   85 Y    1  0  2  3 -3 -1  0 -1 -1 -3 -3 -1 -1  0 -3  1  2 -1 -2 -3   16   6  12  20   0   2   3   4   1   0   2   1   1   5   0  11  12   1   1   0  0.27 0.17
   86 G   -1 -3 -2 -4 -6 -5 -5  7 -4 -7 -7 -4 -6 -6 -5 -3 -4 -6 -6 -6    3   1   1   1   0   0   0  92   0   0   0   0   0   0   0   1   0   0   0   0  2.14 0.57
   87 K    1  5 -1 -1 -4  0  0 -3 -1 -3 -3  2 -2 -4 -3  0  1 -5 -3 -2   14  38   2   2   0   3   6   0   1   1   2  13   1   0   0   6   9   0   0   2  0.56 0.26
   88 P   -2 -6 -5 -5 -6 -5 -5 -1 -6 -3 -3 -5 -6 -4  8 -4 -3 -7 -6 -4    3   0   0   0   0   0   0   5   0   2   2   0   0   1  84   0   1   0   0   1  2.42 0.63
   89 V   -3 -4 -6 -6 -3 -3 -5 -6 -6  2  1 -5 -1 -3 -5 -5 -3 -6 -4  6    1   1   0   0   0   1   0   0   0  10  12   0   1   0   0   0   0   0   0  74  1.36 0.45
   90 P    0  5 -2 -3 -4 -2 -3 -3 -3 -5 -4  2 -4 -5  6 -2 -1 -6 -5 -4    9  33   1   0   0   0   0   1   0   0   1  11   0   0  36   2   3   0   0   0  1.11 0.38
   91 N   -4 -2  4  6 -6 -2 -1  3  4 -6 -6 -3 -5 -5 -4 -2 -4 -6 -4 -6    0   2  20  44   0   0   1  20  10   0   0   0   0   0   0   0   0   0   0   0  1.17 0.39
   92 T    4 -3 -3 -4 -1  2 -3 -1 -4 -2 -3 -2 -3 -4 -3  0  3 -5 -4  2   40   0   0   0   1  13   0   3   0   1   0   0   0   0   0   6  19   0   0  16  0.60 0.31
   93 L   -4 -2 -6 -5 -4 -5 -5 -6 -5 -1  6 -5  4 -1 -6 -5 -3 -4 -3  1    0   2   0   0   0   0   0   0   0   1  76   0   9   1   0   0   0   0   0   9  1.26 0.42
   94 V   -3 -5 -6 -6 -4 -5 -5 -6 -6  4  2 -5  0 -2 -5 -5 -3 -5 -4  5    0   0   0   0   0   0   0   0   0  27  21   0   1   1   0   0   0   0   0  50  1.14 0.38
   95 E   -5 -4 -4 -1 -8 -2  8 -6 -4 -7 -7 -3 -6 -7 -5 -4 -5 -7 -6 -6    0   0   0   1   0   0  99   0   0   0   0   0   0   0   0   0   0   0   0   0  2.52 0.72
   96 M   -1 -5 -5 -5 -3 -5 -5 -6 -5  6  0 -5  0  0 -5 -3  1 -5 -3  4    5   0   0   0   0   0   0   0   0  50   4   0   2   3   0   2   9   0   0  25  0.99 0.35
   97 W   -7 -8 -9 -9 -7 -7 -8 -7 -7 -8 -6 -8 -6 -4 -9 -8 -7 13 -2 -8    0   0   0   0   0   0   0   0   0   0   0   0   0   0   0   0   0 100   0   0  5.09 1.06
   98 Q   -3 -3 -2 -4 -7  9 -2 -6 -2 -7 -6 -3 -5 -7 -5 -2 -5 -6 -6 -6    2   0   1   0   0  95   0   0   1   0   0   0   0   0   0   2   0   0   0   0  2.70 0.78
   99 A    7 -5 -5 -6  2 -4 -5 -3 -5 -5 -5 -4 -5 -6 -4 -2 -4 -6 -5 -4   96   0   0   0   4   0   0   0   0   0   0   0   0   0   0   0   0   0   0   0  2.04 0.63
  100 N   -5 -4  8  4 -7 -4 -3 -4 -3 -7 -7 -4 -6 -7 -6 -2 -4 -8 -6 -7    0   0  75  24   0   0   0   0   0   0   0   0   0   0   0   1   0   0   0   0  2.23 0.63
  101 A    6 -5 -5 -4 -4 -3 -4 -3 -1 -5 -5 -3 -4 -6  2  1 -2 -6 -5 -3   75   0   0   0   0   1   0   1   2   0   0   1   0   0  10   8   1   0   0   1  1.40 0.55
  102 G    4 -4  0  2  1 -1  0  2  1 -4 -5 -2 -4 -3 -4  0 -2 -1 -1 -3   38   0   5  12   3   2   6  18   3   0   0   1   0   1   0   6   0   1   2   1  0.53 0.29
  103 G   -4 -7 -4 -5 -7 -6 -6  8 -6 -8 -8 -6 -7 -7 -6 -4 -6 -7 -7 -7    0   0   0   0   0   0   0 100   0   0   0   0   0   0   0   0   0   0   0   0  2.70 0.76
  104 R   -5  8 -3 -5 -7 -3 -4 -5 -2 -1  0  0 -4 -2 -6 -5 -5 -6 -4 -2    0  76   1   0   0   0   0   1   1   5   8   4   0   2   0   0   0   0   1   3  1.76 0.60
  105 Y   -6 -6 -6 -8 -7 -6 -6 -7  1 -4 -5 -6 -5  4 -7 -5 -6 -2 10 -5    0   0   0   0   0   0   0   0   2   1   0   0   0  12   0   1   0   0  85   0  2.97 0.84
  106 R    2  4  3  2 -2 -1 -2 -3 -1  0 -3 -1 -2 -3  0 -2 -2 -1 -4  0   17  28  15  12   1   2   1   0   2   8   1   0   0   0   4   1   2   1   0   6  0.41 0.26
  107 H   -4 -5 -3 -2 -7 -4 -4 -5 11 -7 -7 -5 -6 -6 -6  1 -5 -7 -2 -5    1   0   0   2   0   0   0   1  83   0   0   0   0   0   0  11   0   0   1   1  3.06 0.85
  108 K   -2  0 -4 -2 -5  1 -1 -4 -3 -2 -4  3 -4 -6  6 -2 -2 -2 -4 -1    3   5   0   1   0   7   4   1   1   3   1  23   0   0  42   2   2   1   0   6  1.01 0.40
  109 N    1  3  1  2 -4  0  2  0 -2 -3 -2  2 -2 -4 -3  0 -1 -1 -3 -1   11  18   7  14   0   2  12   6   0   1   4  12   1   0   0   6   1   1   0   4  0.29 0.18
  110 D   -4 -5 -2  8 -7 -3  3 -3 -3 -6 -7 -4 -6 -7 -5 -4 -4 -7 -6 -6    1   0   1  78   0   0  15   2   1   0   0   0   0   0   0   0   0   0   0   0  2.09 0.64
  111 R   -1  2  0 -1 -4  5 -2  0 -1 -3 -2  0  0 -4  3  0  1 -4 -3 -3    4  10   5   3   0  28   0   6   1   1   4   3   3   0  14   6  11   0   1   1  0.43 0.25
  112 Y   -4  4  0 -4 -4  1 -3 -1  7 -5 -5 -3 -4 -1 -5 -1 -4  5  4 -4    0  27   4   0   0   6   1   5  28   0   0   0   0   2   0   4   0   8  13   1  1.14 0.44
  113 L   -1 -2  0  3 -4 -1  0  2  0 -1  0 -2 -2 -2  5 -1 -2 -4 -3 -3    5   2   3  17   0   2   5  16   2   4  10   1   0   1  26   4   1   0   1   1  0.45 0.21
  114 A    5 -4 -4 -4 -1 -2 -2  2 -4 -2 -2  0 -2 -3 -1 -1 -3 -5 -5 -2   60   0   0   0   1   2   1  16   0   2   3   6   1   1   2   1   0   0   0   2  0.88 0.40
  115 P    0  1 -4 -2 -5 -1 -1 -4 -4 -5 -5 -1 -5 -6  7 -2 -1 -6 -5 -1    7   8   0   2   0   3   3   1   0   0   0   4   0   0  59   3   4   0   0   5  1.42 0.47
  116 L    1 -2 -5 -4 -2 -4 -3 -4 -3  3  4 -4  0 -3 -3 -1 -2 -4 -3  1   15   2   0   0   1   0   1   1   1  14  51   0   1   0   1   4   2   0   0   6  0.64 0.30
  117 D   -4 -1 -1  8 -7 -4  0 -4 -2 -5 -6 -4 -6 -4 -5 -3 -4  0 -3 -4    1   4   1  81   0   0   4   1   1   0   1   0   0   1   0   1   1   1   1   1  1.95 0.62
  118 P   -2 -4 -2 -2 -7 -4  0 -4 -2 -7 -7 -2 -6 -7  8 -3 -5 -7 -6 -6    3   1   2   3   0   0   7   1   1   0   0   2   0   0  78   1   0   0   0   0  2.25 0.68
  119 N   -1 -3  7  0 -6 -4 -4  2  4 -7 -7 -4 -5 -3 -5 -2 -3 -7 -3 -6    4   0  59   5   0   0   0  17   9   0   0   0   0   1   0   2   1   0   1   0  1.49 0.53
  120 F   -6 -7 -7 -8 -6 -7 -7 -7 -1 -3 -3 -7 -4  9 -8 -6 -6 -3 -1 -4    0   0   0   0   0   0   0   0   2   1   1   0   0  95   0   0   0   0   0   1  3.01 0.81
  121 G   -1  4 -1 -1 -2 -1 -2  1 -2 -2  0 -1 -2 -3 -3 -1  4 -4 -2 -2    3  25   2   3   1   2   1  14   1   2   8   2   1   1   0   3  28   0   1   2  0.40 0.26
  122 G   -2 -6 -4 -5 -7 -6 -6  8 -6 -8 -8 -6 -7 -7 -6 -4 -6 -7 -7 -7    3   0   0   0   0   0   0  97   0   0   0   0   0   0   0   0   0   0   0   0  2.56 0.73
  123 V    1 -4 -5 -6  5 -4 -4 -3 -5 -2 -2 -4  0  5 -6 -3 -2  8  0  2   13   0   0   0  11   0   1   1   0   1   2   0   2  22   0   1   2  25   2  14  1.14 0.42
  124 G   -1 -6 -4 -5 -6 -6 -6  8 -6 -8 -8 -5 -7 -7 -6 -3 -5 -7 -7 -7    3   0   0   0   0   0   0  96   0   0   0   0   0   0   0   1   0   0   0   0  2.49 0.71
  125 R   -5  8 -5 -6 -8 -1 -4 -7 -3 -7 -6 -1 -6 -7 -6 -5 -5 -2 -4 -5    1  94   0   0   0   2   0   0   0   0   0   1   0   0   0   0   0   1   0   1  2.65 0.79
  126 C    1 -5 -4 -5  8 -1 -5 -4 -5 -1 -3 -3  1 -4 -5  0  3 -5 -4  2   10   0   0   0  31   2   0   1   0   3   1   1   4   0   0   5  23   0   0  18  1.01 0.41
  127 L   -1 -3 -4 -3  1 -2 -3  0 -1  3  2 -3  1 -1  3 -2 -1 -4 -3  1    5   1   0   1   4   2   1   7   1  17  27   0   3   1  16   2   2   0   0   9  0.35 0.20
  128 T   -1 -5 -4 -5  1 -4 -5 -3 -6 -3 -5 -4 -4 -6 -3  1  7 -6 -5 -2    4   0   0   0   2   0   0   2   0   1   0   0   0   0   1   8  80   0   0   2  1.80 0.66
  129 D   -2 -4  1  8 -7 -3 -2  0 -5 -7 -7 -4 -7 -7 -5 -3 -5 -8 -7 -7    3   0   5  80   0   1   1   8   0   0   0   0   0   0   0   1   0   0   0   0  2.02 0.64
  130 S    2 -2 -1  3 -4 -1  2  0 -3 -4 -4 -2 -2  3  1  0 -2 -4 -3 -3   24   1   2  16   0   2  17   6   0   0   0   2   1  14   7   6   2   0   0   0  0.40 0.25
  131 D    0 -1  2  5 -5  1  4 -2  0 -5 -4 -2 -4 -5 -4  0  0 -5 -2 -5    6   2  10  32   0   6  25   3   2   0   1   1   0   0   0   6   4   0   2   0  0.71 0.32
  132 G   -3 -6 -4 -5 -7 -6 -6  8 -6 -8 -8 -6 -7 -7 -6 -4 -6 -7 -7 -7    1   0   0   0   0   0   0  99   0   0   0   0   0   0   0   0   0   0   0   0  2.63 0.74
  133 Y   -1  4  1 -1 -3 -1  2 -1  2 -1 -2 -1 -2 -1 -4  0 -1  1  2  0    3  26   7   1   1   1  14   4   5   3   3   0   1   3   0   8   4   2   8   8  0.25 0.19
  134 Y   -5 -6 -7 -8 -3 -6 -6 -7 -1 -5 -5 -6 -5  4 -7 -6 -6  6  9 -5    1   0   0   0   1   0   0   0   1   0   0   0   0  13   0   0   0  11  74   0  2.74 0.78
  135 S    1  5 -2 -3 -3  0  0  0 -1 -3 -4  0 -3 -2 -4  1  0 -1 -3 -1   11  41   0   0   0   2   7   8   1   1   0   3   0   1   0  10   6   1   1   5  0.57 0.30
  136 F   -6 -7 -4 -8 -6 -7 -7 -7 -5  0 -1 -7 -3  9 -8 -6 -6 -3  0 -3    0   0   1   0   0   0   0   0   0   6   4   0   0  87   0   0   0   0   2   1  2.59 0.73
  137 R   -3  3 -2  1 -4  0  2 -3 -2  0  0  0 -1 -2 -4 -2  2  1  0  1    0  18   1   9   0   2  15   1   1   4  12   4   1   1   0   0  15   2   3  11  0.25 0.19
  138 T   -3 -5 -4 -5 -5 -5 -5 -4 -6 -5 -5 -5 -5 -6 -5 -1  8 -7 -6 -4    1   0   0   0   0   0   0   1   0   0   0   0   0   0   0   2  95   0   0   0  2.43 0.80
  139 I   -4 -6 -7 -7 -5 -6 -7 -7 -7  7  0 -6 -2 -4 -6 -6 -4 -6 -5  4    0   0   0   0   0   0   0   0   0  68   6   0   0   0   0   0   0   0   0  26  1.79 0.57
  140 K   -4  3 -3 -4 -6  0 -3 -5 -3 -5 -4  7  0 -6 -4 -2 -4 -6 -5 -5    0  14   0   0   0   4   0   0   0   0   1  74   3   0   0   2   0   0   0   0  1.64 0.56
  141 P   -5 -6 -6 -5 -7 -5 -5 -6 -6 -7 -5 -5 -6 -7  9 -4 -5 -7 -7 -6    0   0   0   0   0   0   0   0   0   0   1   0   0   0  97   1   0   0   0   0  3.18 0.83
  142 G   -2 -6 -4 -5 -6 -5 -6  7 -6 -5 -7 -3 -6 -7 -6 -3 -5 -6 -7 -4    1   0   0   0   0   0   0  94   0   1   0   2   0   0   0   1   0   0   0   1  2.32 0.66
  143 P    4  2 -3 -4 -1 -2 -2 -3 -2 -5 -4 -2 -3 -5  6 -1 -2 -6 -5 -2   39  11   1   0   1   1   1   0   1   0   0   1   0   0  34   4   2   0   0   2  1.01 0.41
  144 Y   -3 -5 -6 -6 -5 -5 -5 -3 -2 -2 -1 -5 -3 -1 -6 -5 -2 -2  8  4    1   0   0   0   0   0   0   2   0   0   4   0   0   0   0   0   2   0  57  32  1.72 0.58
  145 P   -2 -5 -5 -5 -2 -5 -4 -6 -6 -5 -3 -5 -1 -7  8 -2 -3 -7 -6 -3    2   0   0   0   1   0   1   0   0   0   3   0   2   0  84   2   1   0   0   2  2.46 0.69
  146 W   -2 -5 -3 -4 -4 -5 -5  3 -5 -4 -4 -5 -3  2 -6 -4 -3 11  0 -1    4   0   1   1   0   0   1  25   0   1   1   0   1   8   0   0   2  48   2   5  1.95 0.57
  147 R   -2  5 -3 -3 -3 -2 -3  2 -3 -5 -3  2 -3 -5  4 -2 -2 -5 -4 -2    2  39   1   1   0   1   0  15   0   0   3  10   0   0  22   1   2   0   0   2  0.89 0.36
  148 N   -2 -3  7  3 -5 -1 -2  0  0 -5 -5 -1 -4 -5  0 -2 -2 -5 -4 -4    3   1  51  19   0   2   1   7   2   0   0   3   0   0   5   2   2   0   0   1  1.10 0.41
  149 G   -3 -1 -2 -1 -5 -2 -3  5  7 -5 -4 -3 -4 -4 -2 -2 -4  0  0 -4    1   4   1   4   0   1   1  45  30   0   2   1   0   0   2   1   1   1   2   1  1.20 0.44
  150 P   -1  3 -1  1 -3 -1 -1  0  4  0 -2  0 -1 -3  2 -1 -1 -3  0  0    4  19   2   7   0   1   3   8  13   6   2   4   1   1  13   3   3   0   3   7  0.25 0.16
  151 N   -2  0  6  1 -3 -1 -2  1 -1 -3 -3 -1 -2 -3  0 -1  1 -3 -2 -3    3   5  46   6   1   1   1   9   1   1   2   3   1   1   4   3   8   0   1   2  0.70 0.27
  152 D    3  0 -1  2 -2  0  0  0 -1 -2 -2  0 -1 -2 -1  0  0  2 -2 -1   35   5   2  12   1   3   4   6   1   1   2   4   1   1   3   6   4   3   1   3  0.24 0.13
  153 W   -3 -2 -4 -4 -4 -3 -4 -3 -4 -1  0 -4  4 -2 -2 -4 -3 11  0 -1    2   2   1   1   0   1   1   3   0   4  10   1  10   1   3   1   2  52   2   4  1.93 0.50
  154 R   -4  7 -4 -5 -6  5 -2 -5 -2 -5 -4 -2  5 -5 -5 -4 -4 -5 -5 -5    1  58   0   0   0  22   1   0   0   0   0   0  16   0   0   0   0   0   0   0  1.70 0.61
  155 P    5 -6 -6 -5 -5 -5 -5 -5 -6 -6 -6 -5 -4 -7  7 -3 -3 -7 -6 -5   43   0   0   0   0   0   0   0   0   0   0   0   0   0  55   0   1   0   0   0  1.98 0.67
  156 A    4 -4 -2 -5 -5 -2 -4 -4 -5 -5 -5 -2 -1 -6  6 -1 -4 -7 -6 -4   41   1   2   0   0   1   0   1   0   0   0   2   1   0  46   4   0   0   0   1  1.52 0.56
  157 H   -6 -5 -4 -6 -8 -4 -5 -7 11 -8 -8 -5 -6 -6 -7 -6 -6 -7 -2 -8    0   0   0   0   0   0   0   0  99   0   0   0   0   0   0   0   0   0   1   0  3.99 1.03
  158 I   -5 -7 -7 -7 -5 -6 -7 -7 -7  8  0 -6 -2 -4 -6 -6 -3 -6 -5  2    0   0   0   0   0   0   0   0   0  81   8   0   0   0   0   0   1   0   0  10  1.97 0.62
  159 H   -2 -4  3  1 -4 -3 -4 -5 10 -6 -3 -4 -2 -5 -6 -1  0 -6 -3 -3    3   0  12   7   0   0   0   0  61   0   4   0   1   0   0   5   7   0   0   2  1.85 0.62
  160 F   -4 -6 -6 -7 -5 -6 -6 -6 -5  0  2 -6  0  7 -6 -5 -4 -3  0  3    0   0   0   0   0   0   0   0   0   3  21   0   2  53   0   0   0   0   2  20  1.44 0.50
  161 G   -1 -4 -4 -2 -5 -4 -4 -3 -5 -4 -4 -3 -3 -5 -5  6 -2  8 -4 -3    5   1   0   2   0   0   0   1   0   1   2   1   0   0   0  65   2  20   0   1  1.62 0.63
  162 I   -4 -5 -6 -6 -3 -5 -6 -6 -6  4  3 -5  0 -2 -6 -5 -3 -5 -4  5    0   0   0   0   0   0   0   0   0  25  31   0   1   1   0   0   0   0   0  42  1.16 0.43
  163 S   -2 -4 -5 -6 -3 -4 -4 -6  0 -2 -1 -4  0  7 -6 -2 -3 -3  1  3    3   1   0   0   1   1   1   0   2   1   5   1   2  57   0   4   1   0   3  19  1.26 0.46
  164 G    4 -5 -4 -4 -1 -4 -5  6 -5 -5 -5 -3 -1 -6 -5 -2 -4 -5 -5 -3   34   0   0   0   2   0   0  58   0   0   0   1   2   0   0   1   0   0   0   1  1.39 0.50
  165 P   -1  6 -1 -1 -4  0 -2 -3  3 -5 -5 -2 -4 -5  2 -1  2 -6 -4 -3    4  48   2   3   0   3   1   1   7   0   0   0   0   0  12   5  12   0   0   2  0.91 0.41
  166 S    2 -3 -2 -1 -4 -2 -2  6 -1 -5 -5 -3 -5 -4 -4  1 -2 -5 -2 -3   20   1   1   3   0   1   2  55   2   0   0   0   0   1   0  10   1   0   1   2  0.98 0.39
  167 I   -3 -5 -5 -5 -3 -3 -5 -4 -4  4  1 -5  3  6 -5 -4 -3  3  0 -1    1   0   0   1   1   1   0   1   0  27   9   0   9  38   0   1   1   3   2   2  1.01 0.38
  168 A    2 -2  4 -2 -1 -2 -3  0 -3 -1  1 -2 -1 -3 -3  0  3 -4 -3  0   18   1  23   0   1   0   0   6   0   2  15   1   2   0   0   5  19   0   0   5  0.37 0.25
  169 T   -2 -1  0 -1 -4  5 -1 -4  1  2 -1  0 -2 -4 -3  0  1 -4 -3  0    2   1   4   3   0  35   2   0   4  13   7   6   0   0   0   8   9   0   0   5  0.46 0.27
  170 K   -4  7 -3 -4 -6 -1 -2  3  2 -6 -5 -1 -5 -6 -5 -4 -4 -6 -5 -4    0  67   0   0   0   2   1  22   5   0   0   1   0   0   0   0   0   0   0   1  1.59 0.53
  171 L   -3 -5 -4 -7 -4 -5 -6 -7 -6  0  6 -5  2 -3 -6 -5 -2 -5 -4  0    2   0   1   0   0   0   0   0   0   2  85   0   3   0   0   0   2   0   0   6  1.50 0.51
  172 I   -1 -4  1 -4 -4 -1 -4 -5  3  4 -1 -4 -2 -3 -4 -3 -2 -5 -2  5    3   0   9   0   0   3   0   0   9  26   2   0   0   0   1   1   2   0   1  43  0.79 0.35
  173 T   -3 -5 -4 -5 -5 -4 -5 -5 -6 -5 -5 -4 -3 -6 -5 -1  8 -6 -6 -4    1   0   0   0   0   0   0   0   0   0   0   0   0   0   0   2  97   0   0   0  2.38 0.76
  174 Q   -5  6 -4 -4 -7  7 -2 -6 -3 -7 -6 -2 -4 -7 -5 -4 -4 -6 -5 -6    0  39   0   0   0  61   0   0   0   0   0   0   0   0   0   0   0   0   0   0  2.09 0.69
  175 L   -4 -5 -5 -7  0 -4 -6 -6 -5  2  2 -5  9 -1 -6 -5 -4 -5 -4  0    1   0   0   0   2   0   0   0   0  10  18   0  61   2   0   0   0   0   0   6  1.80 0.59
  176 Y   -6 -6 -6 -7 -7 -6 -6 -7 -2 -6 -5 -6 -5  0 -7 -6 -6 -2 10 -5    0   0   0   0   0   0   0   0   0   0   0   0   0   1   0   0   0   0  99   0  3.41 0.90
  177 F   -6 -7 -7 -8 -6 -7 -7 -7 -5 -2 -3 -7 -4  9 -8 -6 -6 -3 -1 -5    0   0   0   0   0   0   0   0   0   2   0   0   0  98   0   0   0   0   0   0  3.04 0.79
  178 E    0 -4 -4  1 -4 -2  4 -2 -4 -6 -6 -3 -5 -6  7 -1 -4 -6 -6 -5    8   0   0   7   0   1  28   3   0   0   0   0   0   0  49   4   0   0   0   0  1.39 0.48
  179 G   -3 -5 -1  5 -6 -3  1  6 -4 -6 -6 -4 -6 -6 -5 -2 -4 -6 -6 -6    1   0   2  31   0   0   9  56   0   0   0   0   0   0   0   1   0   0   0   0  1.40 0.46
  180 D   -3 -4 -2  7 -7 -1  5 -3 -2 -7 -7 -3 -6 -7 -5 -3 -4 -7 -6 -6    1   0   0  57   0   2  38   1   1   0   0   0   0   0   0   0   0   0   0   0  1.72 0.56
  181 P    2 -5 -4 -2 -5 -1  2 -4 -5 -6 -6 -4 -5 -6  7 -3 -2 -6 -5 -5   18   0   0   2   0   3  14   1   0   0   0   0   0   0  61   0   2   0   0   0  1.68 0.54
  182 L    3 -4 -3 -2 -3 -3 -3 -3 -1 -1  4 -4  2 -2 -4 -3 -3 -4 -1 -2   32   0   1   3   0   0   1   2   2   0  50   0   5   0   0   1   0   0   2   1  0.70 0.35
  183 I   -3 -4  6 -3 -3 -3 -4 -4 -1  3  1 -4 -2  4 -5 -3 -3 -4 -3 -2    2   0  45   0   0   0   0   0   1  17  14   0   1  18   0   0   0   0   0   0  0.99 0.42
  184 P    4 -1  0  2 -3 -1  0 -1 -2 -4 -4 -1 -4 -1  3 -1 -2  3 -3 -3   44   3   3  10   0   2   6   3   0   0   0   3   0   3  14   2   1   4   0   1  0.55 0.31
  185 M    1  1 -1 -1 -3  1  0 -2  1 -1  1  0  0  0 -3  0  0 -1  2 -1   16   7   2   3   0   9   7   1   4   4  17   5   1   4   0   4   6   0   9   2  0.10 0.12
  186 C   -4 -5 -3  8  6 -4 -3 -5 -3 -7 -7 -5 -7 -7 -6 -4 -5 -8 -7 -7    1   0   0  81  16   0   0   0   0   0   0   0   0   0   0   0   0   0   0   0  2.39 0.74
  187 P   -2 -3 -6 -1 -7 -4 -4 -3 -3 -5 -5 -5 -6 -7  8 -3 -4 -8 -7 -6    3   2   0   3   0   0   0   2   1   1   1   0   0   0  86   1   0   0   0   0  2.59 0.77
  188 I   -4 -6 -6 -6 -4 -5 -6 -4 -6  6  0 -5  2 -2 -5 -5 -3  1 -3  4    0   0   0   0   0   0   0   1   0  55   6   0   6   1   0   0   1   2   1  27  1.29 0.47
  189 V   -1 -4 -5 -6 -3 -4 -5 -5 -3  0  4 -5  0  3 -5 -4 -3  0  3  2    6   0   0   0   0   0   0   0   0   3  47   0   1  13   0   0   1   1  12  15  0.77 0.33
  190 K    1  0  5 -2 -3  4 -2  0  0 -3 -1  0 -1 -4 -4 -1 -1 -5 -2 -4   13   6  32   0   0  20   1   6   2   1   6   4   1   0   0   2   3   0   1   0  0.55 0.31
  191 S    2  1 -2 -3  1 -1 -3  1 -3 -2  0 -2 -2 -4 -3  4  2 -5 -3 -2   15   9   1   0   3   2   0   9   0   1  12   0   0   0   0  32  14   0   0   1  0.40 0.27
  192 I   -2 -5 -5 -5 -4 -3 -5 -6 -3  6  0 -4 -2 -3 -5 -5 -1 -6 -4  4    3   0   0   0   0   1   0   0   1  53   6   1   0   0   0   0   3   0   0  32  1.23 0.46
  193 A   -1  0 -2 -1 -5 -2  3 -1 -3 -4 -2 -1 -4 -5  6 -2  1 -4 -5 -1    6   5   1   3   0   0  21   5   0   0   4   2   0   0  39   1   9   0   0   5  0.82 0.35
  194 N   -2 -2  0  5 -3  0  0 -2  3 -4 -3 -2  0 -3  0  0 -1  5 -2 -3    3   2   4  42   0   4   3   2   8   1   2   1   3   1   4   5   3   8   1   2  0.69 0.28
  195 P    2  2 -3 -1 -5  1  3 -2 -3 -4 -3  0 -4 -4  5 -2 -2 -5 -4 -3   16  10   0   3   0   6  23   3   0   1   2   5   0   0  28   1   1   0   0   1  0.70 0.32
  196 E    2  1  0  2 -3  1  3 -1  1 -3 -3  1 -2 -4 -2  0 -1 -4 -2 -1   21   8   3  10   0   4  20   3   3   0   0   9   0   0   1   6   2   0   1   6  0.27 0.18
  197 A    5  5 -3 -2 -4  0 -2 -2 -3 -4 -4 -2 -4 -4 -4 -1 -3 -5 -4 -3   50  32   0   3   0   4   1   3   0   0   1   1   0   0   0   3   1   0   0   1  0.98 0.44
  198 V   -3  7 -4 -5 -5 -2 -4 -5 -4  1 -2 -1 -3 -2 -5 -4 -4 -4 -4  1    2  68   0   0   0   1   0   0   0   8   4   0   0   2   0   0   0   0   0  12  1.45 0.53
  199 Q    1  1  0  3 -4  3  3 -1  1 -4 -4  1 -2 -4  0 -1 -2 -4 -3 -4   16   8   3  16   0  13  21   3   3   0   1   6   1   0   5   3   0   0   0   0  0.43 0.23
  200 Q   -1  5 -3 -4 -2  0 -3 -3 -4 -4 -2 -2 -1 -5 -4  0  5 -3 -4 -3    3  38   0   0   1   5   0   1   0   0   3   0   2   0   0   6  39   0   0   0  1.02 0.45
  201 L   -4 -5 -3 -7 -5 -5 -6 -7 -6 -1  6 -6  4 -3 -6 -5 -4 -5 -4 -1    1   0   2   0   0   0   0   0   0   2  81   0  10   0   0   0   0   0   0   3  1.59 0.58
  202 I   -3 -6 -6 -5 -4 -5 -6 -7 -6  6 -1 -6  0 -3 -6 -5 -1 -6 -4  5    1   0   0   0   0   0   0   0   0  55   3   0   1   0   0   0   3   0   0  35  1.49 0.54
  203 A    6 -4 -4 -5 -1 -4 -4 -1 -5 -4 -5 -4 -4 -6 -4  2 -2 -6 -5  0   73   0   0   0   1   0   0   5   0   0   0   0   0   0   0  14   1   0   0   5  1.35 0.57
  204 K    1  4 -1 -1 -3  2 -1 -2  0 -3 -2  2 -3 -3  1  0  1 -4 -3 -1   12  22   1   2   0   9   3   1   2   0   3  12   0   1   7   7  11   0   0   6  0.31 0.21
  205 L   -1  4 -4 -3 -4 -1 -2 -3 -2 -2  2 -1 -2  4 -2 -3 -3 -2  4 -3    5  22   0   1   0   2   2   2   0   0  22   2   0  18   2   1   1   0  17   1  0.57 0.30
  206 D   -1 -1  0  6 -4 -1  2 -3 -3 -4 -3 -2 -4 -4 -2  0 -1 -5 -4 -3    6   3   2  54   0   2  11   1   0   1   3   1   0   0   2   7   3   0   0   1  0.96 0.37
  207 M   -1 -1 -2 -1 -3 -1  0  0  5 -1  1 -1  4 -2  1 -1 -1  2  0 -1    6   2   1   2   0   1   7   7  16   4  13   2  13   1   9   4   3   3   3   3  0.24 0.17
  208 N    0  1  1  4 -3  0  2  0  0 -3 -3 -1 -3 -4  0  1 -1 -4 -3 -3    8   8   6  27   0   3  13   8   2   1   2   1   0   0   5   9   3   0   0   1  0.38 0.19
  209 N    1  1  1  0 -2  0  0  1  0 -1  0 -1 -1 -2 -1  0  1 -2 -2  0   15   8  10   5   0   3   4  13   2   2  11   3   1   1   1   4   8   0   1   7  0.07 0.07
  210 A    0 -2 -1 -1 -2 -1 -1  1  0 -3 -2 -2 -2 -2 -1  2  5 -3 -2 -2    8   1   3   2   1   2   2  10   3   1   3   1   1   2   3  17  38   0   1   2  0.46 0.24
  211 N   -1  0 -1 -1 -2  1  2 -1 -1  1  0  0  0 -1 -1 -1  0 -2 -2  1    3   5   3   3   0   8  19   3   1  10   7   4   3   2   2   4   5   0   1  16  0.10 0.09
  212 P   -1 -1 -2 -1 -3  0  1 -1  1 -3 -3 -2 -3 -4  6 -1 -2 -3 -3 -2    6   4   1   3   0   3  10   4   4   1   2   2   0   1  48   5   2   0   1   3  0.97 0.31
  213 M   -1 -1  2  2 -3  0  3  0  0 -2 -1 -1  3 -1  0 -1 -2 -3 -2 -2    4   3   9  12   0   2  24   8   2   1   8   2   9   3   4   3   1   0   1   2  0.23 0.14
  214 D   -2 -1 -1  4 -3 -1  0  1  0 -2 -3 -2 -2  1 -3 -2 -2  8  1 -2    3   3   1  24   0   2   5  13   2   2   2   2   1   6   1   3   2  20   6   3  0.62 0.23
  215 C    4 -1 -1 -1  2 -1  0  0 -2 -2 -2 -1  0 -1 -1  2  0  0 -1 -1   38   2   2   2   5   3   6   5   1   2   3   2   2   3   2  14   3   1   2   3  0.28 0.17
  216 L   -1  1 -2 -2 -2 -2 -2 -1 -3  0  4 -2  1 -2 -1 -2  1 -3 -2  0    4   9   1   2   1   2   1   5   0   5  43   2   4   1   3   2   9   0   1   6  0.31 0.17
  217 A    3 -2 -3 -3  0 -3 -3  4 -1 -2 -2 -3 -3 -4 -3 -1  0 -4 -4  2   24   3   1   0   2   0   1  35   1   1   3   1   0   0   1   2   5   0   0  18  0.55 0.28
  218 Y   -3 -6 -6 -7 -6 -5 -6 -4 -2 -5 -3 -6 -5  2 -7 -6 -5  3  9 -3    3   0   0   0   0   0   0   2   1   0   2   0   0   7   0   0   0   3  80   1  2.57 0.80
  219 R   -3  7 -2 -2 -5  1  0 -4  0 -4 -4  2 -4 -5 -5 -3  0  0 -4 -1    1  58   1   2   0   6   4   1   2   1   1   9   0   0   0   1   5   1   0   5  1.12 0.47
  220 F   -7 -7 -7 -8 -5 -7 -7 -7 -2 -5 -2 -7 -3  9 -8 -7 -6  8 -1 -5    0   0   0   0   0   0   0   0   1   0   3   0   0  74   0   0   0  22   0   0  2.80 0.83
  221 D   -6 -6  0  8 -8 -3 -2 -5 -5 -7 -8 -5 -7 -8 -4 -4 -5 -9 -7 -7    0   0   3  95   0   1   0   0   0   0   0   0   0   0   0   0   0   0   0   0  2.72 0.81
  222 I   -5 -7 -7 -7 -5 -7 -7 -8 -7  8 -1 -6 -1 -3 -7 -6 -4 -6 -5  2    0   0   0   0   0   0   0   0   0  88   2   0   1   0   0   0   0   0   0   8  2.22 0.69
  223 V   -3  3 -4 -5 -3 -3 -5 -6  4  0 -3 -4 -3 -4 -6 -4 -2 -3 -1  6    1  15   0   0   0   1   0   0  11   2   0   0   0   0   0   0   2   0   2  65  1.28 0.52
  224 L   -5 -6 -7 -7 -5 -6 -6 -7 -6  1  6 -6 -1 -2 -5 -6 -4 -5 -4 -1    0   0   0   0   0   0   0   0   0   4  90   0   0   1   0   0   0   0   0   3  1.77 0.59
  225 R   -3  5 -2  1 -6  6 -2 -1  2 -6 -5 -1 -4 -6 -5 -2  0 -5 -4 -5    1  37   0   7   0  37   0   6   4   0   0   1   0   0   0   1   5   0   0   0  1.18 0.49
  226 G   -4 -6 -4 -4 -3 -6 -6  8 -6 -7 -7 -5 -6 -7 -6 -4 -5 -6 -7 -7    0   0   0   0   1   0   0  98   0   0   0   0   0   0   0   0   0   0   0   0  2.53 0.71
  227 Q    0  4 -2  2 -4  1  3 -2 -1 -5 -4 -1 -4 -5  3  0 -2 -5 -4 -4    7  29   1  11   0   4  22   2   1   0   0   1   0   0  13   7   1   0   0   0  0.63 0.30
  228 R    0  4  3  2 -3  0  0  1  3 -4 -3  1 -3 -5 -3  0 -2 -5 -3 -4    8  24  14  13   1   3   4  12   7   0   2   8   0   0   0   4   0   0   0   0  0.45 0.23
  229 K    3  1 -2 -2 -4  3  5 -3 -3 -5 -5 -1 -2 -5 -2  1 -2 -5 -4 -4   25   6   0   0   0  11  41   1   0   0   0   1   1   0   1  10   1   0   0   0  0.79 0.38
  230 T   -3 -5 -3 -5 -5 -5 -5 -5 -6 -4 -5 -5 -5 -6 -5 -1  8 -6 -6 -4    1   0   1   0   0   0   0   0   0   0   0   0   0   0   0   3  96   0   0   0  2.35 0.76
  231 H   -3 -4 -5 -5 -3 -3 -5 -5  0 -1  0 -4  1  0  5 -4 -3  5  2  4    1   0   0   0   0   1   0   0   3   1   7   0   3   4  25   0   0   9   6  40  0.93 0.38
  232 F   -4 -5 -6 -7 -4 -6 -6 -6 -5 -1 -2 -6  4  9 -7 -5  0  1 -1 -3    1   0   0   0   0   0   0   0   0   2   1   0   9  78   0   0   6   2   0   1  2.11 0.61
  233 E   -4 -3 -3 -1 -7 -1  8 -5 -3 -6 -6 -2 -5 -6 -4 -3 -4 -6 -5 -5    0   0   0   0   0   0 100   0   0   0   0   0   0   0   0   0   0   0   0   0  2.14 0.50
