    1 L   -5 -6 -7 -8 -6 -5 -7 -7 -6 -3 -2 -6 11 -4 -7 -6 -5 -6 -5 -4    0   0   0   0   0   0   0   0   0   0   1   0  99   0   0   0   0   0   0   0  3.64 1.00
    2 L   -1 -5 -6 -6 -4 -5 -5 -6 -6  5  4 -5  0 -3 -5 -4 -3 -5 -4  3    4   0   0   0   0   0   0   0   0  35  40   0   1   0   0   1   0   0   0  18  1.03 0.40
    3 R   -6  9 -5 -6 -8 -3 -4 -7 -4 -7 -6 -2 -6 -7 -6 -5 -5 -7 -6 -7    0 100   0   0   0   0   0   0   0   0   0   0   0   0   0   0   0   0   0   0  2.90 0.88
    4 C    1 -5 -4 -5  6 -4 -4 -2 -5  0  1 -4 -1 -4 -4 -2  3 -5 -4  4   13   0   0   0  17   0   0   3   0   2  16   0   0   0   0   1  18   0   0  30  0.70 0.35
    5 R   -4  8 -4 -5 -5 -3 -4 -5 -4 -7 -6  2 -5 -7 -5 -4 -4 -7 -6 -5    1  86   0   0   0   0   0   1   0   0   0  10   0   0   0   1   0   0   0   1  2.27 0.74
    6 L   -1 -3  1 -4 -2 -2 -4 -5 -4  3  4 -4  4 -2 -5 -2  0 -4 -3  1    4   0   8   0   1   2   0   0   0  17  40   0  13   0   0   3   5   0   0   7  0.60 0.31
    7 P   -1 -6 -5 -5 -7 -5 -5 -6 -6 -7 -7 -5 -7 -8  9 -4 -4 -8 -7 -5    4   0   0   0   0   0   0   0   0   0   0   0   0   0  93   0   1   0   0   0  3.04 0.89
    8 G    0 -4 -4 -5  0 -5 -6  7 -3 -7 -7 -5 -6 -5 -6 -2 -5 -6 -6 -6    8   1   0   0   2   0   0  87   0   0   0   0   0   0   0   2   0   0   0   0  2.06 0.66
    9 G   -4 -6 -3 -5 -2 -6 -6  8 -6 -8 -8 -5 -7 -7 -6 -4 -6 -7 -7 -7    0   0   1   0   1   0   0  99   0   0   0   0   0   0   0   0   0   0   0   0  2.59 0.78
   10 V   -2  1 -3 -3 -3 -3 -2 -5 -4  3 -1  0 -1  1 -5 -4 -1 -5 -2  5    2   8   1   1   0   0   3   0   0  14   3   6   0   7   0   0   2   0   1  49  0.65 0.34
   11 I    2 -5 -5 -5  5 -4 -5 -4 -5  4  2 -4  1 -2 -4 -1 -2 -5 -4  2   17   0   0   0  16   0   0   0   0  24  18   0   3   1   0   5   1   0   0  16  0.66 0.31
   12 T   -3 -3 -1 -2 -4 -2 -3 -4 -5 -5 -5 -1 -3 -6  2  2  6 -6 -5 -4    0   1   3   1   0   1   0   0   0   0   0   4   1   0  11  15  62   0   0   0  1.28 0.56
   13 T    2 -5  0 -5 -5 -4 -4 -3 -3 -6 -6 -3 -4 -6  7  0  0 -2 -6 -5   19   0   4   0   0   0   0   2   0   0   0   1   0   0  61   6   5   1   0   0  1.67 0.59
   14 K    1 -1 -1  2 -5  4  4 -3  0 -5 -4  2 -3 -5 -3  0  0 -5 -3 -4   11   2   1  11   0  18  29   0   2   0   1  13   0   0   0   5   5   0   0   0  0.60 0.32
   15 Q   -4 -3 -4 -5 -7  9 -2 -6 -2 -6  1 -2 -3 -5 -6 -4 -4 -6 -5 -6    0   0   0   0   0  84   0   0   1   0  12   2   0   1   0   0   1   0   0   0  2.26 0.82
   16 W   -7 -7 -8 -9 -7 -6 -7 -7 -5 -7 -5 -7 -3 -1 -8 -7 -7 12  6 -7    0   0   0   0   0   0   0   0   0   0   1   0   1   1   0   0   0  70  28   0  3.76 1.00
   17 Q   -4 -1 -6 -6 -4  1 -4 -6 -5  2  6 -3 -1 -3 -6 -5 -4 -3 -4 -1    1   3   0   0   0   6   1   0   0   8  76   1   0   0   0   0   0   0   0   3  1.23 0.49
   18 A    3 -1 -3 -2 -2  2 -1  0 -2 -1 -2  1  0 -4 -3 -1  1 -4 -3  2   30   2   0   1   0  11   4   8   0   2   2  11   3   0   0   2   8   0   0  16  0.29 0.23
   19 I   -3 -5 -6 -6 -2 -3 -4 -6 -1  4  4 -5  7  1 -6 -5 -3  0 -3  0    1   0   0   0   1   1   1   0   2  24  34   0  27   5   0   0   1   2   0   4  1.03 0.43
   20 D   -5 -5  0  8 -7 -3 -1 -5  1 -7 -4 -4 -5 -7 -5 -3 -4 -8 -6 -7    0   0   2  87   0   0   1   0   4   0   2   0   0   0   0   2   0   0   0   0  2.27 0.74
   21 K    0  3  0  4 -3  2  3 -3  1 -5 -5  2 -4 -5 -3 -2 -2 -4 -4 -4    8  14   3  21   0   8  22   1   3   0   0  15   0   0   0   1   2   0   0   0  0.59 0.30
   22 F   -4 -5 -6 -6 -4 -5 -6 -6 -5  5  5 -5  1  3 -6 -5 -3 -2 -2  0    0   0   0   0   0   0   0   0   0  29  49   0   2  14   0   0   0   0   0   4  1.13 0.43
   23 A    6 -4 -4 -4  2 -4 -4 -2 -5 -5 -4 -4 -4 -5 -4  3 -2 -6 -5 -3   66   0   0   0   4   0   0   2   0   0   1   0   0   0   0  24   1   0   0   1  1.31 0.55
   24 G    0  1  0  5 -2  0  1  0  1 -4 -3 -1 -2 -4 -3  1  1 -4 -3 -3    7   7   4  37   1   3   6   7   3   1   2   1   1   0   1   9  10   0   0   1  0.48 0.24
   25 E   -1  1  0  2 -4  2  4 -3 -2 -3 -4  2 -3 -4 -3 -1  0 -4 -4 -3    4   8   4  10   0  11  36   1   1   1   1  13   0   0   0   3   5   0   0   1  0.61 0.29
   26 N   -2  0  2 -2 -2 -1 -2 -3  5 -3  0  0 -2  2 -4 -1  0  0  5 -2    2   5  10   1   1   2   1   1  16   0   9   7   0   8   0   2   7   1  24   2  0.52 0.27
   27 T   -1 -4 -3 -4 -2 -4 -4  5 -3 -4 -3 -4 -3 -2 -4  0  3 -2  4 -3    5   0   0   0   1   0   0  43   0   1   2   0   0   0   0   7  17   0  19   2  0.87 0.39
   28 I    1 -1 -1  0  0  0 -1  3 -1  1  0 -1  0 -2 -1  0  0 -2 -1 -1   15   2   1   4   2   3   4  23   1  10   9   2   2   1   2   6   7   0   2   2  0.12 0.08
   29 Y   -3 -1  7 -1 -4 -2 -2 -2  0 -3 -4 -2 -3 -2 -2 -1 -2 -3  4 -4    2   3  57   2   0   1   2   2   1   1   1   2   0   1   2   4   1   0  16   1  1.20 0.43
   30 G   -2 -3  0 -2 -4  0  0  6  3 -6 -6 -1 -5 -5 -4 -1 -3 -5 -4 -5    2   1   5   2   0   3   7  63   8   0   0   4   0   0   0   3   1   0   0   0  1.17 0.43
   31 S   -1 -4 -1 -2 -4 -2 -4 -4 -3 -3 -4 -4 -4 -5 -4  3  7 -5 -5 -2    3   0   3   2   0   1   0   1   1   1   0   0   0   0   0  23  63   0   0   3  1.30 0.55
   32 I   -4 -5 -6 -6 -4 -5 -6 -7 -6  4  5 -5  4  2 -6 -5 -4 -4 -3 -1    0   0   0   0   0   0   0   0   0  29  52   0  10   8   0   0   0   0   0   2  1.20 0.46
   33 R   -5  7 -4 -5 -7 -2 -3 -6 -4 -7 -6  5 -5 -7 -5 -4 -5 -7 -5 -6    0  64   0   0   0   0   0   0   0   0   0  36   0   0   0   0   0   0   0   0  2.06 0.70
   34 L    0 -5 -6 -6 -3 -5 -6 -6 -6  5  5 -5  0 -2 -5 -5 -3 -5 -4  1    8   0   0   0   0   0   0   0   0  32  52   0   1   0   0   0   0   0   0   7  1.10 0.44
   35 T   -4 -5 -3 -5 -5 -5 -5 -6 -6 -5 -5 -5 -5 -6 -5 -2  8 -7 -6 -4    0   0   1   0   0   0   0   0   0   0   0   0   0   0   0   1  98   0   0   0  2.53 0.87
   36 N   -3 -5  2 -3 -5 -4 -5 -5 -5 -5 -5 -4 -5 -6 -5 -1  8 -7 -6 -4    1   0  11   1   0   0   0   0   0   0   0   0   0   0   0   2  86   0   0   0  2.10 0.77
   37 R   -6  9 -5 -6 -3 -3 -4 -7 -4 -7 -5 -2 -6 -7 -6 -5 -5 -7 -6 -7    0  98   0   0   1   0   0   0   0   0   1   0   0   0   0   0   0   0   0   0  2.82 0.88
   38 Q   -1 -3 -4 -5 -3  9 -1 -3 -4 -7 -6 -3 -2 -7 -6 -4 -5 -6 -6 -6    5   0   0   0   1  90   1   2   0   0   0   0   1   0   0   0   0   0   0   0  2.56 0.89
   39 T    2 -5 -3 -3  0 -4 -4  1 -5 -4 -5 -4 -4 -6 -4  0  7 -6 -5 -4   16   0   0   1   2   0   0  10   0   0   0   0   0   0   0   5  66   0   0   0  1.35 0.58
   40 F   -6 -6 -7 -7 -6 -7 -7 -7 -5  2  0 -7 -2  8 -7 -6 -5 -1  1 -1    0   0   0   0   0   0   0   0   0  13   6   0   0  73   0   0   0   1   3   4  2.05 0.65
   41 Q   -5 -3 -4 -5 -8  9 -1 -6 -4 -7 -7 -3 -5 -8 -6 -4 -5 -6 -6 -7    0   0   0   0   0  99   1   0   0   0   0   0   0   0   0   0   0   0   0   0  3.03 0.99
   42 F   -5 -5 -6 -6 -5 -5 -6 -6 -3  1  4 -5  3  6 -6 -5 -4  3  3 -2    0   0   0   0   0   0   0   0   0   6  36   0   7  37   0   0   0   3   9   1  1.19 0.45
   43 H   -6 -5 -4 -6 -8 -3 -5 -7 11 -8 -8 -5 -6 -6 -7 -6 -6 -7 -2 -8    0   0   0   0   0   1   0   0  99   0   0   0   0   0   0   0   0   0   1   0  3.94 1.06
   44 G   -3 -4 -2 -5 -4 -5 -4  7 -4 -7 -6 -5 -4 -6 -6 -4 -3  0 -3 -7    1   1   1   0   0   0   1  90   0   0   1   0   1   0   0   0   1   1   1   0  2.15 0.68
   45 I   -4 -6 -6 -7 -4 -6 -6 -7 -7  6  0 -6 -2 -4 -6 -5 -4 -6 -5  6    0   0   0   0   0   0   0   0   0  46   4   0   0   0   0   0   0   0   0  49  1.63 0.57
   46 L   -3 -1 -5 -6 -4 -4 -5 -4 -4  3  5 -3  0  0 -2 -4 -3 -4 -2  2    1   5   0   0   0   1   0   1   0  16  57   1   1   3   2   0   0   0   1  13  0.86 0.37
   47 P   -4 -1 -4 -4 -7 -2 -3 -6 -5 -5 -7  8 -5 -7 -3 -4 -5 -7 -6 -6    0   0   0   1   0   0   0   0   0   0   0  96   0   0   1   0   0   0   0   0  2.42 0.81
   48 V    0  1 -3 -3 -3 -1 -2 -2 -1  3  0  1  2 -2 -3  0  1  5 -2  1    9  10   0   0   0   1   1   2   2  23   6   8   6   1   0   6   9   8   0   7  0.25 0.19
   49 H   -3 -3  6 -2 -5 -3 -3 -4  6  2 -3 -2  4 -4 -5 -3 -3 -5 -3 -2    1   0  44   1   0   0   1   0  21  15   1   1  11   0   0   1   0   0   0   2  1.26 0.51
   50 Q   -2  3 -1  0 -5  6  1 -4  1 -5 -3  2 -3 -5 -4 -2 -3 -5 -4 -4    3  15   3   4   0  43   9   1   3   0   3  12   0   0   0   1   1   0   0   1  0.99 0.48
   51 M    3 -2  1  0 -1 -1  0  1  0 -1 -2 -1  0 -3 -3  1  0 -1 -3  0   31   1   8   5   1   1   5  12   2   4   4   2   3   1   0   9   4   1   0   5  0.24 0.19
   52 L   -2 -4 -4 -5 -2 -4 -4 -2 -5  5  4 -3  5  1 -5 -4 -3 -4 -3 -1    2   1   1   0   1   0   1   4   0  29  34   2  17   5   0   0   0   0   0   2  0.87 0.40
   53 H   -2 -2  6  1 -4 -2 -3  1  4 -1  1 -3  1 -3 -4 -1 -3 -5 -2 -2    2   2  37   6   0   1   1  12  10   4  12   1   4   1   0   3   1   0   1   2  0.62 0.35
   54 S    0  1 -1  1 -3 -1  0 -2 -1 -2 -3  1 -3 -4 -3  3  3 -4 -4 -3    8   9   2   9   0   2   5   1   1   2   2  10   0   0   1  29  17   0   0   1  0.42 0.29
   55 V    2 -4 -3 -4 -1 -2 -3 -3 -3  0 -1 -3 -1 -4 -4  1  5 -2 -3  2   19   0   1   0   1   1   1   1   1   4   5   1   1   0   0   9  38   1   1  13  0.62 0.37
   56 G   -2 -4 -2 -5 -2 -3 -3  1  0  1  5 -2  2 -2 -4 -4 -3 -1 -2 -1    3   1   2   0   1   1   1  12   2   7  56   3   4   1   0   0   1   1   1   3  0.67 0.35
   57 L    2 -4 -4 -4 -3 -4 -4  2 -4  1  3 -4  4 -2 -4 -2 -3 -4 -4 -2   20   0   0   0   0   0   0  19   0   7  35   0  12   1   0   2   0   0   0   1  0.62 0.35
   58 D    4 -4 -2  6 -5 -4 -3 -1 -4 -5 -5 -4 -5 -5 -4 -2  0 -6 -5 -4   36   0   1  48   0   0   0   5   0   0   1   0   0   0   0   1   6   0   0   0  1.27 0.55
   59 A   -2 -6 -5 -6 10 -5 -6 -5 -6 -5 -5 -5 -5 -6 -5  0  3 -6 -5 -4    3   0   0   0  66   0   0   1   0   0   1   0   0   0   0   8  18   0   0   0  2.55 0.82
   60 L   -3 -5 -4 -5 -5 -5 -5  6 -5  4 -2 -5 -4 -3 -5 -4 -4 -5 -5 -4    1   0   0   0   0   0   0  67   0  22   5   0   0   1   0   0   0   0   0   0  1.55 0.59
   61 D   -5 -5 -3  8 -6 -4 -3 -5 -5 -6 -6 -4 -6 -6 -5 -4 -5 -7 -6 -6    1   0   0  93   0   0   0   1   0   0   1   0   0   0   0   0   0   0   0   0  2.72 0.90
   62 M   -3 -5 -5 -1 -4 -1 -5 -4 -5  1  0 -5 -1 -4 -5 -4 -3 -5 -4  7    1   0   0   4   0   4   0   2   0   5   8   0   1   0   0   1   0   0   0  71  1.32 0.56
   63 N   -2 -4  8 -2 -3 -4 -3 -3 -3 -4 -5 -4 -5 -5 -5  0 -2 -6 -5  1    3   0  72   1   1   0   1   1   0   1   1   0   0   0   0   5   2   0   0  11  1.80 0.70
   64 R   -6  8 -5 -6 -8 -4 -5 -7 -5 -8 -7  1 -6 -8 -7 -4 -6 -8 -6 -7    0  92   0   0   0   0   0   0   0   0   0   7   0   0   0   1   0   0   0   0  2.79 0.99
   65 N   -6 -5  9 -3 -7 -3 -5 -1 -4 -8 -8 -5 -7 -7 -7 -4 -2 -8 -7 -7    0   0  91   1   0   1   0   4   0   0   0   0   0   0   0   0   2   0   0   0  2.84 1.08
   66 V   -4 -6 -7 -7 -5 -6 -6 -7 -7  2 -3 -6 -4 -3 -6 -6  0 -7 -5  7    0   0   0   0   0   0   0   0   0   9   1   0   0   1   0   0   5   0   0  82  2.03 0.83
   67 L   -3 -5 -5 -6 -2 -3 -5 -5 -5  2  2 -5  9 -4 -5 -4  1 -5 -5  2    2   0   0   0   1   1   0   1   0   9  17   0  47   0   0   1   8   0   0  11  1.44 0.67
   68 C    3 -5 -4 -5  9 -2 -5 -3 -5 -2 -3 -5 -2 -4 -5  0  0 -5 -5  0   26   0   1   0  41   2   0   2   0   3   2   0   1   1   0   8   5   0   0   8  1.42 0.63
   69 T    1 -4  3 -3  5 -3 -4 -2 -1 -4 -4 -4 -4 -5  3  3  3 -5 -5 -3    9   0  13   1  11   1   0   2   1   1   1   0   0   0  15  25  19   0   0   1  0.75 0.46
   70 S    3 -5 -2 -4 -1 -4 -4 -4 -5 -3 -4 -4 -4 -4  6  2  0 -6 -5  0   26   0   1   0   1   0   0   0   0   1   2   0   0   1  35  18   5   0   0   8  1.03 0.56
   71 N    3 -4  6 -2 -5 -3 -2 -4  2 -1  1 -1 -2 -4 -5 -2 -2 -6 -3 -1   24   0  38   2   0   0   2   0   4   4  13   4   1   1   0   1   2   0   1   3  0.77 0.49
   72 P   -5 -7 -7 -6 -7 -6 -4 -7 -7 -5 -6 -4 -7 -5  9 -5 -3 -8 -5 -7    1   0   0   0   0   0   1   0   0   1   1   1   0   1  91   1   2   0   0   0  3.03 1.18
   73 Y   -1 -1 -1 -1 -4  0  0 -1  3 -1  0 -2 -1  2 -4  0  0  0  4  1    5   3   2   3   0   4   7   5   8   3   7   2   1  11   0   6   6   1  17  10  0.22 0.20
   74 E   -1  1  1 -1 -3  3  1 -3  3  0  0  1  0 -2 -2 -1 -1 -4 -3  0    4   6   8   2   0  18  11   2   7   5  12   9   2   1   1   2   3   0   0   6  0.22 0.22
   75 S    0 -1  1  1 -3  0 -3 -1  0 -6 -6 -2 -1 -6 -1  5  0 -6 -5 -5    6   3   7   7   0   4   1   4   2   0   0   2   2   0   3  53   5   0   0   0  0.85 0.55
   76 Q    0  2 -1 -1 -5  0  2 -2  1 -4 -4  3  1 -5  3  0 -2 -4 -2 -3   10  11   2   3   0   3  12   3   4   1   1  21   4   0  16   5   2   0   1   2  0.43 0.31
   77 L    1 -4 -4 -2 -3 -2 -1 -5 -2  2  3 -4 -1  1  0 -2 -2 -4  1  3   12   0   0   3   0   2   4   0   1  13  26   0   1   5   5   2   1   0   4  21  0.37 0.28
   78 H   -5  0 -2 -4 -7 -2 -3 -7 10 -5 -4 -5 -6 -2 -7 -5 -6 -6  5 -4    1   5   1   1   0   2   1   0  67   1   2   0   0   1   0   1   0   0  16   1  2.58 1.00
   79 A    3  1 -1  0 -4  3  2 -1  0 -3 -3  1 -2 -4 -3  1 -1 -5  0 -3   25   8   1   5   0  12  14   5   2   1   3   7   1   0   1   8   4   0   3   1  0.33 0.29
   80 E   -1 -1 -3  0 -6  5  5 -5 -1 -4 -3 -1 -3 -1 -5 -3 -1 -5  1 -1    6   3   1   4   0  27  36   0   1   1   2   2   0   3   0   1   3   0   6   5  0.87 0.55
   81 A    3 -4 -6 -6 -2 -5 -5 -1 -6  2  1 -5  1 -4 -2 -3 -2 -6 -5  5   23   1   0   0   1   0   0   5   0   9  11   0   3   0   2   1   2   0   0  43  0.83 0.49
   82 Y   -2  0 -2 -2 -4  3 -2 -5  4 -4  0 -3 -3  2 -2 -3 -4  5  7 -4    3   6   2   2   0  12   2   0   9   1   9   1   0   6   2   2   1   8  34   1  0.92 0.52
   83 E    2  0  0  3 -6  2  5 -3  0 -5 -4  1 -5 -4 -3 -2 -1 -6 -3 -4   15   5   3  13   0  10  34   2   2   0   1   6   0   1   1   2   3   0   1   1  0.64 0.43
   84 W   -2 -4 -4  0  0 -1 -4 -3 -2  0  1 -3  0  3 -5 -4 -1  8  4  0    3   0   0   7   2   2   1   2   1   5  15   1   2  12   0   1   5  20  13   8  0.72 0.39
   85 A    6 -5 -4 -5 -1 -4 -4 -1 -3 -5 -4 -4 -5 -6 -2  2 -1 -6 -5 -1   65   0   1   0   1   0   0   4   1   0   1   0   0   0   2  16   4   0   0   4  1.27 0.67
   86 K    0  2  0  1 -3  2  0 -3 -1 -3 -3  5 -2 -4 -4 -1  0 -5 -3 -1    7   8   5   8   1  10   5   2   1   2   2  35   1   1   0   3   5   0   1   4  0.49 0.34
   87 K    0  3  1  1 -4  1  2 -3 -1 -3 -2  4 -1 -4 -4 -1  0 -5 -3 -3    9  14   7   8   0   7  11   1   1   2   4  25   1   1   0   3   5   0   1   1  0.41 0.29
   88 I   -3 -2 -3 -6 -4 -5 -5 -6 -4  6  3 -4 -1 -2 -5 -5 -2 -1 -4  2    2   2   1   0   0   0   0   0   1  46  25   1   1   1   0   0   2   1   0  15  1.09 0.52
   89 S    3 -3 -1 -2 -3 -4 -3 -3 -5 -6 -6 -3 -1 -6 -5  6 -2 -6 -5 -4   19   1   2   2   1   0   1   1   0   0   0   1   2   0   0  66   1   0   0   1  1.42 0.75
   90 E    0 -2  1  5 -5 -1  4 -1 -1 -5 -4 -1 -2 -5 -3 -1 -1 -5  0 -4    8   2   5  34   0   2  27   4   2   0   1   2   1   0   1   3   3   0   3   1  0.77 0.44
   91 H   -2  2  0 -2 -6 -2 -3 -4  9 -5  1 -3  0 -2 -4 -2 -3 -3  1 -4    3   9   4   2   0   1   1   1  48   0  15   1   2   2   1   3   1   0   5   1  1.35 0.63
   92 L   -1 -3 -1 -3  0 -2  0 -2  0  0  3 -3  1  2 -1 -2  1 -3  0  0    4   0   3   0   2   0   9   3   2   3  39   0   3   9   3   1   9   0   3   6  0.28 0.22
   93 L   -1 -1 -1 -1  1 -1 -1 -1  2  1  2  0  1 -2 -1 -1  1 -3 -1  0    4   2   2   2   4   2   3   4   7  11  26   5   3   0   2   3  12   0   2   4  0.11 0.13
   94 P   -1 -4 -4 -4 -5 -3  0  0  2 -5 -5  0 -5 -5  7 -3 -4  4 -4 -5    5   0   0   0   0   0   5   8   4   0   1   6   0   0  60   1   0   6   0   1  1.59 0.60
   95 T   -2  3  1 -3 -4  4 -2 -4 -2 -4 -4  2 -3 -5 -4 -1  5 -5 -4 -2    3  14   5   0   0  17   0   0   0   0   0  11   0   0   0   1  45   0   0   2  0.87 0.39
   96 Y   -6 -5 -6 -7 -6 -5 -6 -7 -2 -5 -5 -6 -4  2 -7 -5 -4 -2 10 -5    0   0   0   0   0   0   0   0   0   0   0   0   0   6   0   0   1   0  91   0  3.03 0.80
   97 L   -4 -5 -6 -6 -4 -5 -5 -5 -6 -2  6 -5  4 -3 -6 -5 -3 -5 -4 -2    0   0   0   0   0   0   0   1   0   0  85   0  11   0   0   1   1   0   0   0  1.65 0.53
   98 P   -5 -6 -6 -5 -7 -5 -5 -6 -6 -7 -7 -5 -6 -7  9 -5 -5 -7 -7 -6    0   0   0   0   0   0   0   0   0   0   0   0   0   0  98   0   0   0   0   0  3.25 0.82
   99 R   -5  8 -4 -5 -7 -3 -4 -6 -4 -7 -6 -1 -5 -6 -6 -4 -5 -6 -5 -6    0  97   0   0   0   0   0   0   0   0   0   0   0   0   0   0   0   0   0   0  2.68 0.75
  100 K   -4 -1 -4 -4 -7 -2 -3 -5 -4 -6 -6  8 -5 -7 -5 -4 -4 -6 -5 -6    0   0   0   0   0   0   0   0   0   0   0  98   0   0   0   0   0   0   0   0  2.42 0.72
  101 F   -6 -6 -6 -7 -6 -7 -7 -7 -3 -2 -3 -7 -4  9 -7 -6 -6 -3  0 -4    0   0   0   0   0   0   0   0   1   1   1   0   0  95   0   0   0   0   1   0  2.86 0.74
  102 K   -4 -1 -4 -4 -7 -2 -3 -5 -4 -6 -6  8 -5 -7 -5 -4 -4 -6 -5 -6    0   0   0   0   0   0   0   0   0   0   0  98   0   0   0   0   0   0   0   0  2.44 0.73
  103 T   -3 -5 -5 -5  2 -5 -5 -6 -5  6 -1 -5  1 -2 -5 -4  2 -5 -4  2    1   0   0   0   4   0   0   0   0  59   0   0   3   1   0   0  16   0   0  14  1.20 0.43
  104 T    4 -4  0 -4  1 -3 -4  4 -4 -4 -4 -3 -4 -5 -4  0  2 -5 -5 -1   39   0   4   0   3   0   0  31   0   0   0   0   0   0   0   5  14   0   0   4  0.80 0.35
  105 V   -3 -5 -6 -6 -4 -5 -6 -6 -5  5  1 -5  0  3 -5 -5 -3 -4 -2  4    0   0   0   0   0   0   0   0   0  39  10   0   1  13   0   0   0   0   1  36  1.10 0.39
  106 V    5 -4 -4 -5 -2 -4 -4 -2 -5 -3 -4 -4 -3 -5 -4 -1  3 -6 -5  2   60   0   0   0   0   0   0   2   0   0   0   0   0   0   0   2  21   0   0  14  1.09 0.46
  107 I   -3 -5 -5 -6 -4 -5 -5 -6 -1  5  1 -5 -1 -1 -4 -4 -1 -5 -1  5    1   0   0   0   0   0   0   0   1  31  10   0   0   2   1   0   4   0   2  47  1.03 0.38
  108 P   -2 -6 -5 -4 -6 -5 -2 -6 -6 -6 -6 -5 -6 -7  9 -4 -3 -7 -6 -6    3   0   0   0   0   0   3   0   0   0   0   0   0   0  90   1   2   0   0   0  2.83 0.74
  109 P   -3 -5 -4 -3 -6 -4 -2  2 -2 -6 -6 -4 -6 -4  8 -3 -2 -6 -6 -6    1   0   0   1   0   0   2  17   1   0   0   0   0   1  71   0   3   0   0   0  2.03 0.59
  110 Q   -2 -1  1  4 -4  0  0 -3  4 -2 -2 -2 -2 -1 -3  2  0 -3  3 -2    1   2   7  28   0   4   4   0  10   2   5   1   0   2   0  15   4   0  11   2  0.44 0.24
  111 N   -5 -4  9 -2 -6 -4 -4 -4 -3 -7 -7 -4 -6 -7 -6 -3 -4 -7 -6 -7    0   0  98   0   0   0   0   0   0   0   0   0   0   0   0   0   0   0   0   0  2.85 0.79
  112 D   -4 -5 -2  7  4 -3 -1 -4 -3 -6 -5 -4 -5 -6 -4  2 -1 -6 -6 -5    1   0   0  68   9   0   3   0   0   0   1   0   0   0   0  15   3   0   0   0  1.62 0.53
  113 I   -2 -5 -5 -5  0 -5 -5 -5 -6  4 -1 -5 -1 -3 -4 -3  1 -5 -4  6    2   0   0   0   2   0   0   0   0  21   1   0   1   0   1   1   8   0   0  64  1.23 0.44
  114 D   -6 -6 -3  9 -8 -4 -2 -5 -5 -7 -8 -5 -7 -8 -6 -4 -5 -8 -7 -7    0   0   0 100   0   0   0   0   0   0   0   0   0   0   0   0   0   0   0   0  2.90 0.82
  115 L   -3 -6 -6 -6 -1 -5 -6 -6 -6  4  2 -5 -2 -3 -5 -5 -3 -6 -4  6    1   0   0   0   1   0   0   0   0  18  17   0   0   0   0   0   0   0   0  62  1.32 0.47
  116 H   -5 -5 -5 -6 -6 -4 -6 -6  5 -4  0 -6 -3  6 -7 -5 -5  2  7 -4    0   0   0   0   0   0   0   0  12   0   8   0   0  35   0   0   0   3  41   0  1.81 0.58
  117 A    5 -4 -3 -3 -2 -4 -4 -2 -4 -2 -5 -4 -3 -5 -4  3  4 -6 -5 -3   47   0   0   1   1   0   0   2   0   2   0   0   0   0   0  24  23   0   0   0  1.02 0.46
  118 N   -4 -3  7 -3 -5  6 -3 -4  6 -5 -6 -3 -5 -6 -5 -2 -4 -6 -4 -6    0   0  47   0   0  33   0   0  17   1   0   0   0   0   0   2   0   0   0   0  1.75 0.63
  119 D   -6 -6 -3  8  0 -4 -2 -4 -5 -7 -8 -5 -7 -8 -6 -4 -5 -8 -7 -7    0   0   0  97   2   0   0   1   0   0   0   0   0   0   0   0   0   0   0   0  2.80 0.81
  120 M   -3 -5 -6 -6 -3 -5 -6 -6 -6  4  5 -5  2 -2 -6 -5 -4 -5 -4  2    1   0   0   0   0   0   0   0   0  26  54   0   5   1   0   0   0   0   0  14  1.16 0.42
  121 N   -1 -5  2 -3 -3 -5 -5  7 -5 -7 -7 -4 -6 -6 -5  0 -2 -6 -6 -6    3   0  11   1   0   0   0  74   0   0   0   0   0   0   0   7   3   0   0   0  1.66 0.54
  122 F   -4 -6 -6 -7 -3 -6 -6 -6 -5  1  4 -6 -1  7 -6 -5 -4 -3  1  0    0   0   0   0   1   0   0   0   0   6  41   0   0  44   0   0   0   0   4   4  1.37 0.47
  123 V   -2 -6 -6 -6 -4 -6 -5 -7 -6  7 -1 -6 -1 -4 -6 -5 -3 -6 -5  5    2   0   0   0   0   0   0   0   0  57   3   0   0   0   0   0   1   0   0  37  1.56 0.53
  124 A    6 -5 -5 -5 -2 -4 -4 -1 -5 -4 -4 -4 -4 -5 -1 -1 -2 -6 -5  2   77   0   0   0   0   0   0   3   0   0   0   0   0   0   3   2   1   0   0  14  1.41 0.55
  125 I   -4 -6 -6 -5 -4 -4 -6 -7  1  7 -1 -6 -1 -4 -6 -5 -3 -2 -4  3    0   0   0   0   0   1   0   0   4  75   2   0   1   0   0   0   1   1   0  14  1.68 0.56
  126 A    1 -2 -2 -3 -3 -2  0  0 -2  2  0 -2 -1 -1 -3  0  1 -4 -3  3   13   2   1   0   0   1   6   8   1  12   8   1   1   2   1   7  11   0   0  27  0.21 0.17
  127 E   -2 -2  0  5 -6  0  6 -3 -3 -6 -6  1 -4 -6 -4 -2 -3 -6 -5 -4    2   1   4  31   0   2  48   1   0   0   0   7   0   0   0   2   0   0   0   1  1.22 0.47
  128 N   -2 -2  5  4 -5  0  2  1 -1 -5 -5  1 -4 -6 -3 -1 -1 -6 -5 -5    3   1  30  25   0   4  10  11   1   0   0   9   0   0   1   2   2   0   0   0  0.76 0.33
  129 G   -2 -4  2  2 -6 -1 -1  6 -3 -6 -6 -1 -5 -6 -5 -1 -3 -6 -6 -6    1   0   8  14   0   2   4  62   0   0   0   4   0   0   0   3   1   0   0   0  1.25 0.44
  130 K   -2  2  0 -1 -4  3  4 -2  2 -3 -4  4 -4 -5 -4 -2 -1 -5 -4 -2    3   8   4   2   0  11  27   3   4   1   0  29   0   0   0   1   4   0   0   3  0.63 0.31
  131 L   -4 -5 -6 -7 -4 -5 -6 -6 -6  2  6 -6 -1 -3 -1 -5 -4 -5 -4  2    0   0   0   0   0   0   0   0   0  11  73   0   0   0   4   0   0   0   0  11  1.33 0.49
  132 V    1 -1 -3 -1 -2  1  2 -4 -3  2  0  1 -1 -3 -3 -2  0 -4 -3  3   12   2   0   2   0   8  14   0   0  14  10   9   0   0   0   1   5   0   0  22  0.26 0.20
  133 G   -4 -5 -4 -5 -7 -6 -6  8 -6 -8 -8 -6 -7 -7 -6 -4 -6 -7 -7 -7    0   1   0   0   0   0   0  99   0   0   0   0   0   0   0   0   0   0   0   0  2.66 0.76
  134 F   -6 -7 -7 -8 -4 -7 -7 -7 -4 -4 -4 -7 -4  9 -8 -6 -6  2  6 -5    0   0   0   0   0   0   0   0   0   0   0   0   0  74   0   0   0   3  23   0  2.59 0.74
  135 N   -6 -5  9  0 -7 -3 -4 -5 -3 -5 -7 -4 -6 -3 -6 -3  0 -8 -5 -5    0   0  88   3   0   0   0   0   0   0   0   0   0   1   0   0   5   0   0   1  2.45 0.77
  136 L   -3 -6 -6 -6 -4 -5 -6 -7 -6  4  2 -6  0 -2 -6 -5 -3 -6 -4  6    0   0   0   0   0   0   0   0   0  18  16   0   2   1   0   0   0   0   0  62  1.36 0.49
  137 L    2 -4 -3 -4  2 -3 -4 -3 -3 -1  3 -4  0  1 -4  0  2 -3  2  0   18   0   0   0   5   0   0   1   0   2  32   0   1   5   0   7  13   0   9   7  0.41 0.25
  138 V    3 -5 -6 -6 -3 -5 -5 -5 -6  4 -2 -5 -2 -4 -4 -4 -2 -6 -4  6   23   0   0   0   0   0   0   0   0  19   1   0   0   0   0   0   1   0   0  54  1.17 0.47
  139 G   -4 -7 -5 -5 -7 -6 -6  8 -6 -8 -8 -6 -7 -7 -6 -4 -6 -7 -7 -7    0   0   0   0   0   0   0 100   0   0   0   0   0   0   0   0   0   0   0   0  2.72 0.79
  140 G   -3 -7 -4 -5 -7 -6 -6  8 -6 -8 -8 -6 -7 -7 -6 -4 -6 -7 -7 -7    1   0   0   0   0   0   0  99   0   0   0   0   0   0   0   0   0   0   0   0  2.68 0.78
  141 G   -4 -6 -4 -5 -6 -6 -6  8 -6 -8 -8 -5 -7 -7 -6 -3 -5 -6 -7 -7    0   0   0   0   0   0   0  97   0   0   0   0   0   0   0   2   0   0   0   0  2.57 0.75
  142 L   -5 -6 -6 -7 -5 -2 -6 -7 -2 -3  4 -6 10 -2 -7 -6 -4 -5 -5 -3    0   0   0   0   0   1   0   0   1   0  33   0  63   1   0   0   1   0   0   0  2.24 0.74
  143 S    0 -6 -4 -5 -6 -5 -5  7 -6 -7 -7 -5 -6 -7 -6  1 -5 -6 -7 -6    8   0   0   0   0   0   0  83   0   0   0   0   0   0   0   9   0   0   0   0  2.00 0.64
  144 I    0  4 -3 -5 -3  0 -4 -5 -4 -1 -2 -2  7 -1 -5  0  1 -5 -2  1    8  21   0   0   0   3   0   0   0   3   2   1  31   2   0   7  10   0   1   9  0.74 0.40
  145 E   -1 -5 -3 -3 -5 -4 -1 -5 -4 -3 -3 -3 -5 -6 -5  0  7 -6 -6 -4    4   0   1   1   0   0   4   0   0   1   2   1   0   0   0   6  80   0   0   0  1.80 0.70
  146 H   -3 -5 -2  0 -7 -4 -4 -6 11 -6 -6 -5 -6  0 -2 -5 -5 -3  1 -7    3   0   1   4   0   0   0   0  79   0   0   0   0   4   2   0   1   0   4   0  2.81 0.85
  147 G   -3  0  4 -3 -6 -2 -4  6 -4 -7 -6 -3 -5 -6 -5  1 -2 -6 -6 -6    1   6  23   0   0   2   0  57   0   0   0   1   0   0   0   9   1   0   0   0  1.33 0.51
  148 N   -1 -1  6  5 -6 -2  0 -4 -3 -2 -4  2  0 -6 -5 -2 -3 -6 -5 -2    5   3  36  29   0   0   5   0   0   2   2  13   3   0   0   0   0   0   0   2  0.94 0.42
  149 K    0 -1 -2 -1 -5 -1  2 -4 -2 -4 -4  4 -4 -5  4 -1  2 -6 -4 -2    8   1   1   3   0   2  17   0   1   1   1  30   0   0  18   2  13   0   0   3  0.63 0.34
  150 K    1 -1  2  2 -5  0  3 -2 -2 -4 -4  4 -4 -5 -3  1  0 -5 -4 -4   14   1   8  10   0   3  17   2   0   0   1  28   0   0   0   8   6   0   0   0  0.51 0.29
  151 T   -4 -6 -4 -5 -5 -5 -5 -6 -2 -5 -6 -5 -5 -7 -5 -1  8 -7 -6 -4    0   0   0   0   0   0   0   0   1   0   0   0   0   0   0   3  95   0   0   0  2.53 0.87
  152 Y   -5 -4 -6 -7 -7 -4 -6 -7  1 -4 -5 -6 -5  6 -7 -6 -6  1  9 -5    0   1   0   0   0   1   0   0   3   1   0   0   0  27   0   0   0   1  66   0  2.50 0.78
  153 A    1 -6 -6 -6 -7 -6 -5 -6 -6 -7 -7 -5 -7 -8  8 -2 -5 -8 -7 -4   11   0   0   0   0   0   0   0   0   0   0   0   0   0  85   2   0   0   0   1  2.76 0.85
  154 R   -2  8 -1 -5 -3  3 -3 -6 -1 -5 -4 -1 -5 -3 -6 -4 -4 -6 -5 -5    3  73   2   0   1  14   0   0   1   0   1   1   0   1   0   0   0   0   0   1  1.88 0.68
  155 T   -1 -2 -5 -6 -3 -4 -5 -6 -5  1  5 -1  1 -3 -3 -3  2 -5 -4  1    6   2   0   0   0   0   0   0   0   6  56   4   3   0   1   0  14   0   0   9  0.79 0.38
  156 A    6 -5 -4 -5 -5 -5 -5  4 -5 -6 -6 -5 -5 -6 -5 -1 -3 -6 -6 -5   63   0   0   0   0   0   0  32   0   0   0   0   0   0   0   4   0   0   0   0  1.53 0.60
  157 S   -3  1  0  5 -5  0  0 -4 -3 -5 -4  1 -4 -5 -4  3  1 -5 -2 -3    0   9   4  36   0   3   5   0   0   0   1   9   0   0   0  21   8   0   2   1  0.72 0.37
  158 E   -2 -3 -3  0 -2 -2  2 -4  0  1  0 -2  2 -3  3 -2 -2 -5 -4  3    1   1   1   6   1   1  13   0   2   7  10   1   6   0  16   2   1   0   0  29  0.43 0.27
  159 F   -3 -6 -6 -6 -3 -5 -6 -7 -6  6  3 -6  2  4 -6 -5 -4 -4 -3  1    1   0   0   0   0   0   0   0   0  42  30   0   4  15   0   0   0   0   0   6  1.15 0.44
  160 G   -1 -6 -4 -5  3 -6 -6  7 -6 -7 -6 -6 -6 -3 -6 -4 -3 -6 -7 -7    4   0   0   0   5   0   0  87   0   0   0   0   0   1   0   0   2   0   0   0  2.19 0.71
  161 Y   -6 -7 -7 -6 -7 -7 -7 -6 -4 -5 -4 -7 -4  8 -8 -4 -4  1  6 -4    0   0   0   0   0   0   0   0   0   0   0   0   0  65   0   1   1   2  30   1  2.42 0.76
  162 L   -2 -6 -6 -6  7 -6 -6 -6 -6  4 -1 -6 -2 -2 -6 -3 -2 -6 -4  5    3   0   0   0  21   0   0   0   0  24   3   0   0   1   0   1   2   0   0  45  1.37 0.51
  163 P    0 -1 -2  1 -5 -2  0 -2 -3 -4 -4  1 -4 -3  5  0  3 -6 -4 -4    8   4   0  10   0   0   5   3   0   0   1   9   0   1  32   7  19   0   0   0  0.70 0.34
  164 L    1  0 -3 -4 -5 -3 -2 -4 -3 -2  0  3 -3 -4  5 -2  0 -5 -1  0   11   4   1   0   0   0   2   0   0   2  10  21   0   0  32   1   4   0   2   8  0.68 0.34
  165 E    0 -3 -1  5 -6 -1  6 -2 -1 -6 -6 -1 -6 -7 -4 -2 -4 -7 -5 -5    7   0   2  29   0   1  51   2   1   0   0   3   0   0   0   2   0   0   0   0  1.28 0.53
  166 H   -2  0  0  4 -6  5  1 -4  2 -6 -4  3 -4 -6 -4 -3 -4 -4 -3 -5    2   5   3  25   0  31   8   0   5   0   1  17   0   0   0   0   0   0   1   0  0.95 0.44
  167 T    1 -5 -4 -5 -2 -4 -5 -1 -5  3  1 -4  1 -3 -4 -3  2 -5 -4  4   13   0   0   0   0   0   0   4   0  18  14   0   2   0   0   0  16   0   0  31  0.63 0.33
  168 L   -3 -3 -3 -5 -2 -3 -2 -5  2  2  4 -2  0  1 -1 -3 -2 -3  3  2    1   1   1   0   1   0   2   0   7  14  38   2   1   5   4   0   2   0   9  12  0.48 0.26
  169 A    1 -1 -2  4 -5  0  3 -3  0 -1 -3  2 -2 -3 -1 -1 -2 -5  0 -3   14   2   1  27   0   2  19   1   2   5   2  13   1   1   3   2   1   0   4   1  0.44 0.27
  170 V    2 -5 -5 -6  1 -5 -5 -4 -6  2  0 -5 -1 -1 -5 -3 -1 -5 -4  5   21   0   0   0   3   0   0   1   0   8   9   0   1   3   0   0   3   0   0  51  0.91 0.42
  171 A    5 -5 -5 -5  6 -4 -5 -2 -5  1 -2 -4  0 -5 -5 -2 -2 -6 -5  2   50   0   0   0  17   0   0   3   0   8   2   0   2   0   0   2   1   0   0  16  1.02 0.45
  172 E   -1  0 -4  0 -6 -1  6 -5 -4 -4 -6  3 -5 -5 -5 -3 -1 -2  1 -4    4   3   0   3   0   1  60   0   0   1   0  17   0   0   0   0   3   1   4   1  1.23 0.53
  173 A    5 -2 -1 -4 -2  0  0 -1  0 -3 -4  4 -3 -5 -4 -1 -1 -6 -5 -3   51   0   3   0   0   3   7   3   2   1   0  23   0   0   0   2   3   0   0   0  0.83 0.42
  174 V   -3 -6 -6 -7 -4 -6 -6 -7 -7  6 -1 -6 -2 -4 -6 -5 -1 -6 -5  6    1   0   0   0   0   0   0   0   0  45   2   0   0   0   0   0   3   0   0  48  1.60 0.57
  175 V   -2 -6 -6 -7 -1 -5 -6 -6 -6  3  1 -5  6 -3 -6 -5 -3 -6 -4  6    2   0   0   0   1   0   0   0   0  12  13   0  21   0   0   0   0   0   0  50  1.30 0.51
  176 T    2 -2 -3 -4 -3 -3 -3 -2 -4  1  1  0 -1 -3 -4  0  5 -5 -4 -1   15   2   0   0   0   0   1   3   0   7  16   7   1   0   0   5  38   0   0   3  0.51 0.32
  177 T   -1 -5 -5 -5 -4 -5 -5 -6 -6  5 -1 -5 -2 -2 -5 -3  4 -6 -4  4    4   0   0   0   0   0   0   0   0  29   4   0   1   1   0   1  28   0   0  33  1.05 0.46
  178 Q   -6 -4 -5 -5 -8  9 -2 -7  2 -8 -7 -3 -5 -3 -6 -5 -5 -7 -3 -7    0   0   0   0   0  93   0   0   4   0   0   0   0   1   0   0   0   0   1   0  2.87 0.97
  179 R   -6  9 -5 -6 -8 -3 -5 -7 -5 -8 -7  0 -6 -7 -7 -5 -6 -7 -6 -7    0  97   0   0   0   0   0   0   0   0   0   3   0   0   0   0   0   0   0   0  2.90 0.90
  180 D   -6 -6 -2  8 -8 -4  0 -5 -3 -8 -8 -5 -7 -8 -6 -5 -5 -9 -7 -8    0   0   1  93   0   0   6   0   1   0   0   0   0   0   0   0   0   0   0   0  2.73 0.85
  181 W   -5 -5  3 -5 -6 -4 -4 -6  5 -5 -2 -5 -4  5 -6 -5 -4  7  7 -5    0   0  14   0   0   0   0   0  15   0   3   0   0  20   0   0   1  14  32   0  1.60 0.58
  182 G   -4 -7 -5 -6 -7 -6 -6  8 -6 -8 -8 -6 -7 -8 -6 -2 -6 -7 -7 -8    0   0   0   0   0   0   0  98   0   0   0   0   0   0   0   2   0   0   0   0  2.66 0.81
  183 N   -5  0  7  6 -2 -4 -3 -4 -4 -7 -7 -4 -6 -7 -6 -2 -2 -8 -6 -7    0   6  51  38   1   0   1   1   0   0   0   0   0   0   0   2   2   0   0   0  1.78 0.64
  184 R   -6  9 -5 -6 -8 -3 -5 -7 -5 -8 -7 -2 -6 -8 -7 -5 -6 -7 -6 -7    0 100   0   0   0   0   0   0   0   0   0   0   0   0   0   0   0   0   0   0  3.05 0.94
  185 T    0 -2  0  1 -3  0  1 -2 -1 -3 -3  1 -3 -3 -3  3  2 -5 -1  1    7   0   3   6   0   3  11   2   2   0   1  11   0   1   0  25  15   0   2  10  0.31 0.24
  186 D   -5 -4  6  6 -6 -2  1 -5 -2 -4 -5 -4 -5 -6 -5 -2 -3 -7 -6  0    0   0  38  41   0   1   8   0   1   1   1   0   0   0   0   1   1   0   0   7  1.40 0.55
  187 R   -6  9 -5 -6 -8 -4 -4 -7 -3 -8 -7 -2 -6 -8 -7 -6 -6 -8 -4 -7    0  99   0   0   0   0   0   0   0   0   0   0   0   0   0   0   0   0   0   0  3.04 0.99
  188 K   -2  3 -4 -5 -7 -1 -3 -4  0 -6 -5  7 -3 -7 -4 -2 -3 -7 -6 -6    3  13   0   0   0   2   0   1   2   0   1  74   0   0   0   2   1   0   0   0  1.74 0.68
  189 N   -4  2  5 -4 -6  1 -4 -5  8 -5 -1 -3 -2  0 -6 -4 -2 -5  1 -2    0  10  27   0   0   6   0   0  35   0   7   1   1   4   0   0   2   0   5   3  1.23 0.53
  190 A    7 -6 -5 -5 -5 -5 -5 -4 -6 -6 -6 -5 -5 -7 -5  2 -4 -7 -6 -5   86   0   0   0   0   0   0   0   0   0   0   0   0   0   0  13   0   0   0   0  1.96 0.78
  191 K   -6  8 -5 -6 -8 -3 -4 -7 -5 -8 -7  2 -6 -8 -7 -5 -6 -7 -6 -7    0  89   0   0   0   0   0   0   0   0   0  11   0   0   0   0   0   0   0   0  2.68 0.90
  192 T   -5 -5 -6 -7 -5 -5 -6 -7 -5 -2  5 -6  5  5 -6 -4  2 -4 -3 -2    0   0   0   0   0   0   0   0   0   1  48   0  15  22   0   0  13   0   0   1  1.23 0.53
  193 K   -5  1 -5 -5 -8 -3 -4 -6 -5 -7 -7  8 -3 -8 -6 -5 -5 -8 -6 -7    0   5   0   0   0   0   0   0   0   0   0  94   0   0   0   0   0   0   0   0  2.59 0.90
  194 Y   -7 -7 -7 -8 -8 -7 -7 -8 -1 -6 -6 -7 -6 -2 -8 -7 -7 -3 10 -6    0   0   0   0   0   0   0   0   1   0   0   0   0   0   0   0   0   0  99   0  3.71 1.13
  195 T   -4 -6 -5 -6 -5 -5 -5 -6 -6 -3  2 -5 -4 -5 -6 -3  7 -6 -6  0    0   0   0   0   0   0   0   0   0   1  20   0   0   0   0   0  74   0   0   5  1.81 0.75
  196 L   -4 -6 -7 -7 -5 -6 -7 -7 -7  7  2 -6  0 -4 -6 -6 -4 -6 -5  3    0   0   0   0   0   0   0   0   0  56  20   0   2   0   0   0   0   0   0  22  1.53 0.57
  197 E   -1 -4  0  7 -7 -1  3 -5  3 -6 -5 -3 -6 -7 -5 -2 -4 -7 -5 -4    6   0   3  60   0   2  15   0   6   0   1   1   0   0   0   2   0   0   0   1  1.44 0.58
  198 R   -2  5  1  5 -6 -2  1 -3 -1 -6 -6  1 -5 -6 -5 -1  0 -6 -5 -5    3  32   5  34   0   1   8   1   1   0   0   6   0   0   0   4   6   0   0   0  0.97 0.45
  199 V   -4  3 -3 -6 -5 -3 -4 -5  3 -1  1  1  6 -1 -6 -5 -4  7  1  1    0  15   1   0   0   0   0   0   7   2  16   8  19   1   0   0   0  16   4  10  0.89 0.43
  200 G   -4 -7 -5 -5 -7 -6 -6  8 -6 -8 -8 -6 -7 -8 -6 -3 -1 -7 -7 -7    0   0   0   0   0   0   0  94   0   0   0   0   0   0   0   1   4   0   0   0  2.52 0.83
  201 V   -3 -5 -3 -6 -4 -5 -4 -6 -6  3  4 -4 -1 -2 -3 -4 -2 -5 -3  4    1   0   2   0   0   0   1   0   0  19  41   1   1   1   1   1   2   0   0  31  0.94 0.42
  202 E   -2 -3 -1  6 -6 -1  5 -2 -3 -6 -6 -3 -6 -7 -1 -3 -3 -7 -6 -6    4   1   1  49   0   2  34   2   0   0   0   1   0   0   3   1   1   0   0   0  1.40 0.57
  203 T    0  0  0 -4 -4 -3 -3 -1 -4 -2 -4  2 -3  0 -5 -3  1  9 -3  2    9   4   6   0   0   1   1   4   0   1   0  16   0   3   0   1   7  31   0  15  1.02 0.45
  204 F   -5 -6 -7 -7 -6 -7 -7 -7 -5  1 -2 -7 -3  9 -7 -5 -4 -1  2  0    0   0   0   0   0   0   0   0   0   7   3   0   0  76   0   1   1   1   4   7  2.21 0.72
  205 K   -4  5 -3 -4 -4 -1 -3 -5 -3 -2 -3  6 -3 -5 -5 -4 -1 -6 -5  0    0  34   0   0   0   1   0   0   0   3   3  47   1   0   0   0   3   0   0   6  1.26 0.54
  206 A    3  0  0  0 -4  1  2  0 -2 -4 -4  0 -3 -3 -3  1  0 -5 -4 -3   31   4   5   4   0   6  17   7   1   0   1   6   0   1   0  11   4   0   0   1  0.40 0.27
  207 E   -3 -1 -4 -2 -5  1  6 -5 -3 -4 -3  2 -1 -5 -5 -4 -2 -6 -5  0    1   2   0   1   0   6  63   0   0   1   2  14   1   0   0   0   2   0   0   7  1.30 0.57
  208 V   -3 -5 -6 -6 -4 -5 -6 -6 -6  2  3 -5 -1 -1 -6 -5 -2 -5 -4  6    1   0   0   0   0   0   0   0   0   9  30   0   1   2   0   0   2   0   0  54  1.24 0.50
  209 E   -1 -3  1 -2 -5  0  7 -5  1 -5 -5 -3 -5 -6 -4 -3 -2 -6 -3 -4    5   1   7   1   0   4  72   0   3   0   1   0   0   0   0   1   2   0   1   1  1.54 0.64
  210 R   -1  3  1  0 -5  2  3 -3 -1 -4 -4  3 -3 -5 -3  1 -1 -5 -4 -4    5  19   7   4   0   9  18   1   1   0   1  20   0   0   0   9   4   0   0   1  0.53 0.29
  211 R   -5  7 -4 -5 -5 -3 -4 -6  0 -3  0 -2 -2 -2 -6 -5 -5 -4  5 -3    0  60   0   0   0   0   0   0   2   1   8   0   1   1   0   0   0   0  21   2  1.60 0.64
  212 A    1 -3 -4 -5  0 -3 -4 -3 -1  0  4 -4  2  3 -5 -1 -2  3  2 -1   14   1   0   0   2   0   0   1   1   3  39   0   6  11   0   5   2   5   6   2  0.53 0.30
  213 G   -3 -6 -2 -3 -5 -4 -4  7 -6 -7 -6 -4 -6 -7 -2 -3 -5 -6 -7 -7    1   0   2   1   0   0   1  88   0   0   0   1   0   0   2   1   0   0   0   0  2.18 0.73
  214 I   -2  0 -4 -3 -4 -1 -2 -2  0  1 -1  3 -1  4 -4 -3 -2  7  3  1    3   4   0   1   0   3   2   2   2   7   3  18   1  16   0   1   2  15  10   9  0.55 0.29
  215 K    1  0 -1 -1 -4  1  1 -3 -1 -3 -4  4 -3 -5  3  1  1 -5 -4 -3   11   4   1   2   0   6  10   1   1   1   1  29   1   0  13   9   9   0   0   2  0.48 0.29
  216 F   -5 -4 -6 -7 -5 -6 -6 -7 -5  1  5 -6 -1  6 -4 -6 -4 -4 -2 -2    0   1   0   0   0   0   0   0   0   6  52   0   1  35   1   0   0   0   0   2  1.43 0.55
  217 E    2 -2 -2  1 -5  3  5 -1 -2 -5 -3 -1 -4 -5 -1 -1 -2 -5 -4 -4   17   1   1   6   0  15  41   4   1   0   3   3   0   0   3   3   2   0   0   0  0.75 0.40
  218 P    1 -4 -4  1 -6 -2  3 -4 -3 -5 -5 -1 -4 -6  7 -1 -2 -6 -4 -5   10   0   0   6   0   1  18   1   0   1   1   4   0   0  50   4   2   0   1   0  1.29 0.52
  219 I    4 -3 -3 -3 -1 -2  0 -3 -4  0 -2 -2 -2  2  4  0 -1  0 -2  0   35   1   1   1   1   1   5   1   0   6   2   1   1   8  19   7   3   2   1   5  0.48 0.30
  220 R   -3  7 -4 -5 -7  0 -3 -5  0 -6 -5  4 -4 -6 -4 -4 -3 -6 -4 -4    2  63   0   0   0   3   1   1   2   0   1  22   0   0   0   0   1   0   0   1  1.66 0.63
  221 P    0 -3 -4  1 -6 -3  2 -3 -2 -6 -6 -2 -6 -6  7 -1 -3 -7 -6 -5    7   1   1   7   0   1  11   1   1   0   1   2   0   0  61   5   1   0   0   0  1.63 0.61
  222 Y   -3 -5 -4 -5 -4 -4 -5 -6 -2 -1  2 -4  0  6 -6 -5 -4 -2  7 -1    2   0   1   1   0   1   0   0   1   3  17   1   2  34   0   0   1   0  33   4  1.36 0.52
  223 E   -1  1 -2 -1 -4  1  3 -3  4 -3 -3  1 -3 -3  3  0  1 -5 -3 -1    6   6   1   2   0   5  19   1  11   1   1  10   0   1  16   6   9   0   0   5  0.41 0.25
  224 F   -4 -4 -6 -3 -6 -4  0 -6 -5  0 -1 -3 -3  8 -1 -4 -4  3 -1 -2    1   1   0   2   0   0   7   0   0   5   5   2   0  65   4   1   1   4   0   3  1.57 0.59
  225 T   -2 -2 -2  3 -5 -1  2 -3  0 -2 -3  0 -4  0 -3 -1  4  6 -3 -2    2   1   1  16   0   2  13   1   3   2   2   7   0   5   0   3  28  11   0   2  0.56 0.34
  226 G   -2  1  0  0 -3  1  2  0  5 -5 -5  1 -3 -5 -4  3  1 -5 -2 -4    1   7   3   5   1   5  12   6  16   0   0   8   0   0   0  24   9   0   1   1  0.52 0.32
  227 R   -3  4  6 -3 -6 -2 -4 -4 -2 -3 -4 -2 -3  1 -5 -1  0 -5  2 -1    1  20  47   0   0   1   0   1   0   1   1   1   1   6   0   3   5   0   8   4  1.06 0.50
  228 G   -1 -1 -1  0 -3  0 -1  5  0  0 -3  0 -3 -4 -1 -1 -2 -5 -2  0    3   3   2   5   0   4   4  45   2   6   2   5   0   0   3   4   2   0   1   7  0.52 0.28
  229 D   -6 -4 -2  8 -8 -5 -2 -6 -6 -8 -6 -5 -7 -8 -5 -1 -5 -9 -7 -7    0   1   1  91   0   0   1   0   0   0   1   0   0   0   0   4   0   0   0   0  2.63 0.88
  230 R   -3  5 -3  0 -5  0 -2 -5  5 -4 -3 -1 -4  1 -1 -2  0  0  4 -3    2  38   1   6   0   3   2   0  13   1   2   2   0   5   3   3   5   1  13   1  0.77 0.39
  231 I   -5 -5 -6 -6 -5 -5 -6 -6 -1  2  3 -5  0  6 -6 -5 -3 -2  6 -3    0   0   0   0   0   0   0   0   1   9  26   0   2  30   0   0   1   0  28   1  1.31 0.51
  232 G   -4 -6 -5 -4 -7 -6 -6  8 -6 -8 -8 -6 -7 -7 -6 -4 -6 -7 -7 -7    1   0   0   1   0   0   0  97   0   0   0   0   0   0   0   0   0   0   0   0  2.65 0.85
  233 W   -8 -4 -9 -9 -8 -7 -6 -8 -7 -8 -7 -8 -7 -4 -9 -6 -8 13 -3 -8    0   1   0   0   0   0   0   0   0   0   0   0   0   0   0   1   0  97   0   0  5.03 1.34
  234 V   -1 -2  0 -4  1  2 -2 -4  6  1 -1 -2 -2 -3 -4 -2  1 -2 -1  3    3   2   4   0   3   9   2   0  20   9   5   2   0   0   0   3   9   0   2  26  0.49 0.31
  235 K   -1  0 -3 -1 -6  3  4 -4 -3 -5 -5  5 -4 -6 -2 -2  0 -6 -5 -3    4   4   0   2   0  14  32   1   0   0   1  32   0   0   2   1   5   0   0   1  0.93 0.46
  236 G   -2 -3  0  3 -4  4 -3  5 -2 -6 -6 -3 -3 -6 -5 -2 -1 -6 -5 -5    2   1   4  18   0  22   0  43   1   0   0   0   1   0   0   2   4   0   0   0  1.06 0.49
  237 I   -1 -3 -2  1 -4 -1  3  3  2  2 -3 -2 -2 -3 -1 -1 -1 -5 -2  0    3   1   1   7   0   1  23  23   6  13   1   1   1   1   2   4   2   0   1   7  0.35 0.25
  238 D   -2 -2  3  7 -6 -2  0 -2 -2 -5 -5 -1 -4 -5 -3 -2 -1 -7 -5 -5    3   2  14  59   0   2   4   2   1   0   1   4   0   0   1   1   4   0   0   0  1.30 0.53
  239 D   -4 -5  1  0 -6 -4 -4  7 -4 -7 -7 -1 -6 -7 -6 -3 -5 -6 -7 -7    0   0   5   6   0   0   1  81   0   0   0   3   0   0   0   1   0   0   0   0  1.93 0.67
  240 N   -2  4  1 -3 -4  0 -2 -4  0 -4  0  5  0 -1 -4 -2  0 -5 -2 -4    2  19   6   1   0   3   1   1   2   0  12  40   2   3   0   2   5   0   1   0  0.68 0.37
  241 W   -3 -4  2 -5 -4 -4 -4 -5  5 -5  1 -5 -3 -1 -7 -4 -5 11  2 -4    2   1  11   0   0   1   1   0  12   0  16   0   0   2   0   1   0  46   5   1  1.99 0.69
  242 H   -4 -5  0 -4 -3 -3 -5 -6  9 -6 -5 -5 -5  5 -6 -2 -5  1  2 -6    1   0   5   0   1   1   0   0  57   0   0   0   0  22   0   3   0   2   7   0  2.15 0.74
  243 L   -4 -2 -5 -7  2 -3 -6 -5 -3 -2  4 -5 -2  5 -6 -5 -5 -3  4 -1    1   2   0   0   5   1   0   0   1   1  45   0   0  26   0   0   0   0  14   3  1.11 0.47
  244 T   -3 -5 -2 -5 -2 -5 -5  4 -6 -5 -5 -5 -1 -6 -5 -2  7 -7 -6 -4    1   0   1   0   1   0   0  30   0   0   0   0   1   0   0   1  64   0   0   0  1.71 0.71
  245 L   -2 -5 -6 -7  2 -4 -6 -6 -6  2  5 -5  3  1 -6 -5 -3 -5 -3  1    3   0   0   0   5   1   0   0   0  12  60   0   6   5   0   0   1   0   0   9  1.08 0.45
  246 F   -5 -2 -2 -6 -4 -3 -3 -5  3 -3 -4 -5 -3  8 -1  1 -5  1  4 -5    0   3   2   0   0   1   1   0   8   1   0   0   0  58   3  10   0   1  11   0  1.55 0.60
  247 I   -5 -7 -7 -7 -5 -6 -7 -8 -7  7 -1 -6 -3 -4 -7 -6 -3 -7 -5  4    0   0   0   0   0   0   0   0   0  65   4   0   0   0   0   0   1   0   0  30  1.86 0.66
  248 E   -3 -3 -4  1 -6  3  7 -6 -2 -7 -3 -3 -4 -6  1 -4 -4 -7 -5 -5    2   1   0   7   0  11  68   0   1   0   3   0   0   0   6   0   0   0   0   0  1.55 0.65
  249 N   -2 -5  8 -3 -2 -3 -4  0  1 -7 -7 -4 -5 -7 -6  2 -3 -7 -4 -7    3   0  66   0   1   0   1   8   3   0   0   0   0   0   0  17   0   0   1   0  1.76 0.69
  250 G   -4 -7 -5 -6 -7 -6 -7  8 -7 -8 -8 -6 -7 -8 -7 -5 -6 -7 -8 -8    0   0   0   0   0   0   0 100   0   0   0   0   0   0   0   0   0   0   0   0  2.82 0.90
  251 R   -6  9 -5 -6 -8 -4 -5 -7 -3 -7 -6 -2 -6 -7 -7 -5 -6 -7 -6 -3    0  96   0   0   0   0   0   0   0   0   1   1   0   0   0   0   0   0   0   2  2.85 0.94
  252 I   -4 -6 -7 -7 -5 -6 -6 -7 -7  6  1 -6 -2 -4 -6 -6 -4 -6 -5  5    0   0   0   0   0   0   0   0   0  51  12   0   0   0   0   0   0   0   0  36  1.58 0.58
  253 L    1  1 -2 -2 -2  2  1 -3 -1  0  0  4 -1 -2 -3 -2 -1 -2 -2  0   12   6   1   1   1  10  10   1   1   5  12  27   1   1   0   1   2   1   1   5  0.28 0.21
  254 D   -5 -5  2  8 -6 -4 -2 -2 -4 -6 -6 -4 -6 -6 -2 -4 -4 -7 -6 -6    0   0   7  82   0   0   1   3   0   0   1   0   0   0   2   0   1   0   0   0  2.21 0.73
  255 Y   -2  1  0  0 -4 -1  2 -2  0 -2 -2  0 -2  1 -3  0  3 -1  2 -1    2   7   5   4   0   2  17   2   2   1   3   4   0   7   0   5  26   1   8   3  0.31 0.23
  256 P    0 -1  0  2 -4  0  2  2 -2 -4 -3 -2 -4 -4  5 -2 -3 -5 -4 -3    8   3   4  11   0   4  16  14   1   1   2   1   0   0  30   2   1   0   0   2  0.66 0.31
  257 A   -1 -1  2  4 -4  0  2  3  0 -4 -4 -1 -4 -5 -3  0 -1 -5 -4 -4    4   3   9  22   0   3  14  28   2   1   1   3   0   0   1   6   4   0   0   1  0.56 0.27
  258 R   -1  2 -2 -3 -2  1 -2  0  1 -2  1  1  0  3 -3 -2 -2  0  3  0    4  11   1   1   1   6   2   7   3   1  13  10   3  13   0   2   1   1  14   6  0.23 0.18
  259 P    0  2 -2 -1 -4  4 -1 -3 -2 -4 -2  2 -2 -4  5 -1 -1 -5 -4 -4    6  12   1   4   0  18   2   1   1   0   4  12   1   1  28   4   4   0   0   1  0.67 0.34
  260 L   -3 -4 -4 -6 -3  0 -5 -6  1  0  5 -4  4  2 -3 -4 -3  1 -2 -1    1   0   1   0   0   4   0   0   4   4  59   0   9   7   1   1   0   2   1   2  0.94 0.42
  261 K   -4  3 -4 -5 -7  0 -3 -6 -5 -5  0  7  4 -4 -5 -4 -4 -6 -5 -5    1  13   0   0   0   3   0   0   0   0   9  64  10   1   0   0   0   0   0   0  1.51 0.63
  262 T   -1 -3 -3  0 -5 -2 -2 -5 -4 -5 -5  0 -5 -6 -5  2  7 -6 -5 -4    4   1   1   4   0   1   2   0   0   0   0   5   0   0   0  16  65   0   0   0  1.41 0.64
  263 G    4 -5 -4 -5 -4 -3 -5  6 -5 -5 -5 -3 -4 -2 -5 -3 -2 -6 -6 -3   35   0   0   0   0   1   0  55   0   0   0   1   0   2   0   0   3   0   0   2  1.39 0.57
  264 L   -5 -6 -7 -7 -1 -6 -7 -7 -6  1  6 -6  3  0 -7 -6 -5 -5 -4  0    0   0   0   0   1   0   0   0   0   6  78   0   7   3   0   0   0   0   0   5  1.57 0.60
  265 L    0  8 -4 -4 -4 -1 -4 -5  0 -5 -1  0 -5 -5 -6 -3 -4 -4 -3 -5    8  72   0   1   0   2   0   0   2   0   6   5   0   0   0   1   0   0   1   1  1.68 0.66
  266 E    0 -1 -2  0 -7  0  6 -4 -2 -6 -4  2 -5 -7 -5 -3 -3 -6 -6 -5    9   2   1   4   0   2  63   1   1   0   2  12   0   0   0   1   1   0   0   0  1.28 0.57
  267 I   -4 -7 -7 -7 -5 -7 -7 -8 -7  7  1 -7 -3 -1 -7 -6 -4 -6 -5  3    1   0   0   0   0   0   0   0   0  73  10   0   0   2   0   0   0   0   0  15  1.85 0.65
  268 A    6 -5 -4 -6 -1 -5 -4 -4 -5  1 -3 -5 -1 -1 -5 -2 -3 -6 -5  2   68   0   0   0   1   0   0   0   0   9   2   0   1   2   0   2   1   0   0  14  1.21 0.55
  269 K    0  2 -2  0 -6  3  3 -2 -1 -4 -4  5 -3 -6 -4 -1 -2 -6 -5 -4    6   8   1   4   0  14  22   2   1   1   1  33   0   0   0   4   1   0   0   0  0.75 0.39
  270 I   -1  0 -3 -2 -3  1 -1 -4 -2  3  0  1 -1  0 -4 -2  0 -2  0  3    3   6   1   2   0   6   3   0   1  24   9  10   1   3   0   1   7   1   3  21  0.28 0.21
  271 H   -5 -4 -1 -3 -6 -3 -3 -2  9 -5 -1 -3  1  4 -6 -5 -3 -1  4 -5    0   0   3   1   0   0   1   4  48   0   6   1   4  14   0   0   1   1  15   0  1.62 0.61
  272 K   -2  1  2  1 -5  3  0 -1  0 -1 -3  4 -3 -4 -3 -1  1 -5 -4 -3    2   7   9   6   0  14   5   5   2   5   1  27   0   0   1   4  11   0   0   1  0.41 0.27
  273 G   -1 -4 -3 -5  1 -5 -5  6 -4 -3  1 -4 -1 -3  1 -2 -3 -6 -5 -3    4   1   1   0   4   0   0  60   0   1  15   0   1   1   7   3   1   0   0   2  1.09 0.46
  274 D   -2 -2  2  5 -4 -1  3 -2  1 -5 -5 -2 -3 -4  2 -1  0 -6 -4 -2    2   1   8  35   0   2  18   3   4   0   0   0   1   1  11   4   7   0   0   3  0.70 0.35
  275 F   -4 -6 -7 -7 -6 -6 -7 -6 -5  2 -1 -6  2  8 -3 -5 -4 -3 -1  1    1   0   0   0   0   0   0   0   0  11   5   0   5  65   1   0   1   0   1  11  1.75 0.62
  276 R   -5  8 -5 -6 -6 -1 -4 -7  0  0 -3 -2 -5 -3 -6 -4 -3 -7 -3 -2    0  81   0   0   0   2   0   0   2   6   3   1   0   1   0   1   1   0   1   3  2.01 0.73
  277 I   -4 -6 -7 -7 -2 -5 -6 -7 -6  2  5 -6  4  1 -4 -6 -4 -5 -4  0    1   0   0   0   1   0   0   0   0  12  65   0  11   6   1   0   0   0   0   4  1.29 0.51
  278 T   -4 -6 -4 -6 -5 -5 -5 -6 -6 -3 -5 -5 -3 -7 -6  0  8 -7 -6 -4    0   0   0   0   0   0   0   0   0   1   0   0   0   0   0   6  92   0   0   0  2.44 0.89
  279 A    4 -5 -4 -5  4 -4 -4  3 -5 -5 -5 -3 -5 -6  5 -1  0 -6 -6 -5   31   0   0   0   8   0   0  20   0   0   0   1   0   0  31   3   6   0   0   0  1.11 0.49
  280 N   -5 -4  8 -1 -7  1 -4 -5  2 -7 -6 -4 -6 -7 -6 -2 -1 -8 -6 -7    0   0  80   2   0   7   0   0   4   0   1   0   0   0   0   2   3   0   0   0  2.24 0.79
  281 Q   -4 -4 -5 -5 -8  9 -3 -5  2 -8 -7 -3 -5 -8 -6 -3 -5 -7 -6 -7    1   0   0   0   0  92   0   1   5   0   0   0   0   0   0   1   0   0   0   0  2.89 1.01
  282 N   -6 -5  8  1 -7 -4 -4 -3  6 -7 -8 -4 -6 -7 -6 -1 -4 -8 -5 -7    0   0  69   6   0   0   0   1  18   0   0   0   0   0   0   5   0   0   0   0  2.20 0.77
  283 L   -3 -6 -7 -7 -4 -6 -6 -7 -6  3  5 -6  1 -3 -6 -6 -4 -5 -4  3    1   0   0   0   0   0   0   0   0  16  63   0   3   0   0   0   0   0   0  17  1.31 0.51
  284 I   -4 -6 -6 -6 -4 -2 -5 -6 -6  7  1 -6  2 -2 -6 -5 -2 -6 -4  3    1   0   0   0   0   2   0   0   0  61  12   0   4   1   0   0   2   0   0  16  1.38 0.52
  285 I   -4 -6 -6 -6 -4 -6 -6 -7 -6  6  4 -6 -1  1 -6 -5 -4 -5 -4  2    0   0   0   0   0   0   0   0   0  41  38   0   0   6   0   0   0   0   0  14  1.23 0.47
  286 A    4 -3 -3 -3  4 -3 -3  1 -2 -3 -3 -3 -2 -3 -4  3  1 -4  1 -2   38   1   0   1  10   0   0   8   1   1   1   1   1   0   0  21   7   0   6   2  0.65 0.37
  287 G   -3 -2  5  5 -5 -2  1  3 -1 -6 -7 -2 -6 -6 -5 -2 -4 -7 -6 -6    2   2  31  30   0   1   9  22   1   0   0   2   0   0   0   2   0   0   0   0  1.09 0.47
  288 V   -4 -6 -7 -7 -5 -6 -6 -7 -7  6  0 -6 -2 -4 -6 -5 -3 -6 -5  5    1   0   0   0   0   0   0   0   0  46   5   0   0   0   0   0   1   0   0  46  1.62 0.59
  289 P    2  0 -1  1 -3  0  1 -3 -1 -4 -3  0 -4 -4  3  2  2 -5 -4 -3   16   6   3  10   0   2   9   1   2   0   1   6   0   0  16  15  12   0   0   0  0.41 0.26
  290 E    1 -1 -1  3 -3 -1  3 -3 -2 -5 -3  0 -2 -5  5  0  0 -6 -5 -3   12   2   2  17   0   2  18   1   1   0   2   4   1   0  25   6   6   0   0   1  0.62 0.32
  291 S    2 -1  0  1 -4  2  4 -1  0 -4 -5  0 -4 -4 -3  1 -1 -5 -3 -3   19   3   3   8   0   7  32   5   2   0   0   6   0   0   1   9   2   0   1   1  0.51 0.31
  292 E   -2 -1  2  5 -6  2  2 -3  3 -5 -4  1 -3 -4 -4 -2 -2  4 -4 -4    3   2   8  35   0  11  10   1   7   0   2   9   0   0   0   2   2   6   0   1  0.75 0.38
  293 K   -3  4 -4 -5 -4  0 -3 -5 -4 -3  1  6 -2 -5 -5 -4 -4 -6 -5 -2    2  22   0   0   0   4   0   0   0   1  12  53   1   0   0   0   0   0   0   3  1.20 0.54
  294 A    3  0 -1  2 -4  0  2 -2 -3 -4 -3  1 -4 -5  3 -1 -1 -2 -3 -2   25   4   2  12   0   4  15   2   0   1   2   8   0   0  17   4   2   1   1   2  0.43 0.27
  295 K    2  2 -1  0 -3  2  2 -1 -2 -3 -3  2 -2 -4  0  0  0 -2 -4 -2   20  10   1   5   0  11  14   3   1   1   2  15   1   0   4   3   6   1   0   3  0.29 0.21
  296 I   -4 -7 -7 -7 -5 -6 -7 -7 -7  8  0 -6  1 -4 -6 -6 -3 -6 -5  3    0   0   0   0   0   0   0   0   0  76   4   0   3   0   0   0   1   0   0  14  1.94 0.68
  297 E   -2 -1  0  3 -6  2  5 -4 -3 -3 -5  3 -3 -6 -4 -2  0 -6 -5 -3    3   2   4  15   0  10  39   1   0   1   0  16   1   0   0   2   5   0   0   1  0.82 0.42
  298 K    4  0 -1  0 -4  2  2 -1 -2 -4 -4  2 -3 -4 -3  1  0  0 -3 -3   33   6   2   4   0   8  14   3   1   0   0  11   0   0   0   8   7   1   0   1  0.44 0.30
  299 I   -2 -2 -6 -6 -3 -4 -5 -6  0  5  4 -3  1 -2 -6 -5 -2 -5 -4  0    3   3   0   0   0   0   0   0   2  35  45   1   2   1   0   0   2   0   0   4  0.99 0.44
  300 A    1 -5 -6 -6 -3 -5 -5 -6 -6  2  5 -5  3  0 -5 -4 -4 -5 -4  1   13   0   0   0   0   0   0   0   0  10  59   0   6   3   0   0   0   0   0   8  1.03 0.46
  301 K    2  4 -1  2 -4  0  2 -3  0 -3 -3  2 -3 -4 -4 -1 -1 -5 -3 -2   20  22   2  10   0   4  12   1   2   1   1  15   0   0   0   3   3   0   0   2  0.45 0.28
  302 E    0  1 -1  1 -5  4  3 -2 -1 -5 -5  4 -3 -5 -4  0 -2 -5 -3 -4    8   8   2   7   0  17  21   2   1   0   0  24   1   0   0   6   2   0   0   0  0.62 0.34
  303 S   -1 -3 -2 -5  1 -3 -5 -4  8 -4 -3 -5 -5  0 -6 -4 -5  0  8 -4    6   1   2   0   3   1   0   1  31   1   2   0   0   3   0   1   0   1  46   1  1.83 0.69
  304 G   -1 -1  0 -4 -5 -1 -3  6  0 -7 -6  2 -5 -6 -3 -2 -4 -6 -6 -6    4   3   5   0   0   2   1  63   2   0   0  15   0   0   1   2   0   0   0   0  1.32 0.53
  305 L   -4 -5 -6 -5 -4 -4 -6 -7 -4  3  5 -5  2 -2 -5 -5 -4 -5 -3  2    0   0   0   0   0   1   0   0   0  18  61   0   3   1   0   0   0   0   1  13  1.22 0.49
  306 M   -1 -3 -1  4 -4 -2  0 -3 -2  1  0 -3  0 -3  1 -1  2  0 -3  0    5   0   1  29   0   1   4   1   1  10  11   1   3   1   7   4  13   2   0   7  0.35 0.25
  307 N   -2  0  4  4 -5  1  3 -1 -1 -4 -4  0 -4 -5 -1 -1  0 -3 -4 -4    3   4  22  25   0   5  16   5   1   0   1   4   0   0   3   4   6   0   0   0  0.62 0.32
  308 A    1  0  2  1 -4  1  1  2  2 -4 -3  0 -3 -4  0  1  1 -3 -2 -3   10   4   9   7   0   7  11  17   5   0   1   5   0   0   4   9   8   0   1   1  0.25 0.16
  309 V   -1 -2 -3 -2 -3 -1 -3 -3  2  2  1 -3 -1  3 -1 -2 -1 -1  3  2    6   2   0   2   0   4   1   1   5  16  15   1   1  13   3   2   2   1   9  17  0.26 0.18
  310 T   -2 -3 -1  2 -4 -3 -2 -3 -4 -4 -4 -3 -5 -6 -1  5  4 -6 -5 -4    1   1   1  12   0   0   2   1   0   0   1   0   0   0   3  54  23   0   0   0  1.09 0.51
  311 P    2 -2 -2 -3 -4 -1 -1  3 -1 -3 -2 -1 -2 -4  4 -1 -1 -5 -4 -2   21   1   2   0   0   2   5  26   1   1   4   3   1   0  23   4   2   0   0   3  0.57 0.28
  312 Q   -2 -4 -4 -6 -4  2 -4 -5 -5  1  5 -4  1 -3 -5 -3 -2 -5 -4  1    3   0   1   0   0  12   0   0   0   6  64   0   3   0   0   2   2   0   0   7  0.99 0.43
  313 R   -1  7  0 -4 -6 -1 -2 -5  0 -5 -4 -1 -3 -4 -5 -3 -1 -5 -2 -1    4  70   5   0   0   2   1   0   2   0   1   2   0   0   0   1   3   0   2   6  1.51 0.57
  314 E   -3  5 -3 -3 -5  1  0 -4 -2 -2  2  2  0 -4 -4 -3 -3 -5 -4 -2    2  38   1   1   0   6   5   1   1   2  25  14   1   0   0   1   1   0   0   1  0.72 0.35
  315 N   -1 -1  5 -1 -5 -2 -2 -2  3 -4 -3 -3 -3 -1 -4  3  0  3  3 -4    5   2  35   2   0   1   1   2   7   1   3   0   1   2   0  22   4   4   9   0  0.73 0.38
  316 S    4 -5 -4 -4 -4 -4 -4 -3 -4 -6 -6 -4 -5 -6 -4  6 -1 -7 -6 -5   31   0   0   0   0   0   0   1   0   0   0   0   0   0   0  66   2   0   0   0  1.57 0.65
  317 M   -2 -5 -5 -6 -5 -2 -5 -6 -1  2  1 -5  9 -3 -6  2 -4 -6 -5 -1    3   0   0   0   0   1   0   0   1  12  10   0  57   0   0  14   0   0   0   2  1.67 0.63
  318 A    7 -5 -5 -6 -4 -5 -5 -4 -6 -5 -6 -5 -5 -6 -5  2 -3 -7 -6 -4   88   0   0   0   0   0   0   0   0   0   0   0   0   0   0  12   0   0   0   0  1.95 0.72
  319 C   -5 -9 -8 -9 12 -8 -9 -8 -8 -6 -6 -8 -6 -8 -8 -6 -6 -7 -8 -6    0   0   0   0 100   0   0   0   0   0   0   0   0   0   0   0   0   0   0   0  4.48 1.13
  320 V   -3 -6 -7 -7 -5 -6 -6 -7 -7 -2 -4 -6 -4 -5  5 -5 -2 -7 -5  7    1   0   0   0   0   0   0   0   0   0   0   0   0   0  24   0   1   0   0  73  1.88 0.68
  321 S    7 -5 -5 -5 -4 -5 -5 -2 -5 -5 -6 -5 -5 -6 -5  2 -4 -7 -6 -4   83   0   0   0   0   0   0   2   0   0   0   0   0   0   0  15   0   0   0   0  1.81 0.69
  322 F   -5 -6 -7 -7 -5 -6 -7 -7 -6 -2  5 -6  1  6 -7 -6 -5  0 -2 -3    0   0   0   0   0   0   0   0   0   0  62   0   3  33   0   0   0   1   1   0  1.63 0.58
  323 P   -5 -7  0 -6 -8 -6 -6 -5 -7 -8 -8 -6 -7 -8  9 -5 -6 -8 -8 -7    0   0   6   0   0   0   0   1   0   0   0   0   0   0  94   0   0   0   0   0  3.18 0.94
  324 T   -4 -5 -4 -5 -5 -5 -5 -6 -6 -5 -1 -5 -2 -3 -5 -3  8 -7 -6 -4    0   0   0   0   0   0   0   0   0   0   7   0   1   1   0   0  90   0   0   0  2.25 0.81
  325 C   -5 -9 -8 -9 12 -8 -9 -8 -8 -6 -6 -8 -6 -8 -8 -6 -6 -7 -8 -6    0   0   0   0 100   0   0   0   0   0   0   0   0   0   0   0   0   0   0   0  4.48 1.13
  326 P   -1 -6 -4 -5 -6 -5 -5  6 -5 -7 -7 -5 -6 -7  5 -2 -4 -6 -6 -6    4   0   0   0   0   0   0  65   0   0   0   0   0   0  26   3   1   0   0   0  1.77 0.60
  327 L   -5 -6 -7 -7 -5 -2 -6 -7 -6 -2  7 -6 -1 -3 -6 -6 -5 -5 -4 -3    0   0   0   0   0   2   0   0   0   0  96   0   0   0   0   0   0   0   0   0  2.01 0.68
  328 A    7 -5 -5 -6 -4 -5 -5 -3 -6 -5 -5 -5 -5 -6 -5 -1 -4 -6 -6 -4   96   0   0   0   0   0   0   1   0   0   0   0   0   0   0   2   0   0   0   0  2.15 0.75
  329 M   -5 -5 -5 -7 -5 -3 -6 -6 -5  3  2 -5  9  1 -6 -5 -3 -5 -4  0    0   0   1   0   0   1   0   0   0  16  16   0  56   5   0   0   1   0   0   4  1.76 0.62
  330 A    6 -5 -5 -5 -4 -4 -4 -3 -5 -5 -5 -4 -4 -6 -4 -1  4 -6 -5 -4   74   0   0   0   0   0   0   0   0   0   0   0   0   0   0   3  22   0   0   0  1.60 0.63
  331 E   -5 -4 -4 -1 -8 -2  8 -6 -4 -7 -7 -3 -6 -7 -5 -4 -5 -7 -6 -7    0   0   0   1   0   0  97   0   0   0   0   0   0   0   0   0   0   0   0   0  2.61 0.86
  332 A    5 -5 -4 -4 -4 -4 -4 -2 -5 -5 -6 -4 -5 -6 -4  6 -3 -6 -5 -4   44   0   0   0   0   0   0   2   0   0   0   0   0   0   0  53   0   0   0   0  1.49 0.62
  333 E   -5 -4 -4 -3 -8  1  8 -6 -4 -7 -7 -3 -6 -7 -5 -4 -5 -7 -6 -7    0   0   0   0   0   4  94   0   0   0   0   0   0   0   0   0   0   0   0   0  2.49 0.83
  334 R   -6  9 -5 -6 -8 -3 -4 -7 -5 -7 -6 -2 -6 -7 -6 -5 -5 -7 -6 -7    0  98   0   0   0   0   0   0   0   0   0   0   0   0   0   0   0   0   0   0  2.91 0.89
  335 F    0 -4 -5 -6 -5 -5 -5 -1 -2  0 -3 -5 -2  3 -6 -3 -3 -1  8  1    9   1   0   0   0   0   0   4   0   4   1   0   1  11   0   1   1   0  54  10  1.41 0.53
  336 L   -4 -3 -6 -6 -4 -4 -6 -6 -4  2  6 -5  3  1 -6 -5 -3 -5 -3 -2    1   1   0   0   0   0   0   0   0   8  75   0   6   5   0   0   1   0   0   0  1.36 0.50
  337 P   -4 -6 -6 -5 -7 -5 -5 -6 -6 -7 -6 -5 -7 -6  9 -4 -4 -8 -7 -7    1   0   0   1   0   0   1   0   0   0   1   0   0   0  94   1   1   0   0   0  3.12 0.91
  338 S    0 -1 -1  2 -3  1  2  1 -1 -1 -2  0 -2 -3 -1  2  1 -4 -3  0    4   1   2  13   0   7  12   9   1   3   3   4   0   1   3  20   8   0   0   8  0.21 0.16
  339 F   -4 -5 -6 -6 -4 -5 -6 -6 -5  3  5 -5  1  4 -6 -5 -4 -3 -1  1    1   0   0   0   0   0   0   0   0  14  53   0   2  20   0   0   0   0   1   8  1.10 0.42
  340 I   -3 -5 -3 -6 -4 -5 -5 -6 -5  5  3 -4  2 -3 -5 -4 -2 -5 -4  3    1   0   2   0   0   0   0   0   0  39  27   1   4   0   0   1   2   0   0  23  1.01 0.39
  341 D   -1 -1  0  5 -5 -2  1  0 -3 -4 -5  0 -4 -5 -2  1  3 -6 -5 -3    5   3   2  33   0   1  10   6   0   0   0   5   0   0   2   8  24   0   0   1  0.66 0.33
  342 N   -2  4 -2 -1 -6  2  1 -3 -1 -5 -4  6 -4 -6 -4 -2 -2 -6 -4 -5    3  22   1   3   0   8   8   1   1   0   2  47   0   0   0   2   1   0   0   0  1.00 0.43
  343 I   -4 -6 -6 -6 -4 -5 -6 -7 -6  5  3 -6  0  1 -6 -5 -3 -5 -4  3    0   0   0   0   0   0   0   0   0  37  32   0   2   6   0   0   0   0   0  23  1.13 0.43
  344 D   -4  2 -2  3 -7  1  7 -5 -1 -7 -6 -2 -6 -7 -5 -4 -4 -7 -5 -5    0  12   1  13   0   4  66   0   1   0   0   0   0   0   0   0   0   0   0   0  1.56 0.60
  345 N    2  0  0  1 -3  0  1  1 -1 -2 -3  1 -2 -4  1  0  0 -4 -3  0   21   3   5   7   0   4  11   9   1   1   1  11   0   0   8   6   6   0   0   7  0.20 0.15
  346 L   -1 -2 -5 -5  0 -2 -2 -5 -4  4  3 -3  1 -2 -3 -2 -1 -4 -2  2    4   2   0   0   2   1   3   0   0  31  31   0   3   0   1   3   4   0   1  13  0.58 0.28
  347 M   -4 -5 -6 -6  3 -3 -6 -6 -5  0  5 -3  5  1 -6 -5 -3 -5 -3  0    1   0   0   0   6   1   0   0   0   4  63   2  14   5   0   0   1   0   0   4  1.16 0.46
  348 A    2  0  1  3 -3  0  4 -3 -1 -3 -3  0 -4 -5 -4  0 -1 -5 -3 -3   19   4   5  20   0   3  30   1   1   1   2   5   0   0   0   4   3   0   0   1  0.55 0.30
  349 K   -1  2 -2  0 -6  1  5 -3 -2 -5 -5  5 -4 -6 -4 -2 -3 -6 -5 -5    5  10   1   4   0   5  34   1   1   0   0  35   0   0   0   1   1   0   0   0  0.94 0.42
  350 H    1 -3  3 -4 -1 -2 -3 -4  7 -2  1 -4 -1 -1 -5 -2 -3 -4  4  1   11   1  13   0   1   2   1   0  25   1  17   0   1   2   0   1   1   0  14  10  0.68 0.35
  351 G   -3 -4  0 -1 -6 -2 -3  7 -2 -7 -7 -3 -6 -7 -6 -3 -5 -6 -7 -7    1   1   4   4   0   2   2  84   1   0   0   1   0   0   0   1   0   0   0   0  1.96 0.64
  352 V   -4 -6 -7 -7 -5 -6 -6 -7 -6  2  6 -6  1 -2 -6 -6 -4 -5 -4  0    0   0   0   0   0   0   0   0   0   8  82   0   3   1   0   0   0   0   0   6  1.60 0.57
  353 S    1  4 -1 -1 -3  2  1  0 -1 -3 -2  1 -3 -4  0  1 -1 -1 -2 -3   15  24   1   2   0   9   8   8   1   1   3   9   0   0   4   9   3   1   1   0  0.32 0.21
  354 D   -3 -2  4  5 -6  2  3 -2  3 -6 -6  1 -4 -6 -4 -1 -3 -6 -4 -5    1   1  17  34   0   9  16   3   6   0   0   7   0   0   0   4   1   0   0   0  0.88 0.38
  355 E   -2 -2 -2  5 -7  1  6 -4 -3 -4 -6 -1 -4 -6 -4 -3 -2 -7 -6 -4    3   2   0  32   0   5  48   1   0   1   0   3   0   0   0   1   2   0   0   1  1.26 0.51
  356 H    0  0 -1  1 -4 -1  3 -3  4 -5 -5 -1 -3 -4  4  3 -1 -5 -1 -4    6   4   3   6   0   2  20   1  10   0   0   3   0   0  18  23   2   0   2   1  0.56 0.31
  357 I   -5 -7 -7 -7 -5 -6 -7 -7 -7  8  0 -6 -2  3 -4 -6 -4 -6 -4  1    0   0   0   0   0   0   0   0   0  76   5   0   1  10   1   0   0   0   0   7  1.85 0.62
  358 V   -3 -4 -1 -5 -4 -4 -4 -5  0  3  0 -3 -2 -4 -4  1  3 -5 -4  5    1   0   3   0   0   0   0   0   2  13   6   1   0   0   0   9  18   0   0  46  0.79 0.39
  359 M   -4 -5 -6 -6 -4 -5 -6 -6 -6  5  2 -5  5  0 -6 -5 -1 -5 -3  3    0   0   0   0   0   0   0   0   0  37  20   0  18   3   0   0   4   0   0  17  1.07 0.42
  360 R   -6  9 -4 -6 -8 -3 -5 -7 -2 -8 -7 -2 -6 -7 -7 -5 -6 -7 -6 -7    0  99   0   0   0   0   0   0   1   0   0   0   0   0   0   0   0   0   0   0  2.96 0.91
  361 V   -4 -6 -7 -7 -5 -5 -6 -7 -6  3 -1 -6 10 -4 -7 -5 -4 -6 -5  2    1   0   0   0   0   0   0   0   0  13   2   0  68   0   0   1   1   0   0  14  2.34 0.77
  362 T   -4 -5 -3 -5 -5 -4 -5 -6 -6 -5 -6 -5 -5 -6 -5  2  8 -7 -6 -3    0   0   0   0   0   0   0   0   0   0   0   0   0   0   0  14  84   0   0   1  2.15 0.78
  363 G   -4 -7 -5 -6 -7 -6 -6  8 -6 -8 -8 -6 -7 -8 -6 -5 -6 -7 -7 -8    0   0   0   0   0   0   0 100   0   0   0   0   0   0   0   0   0   0   0   0  2.75 0.82
  364 C   -5 -9 -8 -9 12 -8 -9 -8 -8 -6 -6 -8 -6 -8 -8 -6 -6 -7 -8 -6    0   0   0   0 100   0   0   0   0   0   0   0   0   0   0   0   0   0   0   0  4.48 1.13
  365 P   -2 -7 -5 -6 -7 -6 -6 -5 -7 -7 -8 -6 -7 -8  9 -4 -6 -8 -8 -7    3   0   0   0   0   0   0   1   0   0   0   0   0   0  96   1   0   0   0   0  3.23 0.94
  366 N   -5 -5  9 -3 -7 -5 -5 -5 -4 -8 -8 -5 -7 -8 -7 -4 -5 -9 -7 -8    0   0 100   0   0   0   0   0   0   0   0   0   0   0   0   0   0   0   0   0  3.15 0.96
  367 G   -3 -6 -2 -5 -7 -6 -6  8 -6 -8 -8 -6 -7 -7 -6 -3 -6 -7 -7 -7    1   0   1   0   0   0   0  97   0   0   0   0   0   0   0   1   0   0   0   0  2.56 0.76
  368 C   -5 -9 -8 -9 12 -8 -9 -8 -8 -6 -6 -8 -6 -7 -8 -6 -6 -7 -7 -6    0   0   0   0 100   0   0   0   0   0   0   0   0   0   0   0   0   0   0   0  4.44 1.10
  369 G    6 -5 -4 -4 -4 -4 -4  3 -5 -5 -5 -4 -5 -6 -4  2 -2 -6 -5 -4   61   0   0   0   0   0   0  20   0   0   0   0   0   0   0  17   1   0   0   0  1.30 0.53
  370 R   -6  9 -5 -6 -8 -3 -4 -7 -5 -8 -7 -1 -6 -7 -7 -5 -6 -7 -6 -7    0  99   0   0   0   0   0   0   0   0   0   1   0   0   0   0   0   0   0   0  2.96 0.89
  371 A    2 -6 -6 -6 -6 -5 -5 -6  0 -7 -7 -5 -6 -7  8  0 -4 -8 -7 -6   14   0   0   0   0   0   0   0   2   0   0   0   0   0  78   6   1   0   0   0  2.41 0.75
  372 M    0 -5 -6 -7 -6 -5 -6 -6 -2 -4 -2 -5  4  1 -3 -4 -4  6  8 -3    9   0   0   0   0   0   0   0   0   0   2   0  12   5   2   1   1  11  56   1  1.81 0.63
  373 L   -1 -5 -1 -6 -4 -3 -5 -6 -5  1  5 -5  5 -3 -5 -3 -2 -5 -4  1    4   0   4   0   0   0   0   0   0   7  53   0  17   0   0   2   2   0   0  10  0.94 0.40
  374 A    6 -5 -5 -5 -3 -4 -5  2 -5 -5 -5 -4 -5 -6 -3  0 -3 -6 -6 -4   77   0   0   0   0   0   0  17   0   0   0   0   0   0   1   4   0   0   0   0  1.58 0.61
  375 E   -5 -4 -3  1 -8 -2  8 -6 -4 -8 -7 -3 -6 -8 -5 -4 -5 -7 -6 -7    0   0   0   7   0   0  92   0   0   0   0   0   0   0   0   0   0   0   0   0  2.41 0.79
  376 V   -3 -6 -6 -6 -4 -6 -6 -7 -6  7  2 -6 -1 -3 -6 -5 -4 -6 -4  3    1   0   0   0   0   0   0   0   0  58  20   0   1   0   0   0   0   0   0  20  1.45 0.50
  377 G    4 -5 -4 -5 -5 -5 -5  6 -5 -6 -6 -5 -5 -6 -5 -2 -4 -6 -6 -5   35   0   0   0   0   0   0  63   0   0   0   0   0   0   0   2   0   0   0   0  1.68 0.58
  378 L   -5 -6 -7 -7 -1 -6 -6 -7 -5 -1  4 -6 -1  7 -7 -6 -5 -3 -2 -3    0   0   0   0   1   0   0   0   0   3  46   0   1  49   0   0   0   0   0   1  1.67 0.55
  379 V   -4 -6 -6 -6 -4 -6 -6 -7 -7  4 -2 -6 -2 -4 -6 -4  0 -6 -5  7    0   0   0   0   0   0   0   0   0  17   1   0   1   0   0   1   5   0   0  75  1.68 0.58
  380 G   -4 -6 -4 -5 -7 -6 -6  8 -6 -8 -8 -6 -7 -7 -6 -4 -6 -6 -7 -7    0   0   0   0   0   0   0  99   0   0   0   0   0   0   0   0   0   0   0   0  2.66 0.76
  381 K   -4  4 -3  0 -6 -1 -2 -5 -4 -4 -5  6 -4 -6 -4  0 -1 -6 -5 -4    0  24   0   6   0   2   0   0   0   1   0  54   0   0   0   7   4   0   0   1  1.23 0.49
  382 A    6 -4 -3 -4 -4 -4 -4  3 -4 -5 -5 -4 -1 -5 -4  2 -2 -6 -5 -2   62   0   1   0   0   0   0  18   0   0   0   0   1   0   0  13   2   0   0   2  1.14 0.48
  383 P   -2 -5 -5 -5 -6 -4 -5 -3 -5  0 -1 -3 -2 -3  7 -4 -4 -4  2 -1    2   0   0   0   0   1   0   2   0   6   8   1   1   1  64   1   0   0   7   5  1.65 0.55
  384 G   -3 -4  2  0 -6 -3  0  7 -2 -7 -6 -2 -6 -6 -5 -3 -4 -6 -6 -6    0   0  10   4   0   1   6  74   1   0   0   2   0   0   0   1   1   0   0   0  1.58 0.52
  385 R    0  4 -2 -3 -4  0 -2 -4  0 -2 -2  4 -2 -2 -4  2  1 -5 -2 -3    9  24   1   0   0   2   1   0   3   2   3  29   1   1   0  14   9   0   1   1  0.56 0.29
  386 Y   -6 -6 -6 -7 -7 -6 -6 -7 -3 -6 -5 -6 -5  0 -7 -6 -6 -2 10 -5    0   0   0   0   0   0   0   0   0   0   0   0   0   2   0   0   0   0  97   0  3.39 0.93
  387 N   -1 -3  7  0 -5  3 -3 -3 -1 -5 -2 -3 -2 -6 -5 -1  0 -6 -5 -4    5   0  59   5   0  16   0   1   1   0   4   0   1   0   0   3   4   0   0   1  1.31 0.51
  388 L   -4 -5 -6 -6 -4 -5 -5 -6 -5  2  5 -5  6  0 -5 -5 -3 -4 -4  1    0   0   0   0   0   0   0   0   0  12  53   0  21   2   0   0   0   0   0  10  1.19 0.43
  389 H   -5 -2 -4 -6 -3 -4 -5 -6  4 -4  0 -5  3  2 -6 -5 -5  7  7 -4    0   2   0   0   0   1   0   0  10   0   9   0   8   8   0   0   0  17  44   0  1.64 0.54
  390 L   -3 -5 -6 -6 -4 -5 -6 -6 -6  1  6 -5  0 -2 -6 -5 -3 -5 -4  1    1   0   0   0   0   0   0   0   0   6  82   0   1   1   0   0   1   0   0   6  1.50 0.51
  391 G   -3 -6 -4 -5 -6 -5 -6  8 -6 -7 -7 -5 -6 -7 -6 -4 -5 -6 -7 -7    1   0   0   0   0   0   0  98   0   0   0   0   0   0   0   0   0   0   0   0  2.55 0.72
  392 G    3 -5 -4 -5 -5 -5 -5  7 -5 -6 -6 -5 -6 -6 -5 -3 -4 -6 -6 -6   21   0   0   0   0   0   0  77   0   0   0   0   0   0   0   0   0   0   0   0  1.89 0.59
  393 N    0 -3  4  3 -1 -3 -3  3 -3 -5 -5 -3 -4 -5 -4  3  0 -5 -5 -5    7   1  18  20   2   0   0  27   0   0   0   0   0   0   0  21   4   0   0   0  0.74 0.34
  394 R   -2  3 -3 -4 -5 -2 -3 -3  3 -2 -2 -2 -3  5  3 -1 -2  0  4 -3    3  16   1   0   0   1   1   2   9   1   2   2   0  26  16   4   1   1  14   1  0.68 0.32
  395 I    0  0  3  1 -4  0  1 -3  3  0 -1  0 -2 -2 -3 -1 -1 -3  2 -1    8   6  15   9   0   3  12   1  10   6   5   3   0   1   0   3   4   0   9   4  0.21 0.15
  396 G   -3 -4 -3 -5 -4  3 -5  7 -4 -7 -5 -4 -6 -6 -5 -3 -5 -6 -6 -6    0   0   1   0   0  13   0  82   0   0   1   0   0   0   0   1   0   0   0   0  1.96 0.62
  397 T   -3 -2  0  2 -4  4  1 -4 -2 -4 -3 -2 -1 -4 -4  0  5 -5 -3 -3    1   1   4  12   0  21   9   0   1   0   1   0   2   0   0   7  40   0   1   1  0.78 0.39
  398 R   -4  8 -4 -5 -7 -2 -4 -6 -3 -7 -6 -1 -5 -6 -6 -3 -3 -6 -5 -5    1  92   0   0   0   1   0   0   0   0   0   1   0   0   0   2   1   0   0   1  2.46 0.75
  399 I   -4 -5 -6 -6 -4 -4 -6 -6 -6  3  6 -5  1 -2 -6 -5 -3 -5 -4  0    0   0   0   0   0   0   0   0   0  13  77   0   2   0   0   0   2   0   0   5  1.41 0.49
  400 P    3 -4  7 -3 -5 -3 -3 -1 -3 -5 -6 -3 -5 -6  3  1 -3 -6 -5 -4   22   0  49   0   0   0   0   4   0   0   0   0   0   0  13  10   0   0   0   1  1.20 0.49
  401 R   -2  4 -3 -3 -5  2  0 -3 -3 -4 -4  5 -4  0 -4 -1  0  0 -1 -3    2  19   0   1   0   8   5   1   0   0   0  45   0   4   0   3   7   2   2   1  0.83 0.38
  402 M   -2 -2 -4 -5 -2 -4 -3 -5 -4  2  4 -2  4 -2  2 -3 -2 -4 -2  0    2   2   0   0   1   0   1   0   0  12  45   3  14   0  10   2   2   0   1   5  0.67 0.31
  403 Y   -5 -6 -6 -7 -6 -4 -5 -7 -1 -3 -2 -6 -4  4 -7 -6 -5 -1  9 -1    0   0   0   0   0   1   1   0   1   1   3   0   0  13   0   0   0   1  75   4  2.39 0.73
  404 K   -1  5 -3 -3 -4  0 -1 -4 -3 -1 -1  4  2 -5 -4 -3 -2 -5 -4 -2    5  39   0   1   0   4   3   0   0   3   7  26   6   0   0   0   2   0   0   3  0.81 0.37
  405 E   -1 -2 -1  3 -6  0  6 -4 -2 -6 -6 -1 -5 -6 -4  0 -3 -6 -3 -5    4   2   3  15   0   3  61   1   0   0   0   2   0   0   0   6   1   0   1   0  1.23 0.49
  406 N   -2  1  6 -1 -5 -2 -3 -3 -3 -5 -4  2  1 -5 -4  2  0 -6 -3 -4    2   7  43   2   0   1   0   1   0   0   1  14   4   0   0  19   4   0   1   1  0.91 0.42
  407 I   -3 -5 -6 -6 -4 -4 -6 -6 -6  5  2 -5  2 -3 -6 -5 -3 -5 -4  5    1   0   0   0   0   1   0   0   0  36  18   0   5   0   0   0   0   0   0  39  1.19 0.44
  408 T   -1 -1  1  2 -4 -1 -2  2  2 -4 -4  2 -3 -5  2  0  3 -5 -4 -4    5   1   6  13   0   2   1  14   5   0   0  17   0   0  10   7  18   0   0   0  0.40 0.24
  409 E   -2 -2 -3  0 -6 -1  6 -4  0  0 -1 -2 -3 -1 -4 -2 -2 -6 -4 -1    3   1   0   5   0   1  60   1   2   7   6   0   0   3   0   1   1   0   0   5  0.93 0.44
  410 P    1 -1  0  3 -4  1  3 -2 -1 -5 -5  0 -4 -5  2  0 -1 -5 -4 -3   15   2   5  19   0   5  25   2   2   0   0   6   0   0  11   5   3   0   0   1  0.52 0.27
  411 E    0 -1 -1  3 -5  2  6 -3 -2 -6 -6 -1 -4 -6 -4 -2 -2 -6 -5 -3    7   2   2  17   0   9  51   2   1   0   0   2   0   0   0   1   2   0   0   2  1.02 0.44
  412 I   -3 -6 -7 -7 -4 -6 -7 -7 -7  7  2 -6 -1 -1 -6 -5 -4 -6 -3  1    1   0   0   0   0   0   0   0   0  72  18   0   0   1   0   0   0   0   1   5  1.69 0.56
  413 L   -2 -4 -5 -4 -4 -3  2 -5 -5  0  5 -4  0 -2  0 -4 -3 -5 -4  1    3   0   0   0   0   0  17   0   0   4  58   0   1   1   4   0   1   0   0  10  0.79 0.38
  414 A    3 -1  0  2 -4  0  2 -1 -2 -3 -4  1 -3 -4  0  1  1 -5 -4 -2   26   2   4  13   0   3  15   2   0   1   0   8   0   0   4  12   8   0   0   1  0.36 0.23
  415 S    0 -2 -2 -2 -4 -1  3 -4 -1  3  0 -2 -1  1 -4 -1  2 -4 -2  1    7   2   1   1   0   2  21   0   1  22   6   1   0   6   0   4  17   0   0   9  0.32 0.23
  416 L   -4 -6 -7 -7 -4 -5 -6 -6 -6  2  6 -6  3 -1 -6 -6 -4 -5 -4  0    0   0   0   0   0   0   0   0   0   8  79   0   6   2   0   0   0   0   0   4  1.50 0.53
  417 D   -1  3 -1  4 -4 -1  3 -2 -3 -4 -5  2 -4 -5 -4 -1  0 -5 -3 -3    4  18   2  26   0   1  23   2   0   1   0  12   0   0   0   3   5   0   1   1  0.67 0.32
  418 E   -2 -3 -3 -2 -5 -1  1 -1 -3 -4 -4 -1 -2 -6  7 -2 -1 -6 -3 -2    3   1   1   2   0   3   9   4   1   1   1   3   1   0  61   2   3   0   1   3  1.46 0.52
  419 L   -3 -5 -5 -6 -4 -4 -6 -6 -4  3  5 -5  4 -2 -6 -5 -2  0 -2  1    2   0   0   0   0   0   0   0   0  18  57   0  11   0   0   0   2   1   1   6  1.08 0.42
  420 I   -4 -6 -6 -7 -5 -6 -6 -7 -5  4  3 -6 -2  6 -6 -5 -4 -4 -2  0    0   0   0   0   0   0   0   0   0  27  30   0   0  38   0   0   0   0   0   4  1.31 0.47
  421 G    2  0 -1 -2 -3  0  1  2 -1 -2 -2  2 -2 -2 -1  0 -1 -4  0  0   20   3   2   1   0   3   8  18   1   2   2  18   0   1   2   5   2   0   4   7  0.22 0.17
  422 R    1  5 -1  0 -2  1 -1 -3  3 -3 -2  0  0  0 -4 -1 -2 -4  2 -3   11  39   2   6   1   6   2   1   7   1   4   2   2   3   0   3   1   0   8   1  0.54 0.30
  423 W   -6 -6 -7 -8 -5 -6 -7 -7 -4 -5 -5 -7 -5  5 -7 -6 -6  9  8 -6    0   0   0   0   0   0   0   0   0   0   0   0   0  23   0   0   0  27  50   0  2.64 0.77
  424 A    5  0 -3 -4 -4 -1 -3 -2 -3 -4 -4  3 -3 -5 -4  1 -3 -6 -5 -1   58   4   1   0   0   2   0   2   0   1   1  18   0   0   0   8   0   0   0   4  0.95 0.44
  425 K    1  2  0 -1 -3  2  0 -2 -2 -2  1  3 -2 -3 -3  0  0 -4 -3 -2   15  11   4   3   0  12   4   2   0   1  14  23   1   0   0   4   5   0   0   1  0.29 0.21
  426 E   -3 -2  2  1 -4  1  6 -2 -1 -6 -6  0 -5 -5 -4 -1 -2 -6 -4 -6    1   1   8   8   0   4  63   2   1   0   0   4   0   0   0   4   1   0   0   0  1.25 0.50
  427 R   -4  8 -4 -5 -8 -3 -4 -3 -3 -7 -6  1 -6 -7 -6 -4 -5 -7 -6 -7    1  90   0   0   0   0   0   2   0   0   0   6   0   0   0   0   0   0   0   0  2.49 0.78
  428 E   -2  1  2  0 -4  3  2 -3  2 -2  0  1 -2 -3 -3 -1  0 -4 -2 -3    2   6  13   3   0  18  17   1   6   2  14   9   1   1   0   2   4   0   1   1  0.34 0.22
  429 A    1 -2  0  2 -4  1  3 -2 -1 -3 -4  0 -4 -4  4  0 -1 -5 -4 -2   13   1   3  12   0   6  24   2   1   1   1   3   0   0  18   7   4   0   0   2  0.49 0.26
  430 G   -2 -3  2  2 -6  0  0  6 -1 -6 -6  0 -4 -4 -4 -2 -3 -6 -5 -6    3   1   8  10   0   4   5  58   1   0   0   6   0   1   0   1   0   0   0   0  1.10 0.42
  431 E   -5 -4 -5 -2 -8 -2  8 -7 -4 -8 -7 -3 -6 -8 -5 -4 -5 -7 -6 -7    0   0   0   0   0   0  99   0   0   0   0   0   0   0   0   0   0   0   0   0  2.70 0.87
  432 G    0  3 -2 -2 -1 -2 -3  2  6 -5 -4 -1 -4 -3 -1  2  1 -5 -2 -4    6  16   0   1   2   0   0  15  24   0   1   3   0   1   3  20   7   0   1   0  0.65 0.34
  433 F   -7 -7 -8 -8 -7 -8 -8 -8 -6 -4 -2 -8 -4  9 -8 -7 -7 -3  0 -5    0   0   0   0   0   0   0   0   0   0   2   0   0  97   0   0   0   0   1   0  3.16 0.87
  434 G   -4 -6 -4 -5 -7 -6 -6  8 -6 -8 -8 -6 -7 -7 -6 -3 -6 -7 -7 -7    0   0   0   0   0   0   0  99   0   0   0   0   0   0   0   1   0   0   0   0  2.64 0.77
  435 D   -5 -6 -1  8 -6 -2 -1 -5 -4 -7 -7 -4 -7 -8 -6 -3 -3 -8 -7 -6    1   0   2  90   0   2   2   0   0   0   0   0   0   0   0   1   1   0   0   0  2.47 0.76
  436 F   -6 -7 -7 -8 -7 -7 -7 -7 -5 -4 -4 -7 -4  9 -8 -7 -6  5  4 -5    0   0   0   0   0   0   0   0   0   0   0   0   0  82   0   0   0   7  12   0  2.76 0.78
  437 T    0 -5 -5 -6  7 -5 -5 -5 -6 -1  1 -5 -2 -4 -5 -1  2  0 -4  4    7   0   0   0  24   0   0   0   0   1  12   0   0   0   0   3  14   2   0  36  1.01 0.42
  438 V   -1 -3  0  0 -3 -3 -3 -5  4  6 -1 -4 -2 -1 -5 -3 -2 -3  0  2    4   1   4   6   0   1   1   0  12  45   3   0   0   2   0   0   2   0   3  15  0.73 0.35
  439 R   -6  9 -4 -6 -8 -3 -4 -7 -5 -7 -6 -2 -6 -7 -7 -5 -5 -7 -6 -7    0  99   0   0   0   0   0   0   0   0   0   0   0   0   0   0   0   0   0   0  2.90 0.87
  440 A    3 -2 -3 -3 -2  0 -3 -3 -3  0 -1  1  1 -4 -3  0  1 -3 -3  3   33   1   0   1   0   3   0   0   0   5   4  10   4   0   0   4  11   0   1  21  0.39 0.26
  441 G   -3 -3 -2 -2 -6 -2 -3  7 -3 -7 -7 -2 -6 -7 -6 -4 -5 -2 -6 -7    0   1   2   2   0   2   2  87   1   0   0   2   0   0   0   0   0   1   0   0  2.03 0.63
  442 I   -3 -4 -5 -5 -3 -4 -4 -5 -1  4  0 -4 -1  4 -4 -4 -3  0  5  3    2   0   0   0   0   0   1   0   1  31   8   0   1  16   1   0   0   1  21  17  0.85 0.34
  443 I   -3 -3 -4 -1 -3 -3  0 -5 -4  5  0 -4 -1 -3 -3 -3 -2 -4 -3  5    1   1   0   4   0   0   9   1   0  34   5   0   0   0   1   1   1   0   0  41  0.82 0.33
  444 R    2  2  0 -1 -4  1  1 -2 -1 -3 -3  4 -2 -4 -1 -1 -1 -4 -3 -2   19  11   3   2   0   5  10   2   1   1   1  33   0   0   2   3   3   0   0   1  0.45 0.23
  445 P    3 -2 -3 -2 -3 -1  3 -3 -2 -4 -3 -1 -3 -4  5 -2 -2 -4 -3 -3   29   1   1   1   0   1  24   1   1   1   1   3   0   1  31   1   1   0   0   1  0.85 0.31
  446 V   -2 -3 -3 -3 -1 -2 -2 -3 -3  0 -1 -3 -1 -2 -2 -2  5 -4 -3  4    2   1   1   1   1   1   2   1   0   3   4   1   1   1   1   1  40   0   1  38  0.77 0.32
  447 L   -1 -1 -2 -2 -2 -2 -2 -3  0  1  2  0 -1 -1 -2 -1  3 -3  0  1    2   4   1   1   0   1   2   1   3  10  23   7   0   1   2   2  28   0   3   8  0.24 0.16
  448 D   -2 -1  3  4 -4  1  3 -2  1 -2 -2 -1 -3 -4 -3 -1  0 -4 -3 -1    2   3  13  30   0   5  19   2   3   2   3   2   0   0   1   3   5   0   0   7  0.47 0.20
  449 P    2 -1 -1 -1 -2 -1  0  0 -1 -2 -2 -1 -1 -2  3  3 -1 -2 -2 -2   20   2   1   2   1   2   8   6   1   2   3   3   1   1  14  28   2   0   1   3  0.31 0.13
  450 A    2 -3 -3 -2 -4 -3 -3  5 -3  0 -1 -1 -1 -3  0 -1 -2 -1 -3 -2   15   1   0   1   0   0   1  49   0   7   6   4   1   0   5   3   1   1   1   3  0.61 0.26
  451 R   -2  5 -2 -3 -4  1 -1 -4 -1 -1 -1  3 -1 -3 -3 -2  1 -4 -2  1    1  34   1   1   0   6   3   0   1   2   5  20   1   0   0   1  10   0   1  12  0.53 0.26
  452 D   -1 -3  3  6 -4  0  2 -3  0 -5 -4 -2 -4 -2 -4 -2 -1 -5  1 -4    4   0  14  47   0   3  14   0   2   0   2   1   0   2   0   1   3   0   5   0  0.90 0.34
  453 L   -6 -6 -6 -7 -6 -5 -6 -6 -5 -4 -2  0 -3  9 -7 -6 -4  5  0 -4    0   0   0   0   0   0   0   0   0   0   1   6   0  84   0   0   1   8   0   0  2.38 0.63
  454 W   -4 -4 -1 -5 -6 -3 -4 -5  9 -6 -5 -4 -5 -2 -6 -4 -5  8  5 -6    1   0   3   0   0   0   0   0  55   0   0   0   0   0   0   1   0  19  21   0  2.32 0.60
  455 D   -4 -3  1  7 -6 -2  4 -4 -3 -6 -6 -2 -5 -6 -4 -2 -3 -6 -5 -5    0   0   7  62   0   0  31   0   0   0   0   0   0   0   0   0   0   0   0   0  1.54 0.41
