    1 G    0 -3  7 -2 -4 -3 -3  0 -3 -5 -5 -3 -4 -5 -4  4 -2 -6 -5 -5    9   0  54   0   0   0   0   7   0   0   0   0   0   0   0  30   0   0   0   0  1.26 0.49
    2 F   -5 -6 -6 -7 -6 -6 -7 -7 -4 -1 -2 -6 -3  9 -7 -6 -5 -2  1 -3    0   0   0   0   0   0   0   0   0   2   2   0   0  92   0   0   0   0   2   1  2.61 0.76
    3 V    2 -1  2  2 -3  1 -1 -2 -1 -2 -3 -1 -2 -4 -3  2  2 -4 -3 -1   20   2  12  12   0   7   2   0   1   1   1   2   1   0   0  16  18   0   0   5  0.35 0.25
    4 I    0 -1  0 -2 -2  0 -2 -3  1  1  2 -1  1  0 -3 -1  1 -3  0  2    8   2   5   2   0   4   1   0   4   7  20   3   2   4   0   4   8   0   3  23  0.15 0.15
    5 S    1 -3  3 -3 -3 -1 -2 -3 -3 -1  2 -3 -1 -2 -3  4  1 -4 -1 -1   12   0  16   0   0   2   1   0   0   3  20   0   0   1   0  33   7   0   3   3  0.43 0.33
    6 N   -3  0  4  2 -5  6  2 -1  1 -5 -5 -1 -1 -6 -4  0 -3 -5 -4 -5    1   4  21  10   0  39  11   3   3   0   0   1   2   0   0   5   1   0   0   0  0.93 0.48
    7 E    0  0  0 -1 -3  3  0 -3 -1  1  0  0 -1 -3 -3  0  2 -4 -1  1    7   5   5   3   0  16   4   0   1   9  11   3   1   0   0   6  13   0   2  14  0.16 0.17
    8 L    2 -3 -3 -4 -3 -3 -3 -3 -2  2  3 -2  2 -1 -4  2 -2 -4  0  0   16   0   0   0   0   0   0   1   1  15  33   1   5   1   0  18   1   0   3   5  0.41 0.29
    9 R   -2  4  3 -3 -4 -1 -3 -3  2 -1 -2 -2 -1 -4 -4  3  0 -3 -1 -2    2  26  18   0   0   2   0   0   5   4   4   0   1   0   0  26   6   0   2   3  0.54 0.37
   10 Q   -1  1  1  1 -4  5  1 -3  1 -3 -2  2 -1 -3 -4 -2 -1 -4 -1 -1    4   8   6   8   0  35   7   0   4   1   5  10   1   1   0   1   3   0   2   5  0.51 0.34
   11 Q   -4  2  3 -3 -6  7  1 -5 -2 -6 -4  1 -4 -6 -5 -2 -2 -6 -5 -6    0   9  13   0   0  60   6   0   0   0   2   8   0   0   0   1   1   0   0   0  1.49 0.67
   12 Q   -1  3 -2 -3 -5  6 -1 -4 -3 -2 -1  0 -1 -5 -4 -1 -1 -5 -4  2    3  19   1   1   0  39   2   0   0   1   5   3   1   0   0   3   4   0   0  18  0.77 0.46
   13 S    2 -1  1  2 -3  1  1 -1 -1 -2 -3 -1 -1 -4 -3  2  1 -4 -3 -1   21   3   5  12   0   7   9   4   1   1   1   2   2   0   0  20   8   0   0   4  0.28 0.23
   14 E    3 -2 -1 -2 -3  1  2 -3 -2 -2  1 -1 -1 -2 -1  0  0 -1 -1 -1   30   1   3   0   0   8  16   0   1   0  15   3   1   1   3   5   7   1   1   4  0.24 0.24
   15 L   -1 -5 -6 -6 -4 -2 -5 -6 -5  1  5 -5  4  2 -5 -4 -3 -4 -3  1    4   0   0   0   0   2   0   0   0   7  63   0   9   7   0   0   1   0   0   7  1.01 0.47
   16 T    0 -2  4  3 -4 -2  0  1 -1 -4 -4 -3 -1 -4 -4  1  3 -5  0 -3    6   1  22  19   0   0   4   9   1   0   0   0   2   0   0  13  19   0   3   1  0.55 0.35
   17 S    0  0  1  4 -4  3  2 -1 -2 -3 -2  0 -2 -4 -3  0 -1 -5 -4 -3    8   5   6  24   0  14  15   5   1   1   5   5   0   0   0   6   3   0   0   1  0.39 0.26
   18 T    4 -4 -3 -4 -3 -3 -3 -2 -4 -2 -3 -3 -1 -5 -4  4  3 -5 -4 -1   37   0   0   0   0   0   0   2   0   1   2   0   1   0   0  29  22   0   0   5  0.82 0.49
   19 W   -4  3 -2 -6 -6 -4 -5 -6 -5 -4 -4 -4 -5 -1 -6 -3  0 11  3 -2    1  19   2   0   0   0   0   0   0   0   1   0   0   1   0   2   6  53  10   4  2.27 0.80
   20 D    1 -3  0 -1 -3  2  0 -3 -2  3 -1 -1  3 -2 -3  0  0 -4 -2  2   12   0   5   3   0  11   5   1   0  19   2   2   8   1   0   5   6   0   1  18  0.23 0.22
   21 L    2 -1  1  0 -3 -1  1 -1  2 -3 -1 -2  0 -2 -3  2  1 -2  0 -1   24   2   9   4   0   2   9   4   6   0   5   0   3   1   0  18   7   0   4   3  0.23 0.22
   22 M   -3 -5 -7 -7 -5 -5 -6 -7 -6 -1  6 -6  4  0 -6 -6 -4 -5 -4 -2    1   0   0   0   0   0   0   0   0   2  84   0   9   3   0   0   0   0   0   1  1.65 0.67
   23 L   -4 -4  3 -4 -4 -4 -5 -5 -4  1  5 -4  4 -3 -5 -2 -3 -5 -4  1    0   0  15   1   0   0   0   0   0   7  56   0   9   0   0   2   0   0   0  10  0.93 0.48
   24 Q   -1  1  0  0 -6  7  1 -5 -2 -3 -5  2 -1 -6 -4 -1 -1 -5 -5 -5    4   5   3   6   0  55   6   0   0   2   0  10   1   0   0   3   4   0   0   0  1.14 0.58
   25 T    5 -4 -2 -4 -4 -4 -4 -3 -5 -4 -4 -4 -2 -5 -4  1  4 -6 -5 -1   55   0   2   0   0   0   0   0   0   0   0   0   1   0   0   6  32   0   0   3  1.19 0.61
   26 R   -4  8 -4 -5 -3 -2 -4 -5 -2 -7 -6 -2 -5 -6 -6  2 -4 -6 -5 -6    0  80   0   0   1   1   0   1   0   0   0   0   0   0   0  17   0   0   0   0  2.09 0.83
   27 I   -1 -3  4  2 -4 -2 -3 -3 -3  2 -1 -3 -2 -4 -4  0  1 -5 -4  2    5   0  27  13   0   1   0   1   0  15   5   0   0   0   0   7   9   0   0  17  0.48 0.33
   28 N    0 -3  4  0 -3 -2 -1 -2 -3 -2  0  0 -2 -2 -3  0  4 -5 -4 -1    9   0  20   5   0   1   2   1   0   1   9   5   0   1   0   6  34   0   0   5  0.46 0.34
   29 L   -3 -5 -6 -6 -4 -3 -5 -6 -5  2  6 -5  2 -1 -5 -2 -2 -4 -4  0    1   0   0   0   0   1   0   0   0   9  74   0   5   1   0   4   1   0   0   3  1.22 0.54
   30 S   -3 -4  7 -1 -5 -3 -3 -2  1 -6 -4 -3 -5 -6 -5  2  2 -6 -5 -5    1   0  62   1   0   0   0   2   3   0   1   0   0   0   0  17  11   0   0   0  1.54 0.73
   31 R   -3  7 -4 -4 -6  1 -3 -4 -3 -4 -3  2 -4 -4 -5 -3 -4 -5 -5 -5    2  76   0   0   0   5   0   1   0   1   3   8   0   1   0   2   0   0   0   0  1.81 0.77
   32 S    5 -4 -4 -4 -3 -4 -4  0 -4  3 -2 -4 -1 -3 -4  0 -2 -5 -2  1   53   0   0   0   0   0   0   7   0  16   2   0   1   1   0   7   2   0   1  10  0.78 0.48
   33 A    3 -3 -2 -4 -4  0 -4  4 -4 -1 -2 -3  3 -4 -4  1 -2 -5 -3 -1   23   1   1   0   0   4   0  38   0   5   2   0  10   0   0  10   1   0   1   4  0.67 0.44
   34 A   -1 -3 -1 -4 -3 -3 -3 -4 -2  4  2 -3 -1 -3 -4  0  3 -4 -3  1    5   1   2   0   0   1   1   0   1  32  20   1   0   0   0   6  21   0   0   8  0.56 0.39
   35 R   -1  6 -2 -3 -5 -1 -3 -2 -1 -2  0 -1 -3 -2 -4 -1 -3  2  3 -3    5  54   1   1   0   1   0   3   1   2   8   2   0   1   0   4   1   3  10   2  0.96 0.54
   36 M   -1 -3 -4 -4 -3  0 -3 -3  1  1  1 -3  5  3 -4 -2  0  0  4  0    4   0   0   0   0   4   1   2   4  10  13   1  18  13   0   2   6   1  16   5  0.47 0.33
   37 M    2 -2 -4 -4 -3  2 -3 -4 -4  0  2  0  6 -2 -4 -2 -2 -1 -3  1   19   2   0   0   0  10   0   0   0   4  21   7  23   1   0   1   1   1   0   9  0.53 0.39
   38 M   -2 -1 -1 -3 -3  2 -1 -2 -3 -1  3  1  4 -2 -3  0  0 -3 -1  1    1   3   3   0   0  10   2   3   0   1  28   9  16   1   0   6   7   0   2   8  0.30 0.27
   39 D   -2 -1  2  4 -4  0  1  1  0 -4 -4  1 -2 -2 -3  2 -1 -4 -3 -3    2   2  11  29   0   3  10   9   2   1   1   8   1   2   1  15   4   0   0   1  0.48 0.29
   40 A    1 -1 -1  0 -3  3  0  0 -1 -1 -1  2  1 -2 -1  0  0 -3  1 -1   12   2   2   4   0  19   3   9   1   4   4  13   5   0   2   6   6   0   5   4  0.16 0.18
   41 S    1  1  2  0 -3  1  0 -2 -1 -1 -1  0 -2 -3  3  0  1 -3 -3 -1   11   7  10   6   0   6   7   1   1   4   7   4   0   0  16   8   8   0   0   3  0.21 0.17
   42 N   -1  0  4  1 -3  1  1  0  1 -2 -3  0 -2 -3  0  1  2 -4 -1 -3    4   4  21   8   0   8   7   8   4   2   2   4   1   0   5   7  12   0   2   1  0.28 0.22
   43 Q   -1  0  0  1 -3  2  1  2 -2  0 -2  0 -1 -1  1 -1  0 -3  0 -2    4   4   3  10   0  10  10  19   0   6   2   7   2   2   6   3   4   0   3   2  0.16 0.16
   44 Q    0 -1  0  1 -3  2  0  2  0 -1 -2  0  1 -3  0  1 -1 -3 -2 -1    7   2   3   8   0  12   4  21   2   5   2   5   5   0   4  13   2   0   1   3  0.19 0.19
   45 S    0 -1  2  1 -3 -1  0  0 -2  1 -2 -1 -1 -2 -2  3  0 -4 -3  1    8   2  10   7   0   1   8   6   0   9   3   3   1   1   1  25   5   0   0  11  0.18 0.20
   46 S    1 -1  1  2 -3 -1  0  3 -3 -3 -2  1 -3 -4  0  1  1 -4 -3 -3   10   2   5  13   0   2   7  26   0   1   3   9   0   0   5   9   8   0   0   1  0.32 0.22
   47 A    3 -2 -1  1 -3 -1  1  1 -3 -3 -2  0 -1 -3 -1  2 -1 -4  0 -1   30   1   2   7   0   2   9   9   0   1   2   5   1   0   2  19   3   0   4   3  0.30 0.26
   48 K    0 -2  0 -1 -3  1 -1 -2 -2  1 -1  1  1 -1  2  0  1  5 -1  0    5   1   4   3   0   6   2   2   1  11   4   9   5   2  10   8  10  11   1   7  0.22 0.19
   49 T    1 -1  2 -1 -2  0  0 -2  1  0 -1  0 -1 -1 -2  0  2 -3 -2  1   11   3  12   3   0   4   7   1   4   6   5   6   1   2   1   4  18   0   0  11  0.13 0.15
   50 D    0 -2 -1  4 -3  0  3 -1 -2 -2 -4  0 -3 -3  0  2  0 -4 -1 -3    6   1   0  27   0   3  18   5   0   2   1   6   0   1   4  17   5   0   2   1  0.42 0.28
   51 L   -3 -2 -5 -5 -4 -3 -4 -5 -5  1  5 -4  1  0 -5 -2 -1 -4 -3 -1    2   2   0   0   0   1   1   0   0   7  73   0   3   3   0   2   3   0   0   1  1.10 0.53
   52 L   -1 -2 -4 -5 -3 -3 -4 -5 -4  3  3 -4  5  0 -4 -1 -1  0  0  1    4   2   0   0   0   0   0   0   0  15  31   0  21   4   0   4   2   2   3  11  0.61 0.35
   53 Q    1  0  1  2 -3  3  2 -1  0 -2 -3  1 -2 -4 -3  0  0 -4 -3 -1   14   3   7  12   0  14  14   4   2   2   2   8   0   0   0   7   7   0   0   3  0.27 0.21
   54 N    0  0  1  1 -3  1  2 -2  3 -1 -1  0 -1 -1 -2  1  1 -3 -1 -1    6   5   6   6   0   7  15   2   9   5   6   4   1   3   0   9   8   0   2   4  0.12 0.13
   55 A    6 -4 -4 -4  0 -4 -4 -1 -4 -2 -4 -4 -4 -1 -4  0  0 -5 -1 -1   72   0   0   0   1   0   0   3   0   2   0   0   0   3   0   6   5   0   2   3  1.15 0.61
   56 K   -2  3  0  0 -4  2  1 -1  1 -3 -2  3 -1 -4 -3  0  0 -4 -2 -3    2  19   4   5   0  12   7   4   4   1   3  22   1   0   0   7   6   0   1   1  0.38 0.27
   57 T    1  1  1  1 -3  2  2  0 -1 -2 -2  2 -1 -4 -3  1  0 -4 -3 -2   14   6   8   6   0  12  12   6   1   1   2  14   1   0   0   8   6   0   0   2  0.24 0.20
   58 T    0  0  1 -1 -3  3  0 -3  0 -2 -1  0 -1  0 -3  3  1 -4 -1 -2    8   4   5   2   0  15   6   0   2   2   6   6   1   4   0  29   8   0   1   1  0.29 0.27
   59 L   -1 -3 -4 -4 -3  0 -4 -4 -3  1  4 -3  3  2 -4 -1  0 -3  1  0    6   0   0   0   0   6   0   0   0   6  47   0   7   7   0   5   5   0   5   5  0.51 0.29
   60 A    1  0  1  2 -3  2  1  0  1 -1 -2  1  0 -3 -2  0  0 -4 -3 -1   11   4   6  12   0  10  11   7   3   3   3  10   3   0   0   7   5   0   0   4  0.16 0.12
   61 Q    1  1  0  1 -3  2  2 -2  1 -1 -1  2  0 -3 -2  0  1 -4 -2 -1   12   5   4   7   0  11  12   0   4   3   5  14   3   0   0   4  10   0   0   5  0.18 0.16
   62 A    6 -4 -4 -4 -4 -4 -4  1 -4 -4 -4 -4 -4 -5 -4  2  1 -6 -5 -1   64   0   0   0   0   0   0   9   0   0   0   0   0   0   0  17   7   0   0   4  1.13 0.52
   63 A    0  1  1  3 -5  3  3 -1  0 -4 -4  1 -4 -5 -3 -1 -1 -5 -4 -3    8   8   6  19   0  13  24   5   2   0   0   7   0   0   0   2   4   0   0   1  0.51 0.28
   64 A    1  1  0  0 -3  2  1 -1 -1 -3 -2  2 -1 -2 -3  0  0  0 -2 -2   11   8   5   6   0  13  10   5   1   1   2  18   1   1   0   7   7   1   1   2  0.23 0.16
   65 H    1  0  1  1 -4  0  0 -1  4 -3 -1 -1  0  0 -2  1 -1  0  3 -2   12   5   6   7   0   4   4   4  15   0   6   3   2   3   1  11   2   1  12   1  0.24 0.21
   66 Y   -5 -5 -3 -6 -5 -5 -2 -6 -1 -2 -1 -5  0  7 -6 -5 -5  7  6 -3    0   0   1   0   0   0   3   0   1   2   4   0   2  44   0   0   0  16  24   1  1.71 0.63
   67 A    2  0  1  1 -4  2  1 -2  0 -3 -2  2 -3 -4 -3  0  0 -4 -3 -2   24   3   7   8   0  10  10   2   3   1   3  17   0   0   0   4   5   0   0   2  0.32 0.24
   68 N    2  2  1  0 -3  2  1 -2  0 -1 -1  1 -1 -3 -3  0  0 -2 -2 -1   21  10   6   5   0  12  11   2   2   4   4   8   1   1   0   6   4   1   1   2  0.19 0.18
   69 F   -6 -7 -7 -8 -7 -6 -7 -7 -1 -5  0 -7 -4  7 -8 -6 -6  6  7 -3    0   0   0   0   0   0   0   0   1   0  10   0   0  44   0   0   0   9  36   1  2.13 0.85
   70 K   -1  1  1 -1 -4  3  2 -3  0 -2  0  2  1 -3 -2  0 -1 -4 -1 -2    4   6   9   3   0  13  12   1   2   2  12  15   4   0   1   6   4   0   2   3  0.22 0.21
   71 N    4  0  2 -1 -4  2 -1  0 -2 -4 -3  2 -3 -5 -3  2  0 -5 -4 -2   34   4   9   3   0  10   3   5   1   0   1  12   0   0   1  12   4   0   0   2  0.46 0.34
   72 M    0 -1 -2 -2 -1  0 -1 -3 -2  2  3 -2  3  0 -4 -2  0 -1 -1  0    9   3   1   1   1   4   4   2   1  13  31   1   9   3   0   2   7   1   2   5  0.28 0.26
   73 T    1 -2  0 -2 -4 -1 -1 -1 -4 -2 -2 -1  0 -3  6  2  1 -5 -5 -2   10   2   4   2   0   3   4   4   0   2   4   3   3   1  36  13   8   0   0   2  0.69 0.48
   74 P    1  1 -1  1 -3  1  1 -1  0 -2 -2  1 -1 -3  3  0 -1 -4 -1 -1   12  10   2   8   0   7   7   5   2   3   4   8   1   0  16   7   3   0   2   3  0.23 0.20
   75 L    0 -1  0  1 -2  1 -1 -1  0  1  0  0  1 -2  1  0  1 -3 -1  0    7   3   5   8   0   6   3   4   3   8  12   4   4   0   6   7   8   0   2   9  0.05 0.08
   76 P    0 -1  0  1 -3 -1  0  1  0 -2 -2  0 -3 -3  3  1  1 -4  0 -1    6   3   4  10   0   3   5   9   3   2   3   6   0   0  17  13  10   0   3   5  0.23 0.21
   77 A    0  1  0  2 -3  0  2  1  1 -2 -2  1  0 -1 -1  0 -1 -3  0 -2    8   8   3  12   0   4  13  14   3   2   2  10   2   2   2   4   3   0   3   3  0.15 0.16
   78 M    0  0  1  1 -3  2  1  0  1 -1 -1  1  2 -1 -2  0  0 -3  0 -1    6   4   6   8   0  10   9   6   5   4   5   8   7   3   0   5   6   0   3   4  0.09 0.11
   79 A    1 -2  1  3 -3  1  1  0 -2 -1 -2  0 -2 -3  2  0  0 -4 -3 -1   11   0   7  19   0   6   7   5   0   4   4   5   0   0  10   6   5   0   0   6  0.20 0.21
   80 E    1  0 -1  1 -4  3  4 -2  1 -3 -3  2 -3 -4  0  0 -1 -4 -2 -2   10   4   1   8   0  12  30   2   3   1   1  12   0   0   5   4   2   0   1   2  0.45 0.32
   81 A    2  1  1 -1 -2  0 -1 -1  1  0  1  0 -1 -1 -3  0  0 -3 -1  0   25   7   6   4   0   3   2   3   4   4  16   5   1   2   0   4   5   0   1   6  0.11 0.15
   82 S    1  0 -1 -1 -2 -1 -1 -2 -2  1  2  0  0  0 -2  1  0 -3 -1  1   11   4   2   4   0   3   2   2   0   6  21   5   2   5   1  10   7   0   1  13  0.08 0.12
   83 A    2  0 -1  1 -3  3  1 -1 -1 -2 -2  2 -1 -3 -1  0  0 -4 -3 -1   22   4   2   8   0  15   9   4   1   2   2  13   2   1   2   5   7   0   0   3  0.26 0.24
   84 N    2  0  2  2 -3  1  2 -1  0 -2 -2  0 -2 -3 -1  0  0 -4 -3 -1   23   4   9  11   0   6  16   3   2   2   3   5   0   0   2   5   3   0   0   4  0.21 0.19
   85 V   -1 -2 -4 -4 -3 -1 -4 -2 -4  2  4 -3  3 -2 -4 -3  0 -3 -3  2    5   2   0   0   0   2   0   2   0  13  43   0   9   0   0   0   5   0   0  16  0.52 0.32
   86 D    0  0  0  2 -3  1  2 -1  0 -1 -1  2  0 -2 -2  0  0 -3 -2 -1   10   2   4  11   0   7  14   3   2   3   4  18   3   2   0   6   6   0   0   3  0.17 0.14
   87 E    1  1  1  1 -3  3  2 -1  0 -3 -2  1 -2 -4 -2  0  0 -4 -3 -1   12   7   7   6   0  16  19   3   2   0   2   9   0   0   0   7   4   0   0   4  0.28 0.21
   88 K    0  2  2  0 -3  1  0  0  1 -3 -3  1 -2 -3 -2  3  1 -4 -3 -1    8  10  10   5   0   5   3   5   3   0   1  10   0   0   0  24  11   0   0   3  0.28 0.22
   89 Y   -5 -5 -2 -6 -6 -5 -5 -6  1 -2 -3 -5 -4  4 -6 -5 -1  2  8 -4    0   0   2   0   0   0   0   0   3   2   2   0   0  16   0   0   5   2  68   0  2.05 0.76
   90 Q    0  2  1  1 -3  4  0  0  0 -2 -2  1 -1 -4 -3  0  1 -4 -1  0    6  10   5   7   0  24   4   6   2   2   2   6   1   0   0   4  10   0   1   6  0.23 0.22
   91 R    0  0  0  0 -3  4  0 -1  1  0 -1  2  1 -3 -3  0  0 -4 -3 -1   10   5   5   4   0  24   4   3   3   5   6  12   4   0   0   4   5   0   0   4  0.19 0.18
   92 Y    0 -2 -3 -3 -2 -1  1 -3 -1  1  1 -2  2  2 -3 -2 -2  5  3  0   13   0   0   0   0   0  13   0   0  13  12   0  13  13   0   0   0  13  13   0  0.31 0.12
   93 Q   -1  1  0 -1 -4 -1 -2 -4  6 -2 -1 -1  0  2 -4  0 -1 -3  3 -1    6   8   4   3   0   2   2   0  26   2   4   3   2   9   0   9   2   0  12   3  0.45 0.32
   94 A    1 -1  3  2 -3  1  1  1  1 -2 -2  0 -2 -3 -3  0  0 -4 -1 -2   12   3  15  14   0   5   9   9   3   2   3   5   0   0   0   7   5   0   2   3  0.19 0.17
   95 A    3 -3 -1  1 -3 -1  0  2 -3 -1 -1 -1  0 -2 -3  0  1 -4 -3  0   29   0   2   9   0   3   5  19   0   3   4   2   2   2   0   3   8   0   0   7  0.25 0.22
   96 L   -2 -5 -1 -6 -4 -2 -5 -3 -5  1  6 -5  2 -3 -2 -5 -4 -5 -4 -1    2   0   3   0   0   2   0   2   0   6  75   0   5   0   2   0   0   0   0   2  1.15 0.53
   97 A    1  0  1  0 -3  2  0 -1  0 -1 -1  2  1 -2 -2  1  1 -4 -2 -1   15   5   5   4   0  12   5   3   2   2   5  13   4   1   0   8  10   0   0   5  0.14 0.14
   98 E   -1  0 -1  0 -5  3  4 -2  3 -4 -2  0  0 -5 -2 -1  0 -5 -3 -2    6   4   1   4   0  14  37   2   9   0   3   5   3   0   1   4   4   0   0   2  0.56 0.35
   99 L   -2 -3 -4 -4 -4  3 -2 -5 -4  1  4 -3  3 -1 -4  1 -3 -4 -3 -1    2   0   0   0   0  17   2   0   0   6  44   0   9   2   0  13   0   0   0   3  0.63 0.38
  100 I    1 -1  0 -1 -1  0 -1 -1  0  3  1 -1  2 -2 -3 -1 -1 -4 -1  1   11   2   6   3   1   4   3   3   2  25   9   4   5   0   0   3   3   0   1  12  0.16 0.17
  101 Q    0  0  0  2 -3  3  1  0 -1 -1 -2  1 -1 -2 -2  0  1 -4 -2  0    7   3   4  12   0  17   7   8   1   2   2   7   1   1   1   5  12   0   1   7  0.19 0.19
  102 F   -1 -2 -4 -3 -4 -2 -4  0 -1 -1  2 -3  3  4 -4 -2 -2  3  4 -1    5   2   0   2   0   2   0  10   1   2  21   1   9  20   0   2   2   4  14   3  0.48 0.32
  103 L   -1 -2 -6 -6 -5 -1 -6 -6 -6  1  5 -5  3 -1 -6 -5 -2 -5 -4 -1    4   2   0   0   0   3   0   0   0   8  68   0   8   2   0   0   2   0   0   3  1.21 0.59
  104 D    0  1  0  2 -4  2  2  0 -1 -4 -2  2 -3 -4 -3  0  0 -4  0 -1    8   6   3  14   0   9  14   8   1   0   3  15   0   0   0   6   6   0   3   4  0.27 0.22
  105 N    2 -1  3  0 -4  1  0 -1  1 -4 -3  1 -3 -4 -3  1  1 -5 -2 -2   21   2  19   5   0   6   6   4   3   0   1  11   0   0   0   8  11   0   1   2  0.36 0.29
  106 G   -1  0  4  1 -5  0 -3  5 -1 -6 -5  0 -4 -5 -4 -1 -2 -5 -2 -5    3   5  26   7   0   4   0  42   1   0   1   5   0   0   0   3   2   0   1   0  0.86 0.44
  107 N   -3  0  4  4 -5  3 -1 -4 -1 -5 -4  2 -2 -5 -4  0 -2 -6 -4 -5    1   5  24  28   0  15   2   0   1   0   2  12   1   0   0   8   1   0   0   0  0.80 0.44
  108 M   -1 -4 -5 -3 -3 -4 -5 -5 -4  4  3 -4  3  3 -2 -4  0 -3  1  1    4   0   0   1   0   0   0   0   0  29  30   0   7  11   2   0   5   0   6   5  0.64 0.35
  109 D   -1 -2  2  4 -5  3  1 -1 -1 -3 -4  1 -4 -5  0  0 -1 -5 -1 -2    4   1   9  27   0  18   9   4   1   2   0  11   0   0   4   4   2   0   2   2  0.52 0.33
  110 A    4 -2 -2  2 -4  0  2  1 -3 -2 -2 -1 -3 -4 -2  0 -1  0 -4 -3   41   1   1  12   0   3  14  11   0   2   3   3   0   0   1   3   2   2   0   1  0.48 0.35
  111 Y    1 -5 -5 -3 -5 -5 -5 -4 -4 -1 -2 -5  4  7 -2 -3 -4 -2  4 -2   11   0   0   1   0   0   0   1   0   3   1   0  10  52   2   1   0   0  14   1  1.35 0.59
  112 F   -1 -4 -4 -3 -4 -1 -4  0 -4  0  2 -4  2  6 -5 -2 -3 -2  1  0    4   0   0   1   0   3   0   8   0   5  19   0   5  40   0   2   0   0   4   7  0.71 0.38
  113 A    2  0  2  3 -3  0  1 -1 -2 -2 -3  2  0 -4 -3  0  1 -4 -3 -3   20   3  11  18   0   2   9   3   0   2   1  13   3   0   0   6   8   0   0   0  0.31 0.23
  114 Q    0 -2 -3 -4 -4  6 -1 -4  1 -1  2 -2  0 -3 -4 -1 -2 -4 -1  2    8   0   0   0   0  42   1   1   4   2  18   0   2   1   0   4   1   0   2  14  0.65 0.43
  115 P   -2 -2  3  1 -5 -3 -2 -3 -4 -5 -5 -2 -5 -6  7 -1 -3 -6 -5 -5    2   2  15   7   0   0   2   1   0   0   0   2   0   0  64   3   0   0   0   0  1.71 0.62
  116 T    2 -4 -3 -4 -3 -2 -3 -4 -4  2 -2 -3  1 -3 -2 -1  5 -4 -3  2   18   0   0   0   0   1   0   0   0  14   1   0   4   0   1   2  42   0   0  16  0.68 0.40
  117 Q    0 -2 -2 -2 -5  7  2 -2 -3 -5 -4 -1 -1 -5 -4  0  0 -5 -4 -4    8   0   1   1   0  59  13   3   0   0   1   2   1   0   0   5   6   0   0   0  1.17 0.57
  118 G    2  0 -1  1 -3  2  0  2 -2 -3 -4  1 -2 -4  2  1 -1 -4 -3 -3   18   5   2   9   0  12   3  16   0   1   0  10   1   0   9  11   2   0   0   0  0.32 0.22
  119 M    0 -2 -2 -2 -3 -1 -3 -3  1  0 -1  1  1  4 -3  1 -1 -2  5 -1    9   1   1   2   0   2   0   0   3   5   5  11   4  19   0  11   2   0  22   3  0.38 0.26
  120 Q   -4 -1  0 -3 -6  8 -1 -5 -3 -5 -4 -1 -1 -3 -4 -3 -4 -5 -4 -4    0   2   4   0   0  82   2   0   0   0   2   2   1   2   0   1   0   0   0   1  1.99 0.80
  121 N    0 -1  3  4 -4  1  1 -2 -2 -2 -2 -1 -1 -4 -3  0  0 -4 -3 -1    6   3  15  32   0   6   8   1   0   2   2   3   1   0   0   8   6   0   0   6  0.44 0.26
  122 A    3  0  0  2 -3  2  1 -1 -2 -2 -2  1 -2 -4 -3  0 -1 -4 -3 -1   31   4   5  14   0  11   7   4   0   1   3  10   0   0   0   3   2   0   0   3  0.30 0.23
  123 L   -4 -5 -6 -6 -5 -5 -4 -6 -4 -2  1 -5  6  7 -6 -5 -1 -3  1 -3    1   0   0   0   0   0   1   0   0   0  14   0  20  58   0   0   3   0   4   0  1.61 0.63
  124 G   -2 -2  2  2 -4  3  4 -1 -2 -2  0 -1 -1 -3 -3 -1 -1 -4 -2 -2    2   0  10  11   0  19  31   5   0   1  10   2   1   1   0   2   3   0   1   2  0.49 0.32
  125 E    2 -1  0  2 -3  2  2  0  0 -3 -3  3 -3 -4 -3  0  0 -4 -3 -1   18   1   3  10   0   9  12   6   3   1   1  22   0   0   0   4   5   0   0   4  0.30 0.23
  126 A    3 -2  1  1 -3  1  1 -2 -1 -1 -1  0 -2 -3 -2  1  0 -4 -2  0   27   1   8   8   0   8   8   0   1   2   5   6   0   0   0  13   4   0   1   8  0.23 0.21
  127 L   -4 -3 -5 -6 -5 -3 -5 -5  0 -2 -1 -4  0  4 -6 -4 -4  2  8 -2    1   2   0   0   0   1   0   0   1   2   5   0   3  15   0   1   1   2  65   2  1.82 0.69
  128 G    0  1  3  2 -3  0  0  0  0 -1 -2 -1 -1 -1 -3  0  1 -3  0  0    8   9  23  11   0   3   5   5   2   3   2   3   1   2   0   6   8   0   4   6  0.20 0.18
  129 N    2  2  1  0 -2  3  1 -2  1 -2 -3  0 -2 -2 -3  0  0 -4 -2 -2   23  12   9   4   1  14  10   1   4   2   2   4   0   2   0   5   5   0   1   1  0.27 0.23
  130 Y   -6 -6 -6 -7 -6 -5 -3 -7 -3 -4 -5 -6 -5  3 -7 -6 -3 10  7 -4    0   0   0   0   0   0   2   0   0   1   0   0   0   8   0   0   2  41  45   1  2.71 0.90
  131 A   -1  3 -3 -3 -4  3 -2 -2  0  0  2 -1  2 -1 -4 -2 -2 -4 -1 -1    6  22   0   1   0  19   1   2   2   6  24   1   7   3   0   2   1   0   2   3  0.37 0.29
  132 R    2  0  1  1 -4  4  1 -1 -1 -3 -3  1 -2 -4 -3  1  1 -4 -3 -2   20   4   6   9   0  20  10   3   1   0   1   8   1   0   0   7   7   0   0   2  0.36 0.26
  133 V    1  0  0  1 -4  3  1 -1  2 -2 -1  0 -2 -1 -3  0 -1 -3  0 -1   16   5   3   9   0  21  11   3   5   2   5   3   0   2   0   4   2   0   4   4  0.23 0.21
  134 S    0 -2  5 -2 -4  2 -3 -1  0  2 -3 -3 -3 -3 -4  2 -1 -5  0 -2    7   1  34   1   0  10   0   4   2  16   1   0   0   0   0  15   2   0   4   2  0.55 0.37
  135 E    0 -2  4  4 -5 -1  3 -1 -2 -3 -3 -2 -3 -5 -4  0 -1 -5 -3 -3    8   1  22  29   0   1  18   4   1   1   2   1   1   0   0   7   3   0   1   2  0.65 0.36
  136 N    1  3  0  1 -4  3  1 -2  2 -3 -3  2 -2 -4 -3  0  0 -4 -3 -2   13  18   5   8   0  16   7   2   5   0   2  14   0   0   0   4   5   0   0   3  0.35 0.24
  137 L    0 -1 -4 -2 -3  0 -3 -4 -3  1  4 -2  1  1 -4 -3 -2 -3  1  0    8   3   0   2   0   4   1   0   0   5  55   1   2   7   0   1   2   0   4   4  0.55 0.32
  138 Y   -1  0 -1 -4 -4  0 -3 -2  0 -1  0 -3  0  2 -4  1  0  0  6 -1    6   5   2   0   0   4   0   3   1   3   7   0   3   7   0  12   5   1  39   3  0.60 0.33
  139 R   -1  2  0  1 -4  5  2 -3  2 -4 -3  1 -3 -5 -3  0 -2 -4 -3 -3    5  11   2   9   0  30  15   0   6   0   3   7   0   0   0   8   1   0   0   2  0.55 0.31
  140 Q    0  1  0  0 -4  6  1 -2  3 -2 -3  1 -2 -5 -3  0 -1 -4 -3 -3    7   5   5   6   0  42   7   2   8   2   2   5   0   0   0   5   4   0   0   1  0.64 0.36
  141 T    5 -3  0 -3 -3 -3 -2  0 -4 -1 -3 -3 -3 -4 -3  2  0 -5 -4  1   58   0   4   0   0   0   2   7   0   2   0   0   0   0   0  13   5   0   0   9  0.72 0.37
  142 F   -3 -4 -5 -5 -3 -4 -4 -5 -3  4  2 -4 -1  3 -4 -4 -2  3  2  3    0   0   0   0   0   0   0   0   0  34  16   0   0  11   0   0   0   4   9  25  0.70 0.27
