    1 Q   -2  5 -1 -1 -4  4  0 -3 -1 -4 -3  3 -2 -4 -2 -1 -1 -3 -2 -3    0  46   0   0   0  38   0   0   0   0   0  15   0   0   0   0   0   0   0   0  0.72 0.11
    2 A    1 -3 -2 -2 -3 -2 -2  5 -3 -4 -4 -2 -3 -4  4  1 -2 -4 -4 -3   13   0   0   0   0   0   0  54   0   0   0   0   0   0  21  11   0   0   0   0  0.89 0.19
    3 G    1 -1 -2 -2 -3  1 -2  6 -3 -5 -4 -2 -3 -4 -3  1 -2 -4 -4 -4    8   4   0   0   0   8   0  69   0   0   0   0   0   0   0  12   0   0   0   0  1.00 0.25
    4 V    2 -3 -2 -3 -2 -2 -2  0 -3  2 -1 -2 -1 -1 -2  0  2 -3  0  2   22   0   0   0   0   0   0   7   0  15   0   0   0   3   0   7  22   0   4  20  0.25 0.15
    5 S   -2 -4 -4 -4 -3 -4 -4 -2 -4  4 -1 -4  1 -2 -4  0  0 -4 -3  5    0   0   0   0   0   0   0   3   0  25   0   0   3   0   0  10   4   0   0  55  0.75 0.34
    6 M    2  0 -2 -1 -2 -2 -2 -2 -3  0 -2 -2  3 -3 -3  2  3  3 -3  0   23   5   0   2   0   0   0   0   0   4   0   0  13   0   0  21  19   6   0   8  0.38 0.27
    7 A    6 -3 -4 -4 -3  0 -2 -1 -4  0 -3 -3  0 -4 -3  0 -1 -5 -4 -2   78   0   0   0   0   4   2   2   0   6   0   0   2   0   0   3   2   0   0   1  1.01 0.46
    8 P   -4 -5 -5 -5 -6 -5 -4 -5 -5 -6 -6 -4 -6 -7  9 -4 -4 -7 -6 -6    0   0   0   0   0   0   0   0   0   0   0   0   0   0 100   0   0   0   0   0  3.19 0.88
    9 I    1 -1 -4 -4 -3 -3 -4 -4 -4  2  0 -3  2  0 -4 -1  0 -4 -1  5   15   3   0   0   0   0   0   0   0  10   5   0   5   4   0   5   4   0   2  48  0.51 0.31
   10 A    6 -4 -3 -4 -3  0 -3 -2 -4 -2 -4 -3 -3 -5 -3  2 -1 -5 -4  0   70   0   0   0   0   4   0   0   0   2   0   0   0   0   0  17   2   0   0   5  1.05 0.52
   11 Q   -1  0 -1 -3 -3  1 -2  1 -2  1 -1  1  1 -2 -3  0  1 -3  1  1    3   6   1   0   0  10   0  13   0  10   5   9   5   0   0   4  13   0   7  13  0.13 0.16
   12 G    2 -3 -1 -3 -3 -3 -3  2 -3 -3 -4 -3 -3 -4  0  4  3 -5 -4 -1   16   0   2   0   0   0   0  19   0   0   0   0   0   0   3  36  20   0   0   4  0.61 0.36
   13 T    0  4 -2 -3 -3  1 -2 -2  0 -1 -2 -1  1 -3 -2  1  1 -3  1  1    5  28   0   0   0   8   0   2   3   3   2   1   4   0   2  13  12   0   5  13  0.30 0.25
   14 M    0  3  0 -3 -3  3 -2 -4 -3  3  0 -1  1 -3 -1 -2  0 -4 -3  2    7  17   5   0   0  17   0   0   0  22   5   0   5   0   2   0   4   0   0  14  0.33 0.27
   15 V   -1 -3 -4 -4 -3 -2 -2 -4 -4  4  1 -2  2 -1 -2 -3  1 -3  1  4    3   0   0   0   0   1   3   0   0  27  10   1   5   2   1   0   9   0   4  33  0.50 0.29
   16 K   -2  5  0 -3 -4  1 -1  1  1 -1 -3  1 -2 -4 -3  0  1 -4 -3 -1    2  42   3   0   0   5   1  10   3   3   0   6   1   0   0   8  10   0   0   6  0.53 0.32
   17 L    0  1  1 -2 -3 -2 -2  3 -2 -3 -2  0 -1 -3  2  1  1 -3  0 -3    9  11   7   1   0   0   1  28   0   1   2   6   2   0  11   8   9   0   4   0  0.33 0.21
   18 R    0  3  1 -2 -3 -1 -2  0 -1 -1 -3  0 -1 -4  1  3  1 -4 -3 -1    5  20   5   0   0   1   0   8   1   3   0   5   2   0   7  28   9   0   0   4  0.33 0.25
   19 P    0  1  1 -2 -3  0 -1  0 -2  0 -2  1  0 -2  3 -1 -1 -4 -3  2    5   6   9   0   0   3   3   9   0   5   0  13   4   2  16   3   1   0   0  20  0.23 0.19
   20 P   -3 -1 -3 -4 -5  0 -4 -2 -5 -5 -5 -3 -2 -6  8 -1 -1 -6 -5 -5    1   4   1   0   0   4   0   3   0   0   0   1   1   0  76   5   3   0   0   0  2.03 0.71
   21 M    0  2  0 -1 -2  1 -1  1 -2 -1 -2  2  0 -1  1  0  0 -3 -2 -1    5  16   5   3   1   6   1  12   0   4   2  18   3   3   6   9   3   0   0   4  0.17 0.15
   22 L   -3 -3 -4 -2 -3  0 -3 -4 -3  2  1 -3  3  4  2 -2 -2 -2  1  1    0   0   0   2   0   5   0   0   0  14  12   0   9  26  13   3   0   0   3  12  0.49 0.29
   23 R    0  3  2 -2 -3  0 -1  1  2 -2 -1  0 -1 -2 -3  0  1 -4 -3 -2   10  24  12   0   0   4   2  11   5   2   7   5   1   1   0   7   8   0   0   1  0.25 0.20
   24 S   -1  1  3 -1 -3  1 -2  1 -2 -3 -3 -1  0 -4  1  3  2 -4 -1  0    3   8  17   1   0   7   0   9   0   0   1   2   2   0   6  23  12   0   2   6  0.29 0.25
   25 S    2  3  0 -1 -3 -1  0  0 -2 -3 -2  2 -1 -4 -3  2  1 -4 -3 -1   18  17   4   2   0   0   5   6   0   0   4  11   1   0   0  19   8   0   0   4  0.27 0.23
   26 M    0  2  3 -1 -4  1 -1  3 -2 -4 -4  2  0 -4 -2  1 -1 -4 -4 -4    6  10  14   2   0   7   2  24   0   0   0  14   4   0   2  11   4   0   0   0  0.41 0.27
   27 D   -1  0  1  1 -4  0 -1  4 -3 -3 -1  1  0 -4 -2  0 -1 -4 -4 -2    3   4   7  10   0   3   3  37   0   1   6  11   3   0   1   6   3   0   0   2  0.39 0.25
   28 V    0 -1 -1 -3 -3  1 -1  1 -3  0 -3 -1 -2 -2 -3  3  0  4 -3  2    6   3   1   0   0   7   2  13   0   4   0   3   0   1   0  32   3   7   0  16  0.35 0.30
   29 T   -2 -1 -2 -1 -3  0 -1 -4 -2  2  0 -2  2 -2  1 -1  3 -4 -3  3    0   3   1   3   0   4   3   0   1  14   8   1   6   1   7   2  23   0   0  23  0.31 0.26
   30 I   -2  3 -1 -3 -3 -1 -3 -2 -1  1  0 -1  1 -1 -2 -1  4 -4 -3  2    0  17   2   0   0   1   0   2   1   8   6   3   4   2   1   2  30   0   0  20  0.39 0.31
   31 L   -3 -2 -1 -4  3 -2 -4 -3  1  4  2 -4  0 -1 -4 -3 -1 -4 -3  4    0   2   3   0   7   2   0   1   5  24  15   0   1   2   0   0   2   0   0  34  0.56 0.33
   32 S    0  2 -2 -3  1 -1 -2  0 -1 -1 -3 -2 -1 -4 -3  3  4 -4 -1  0    6  11   0   0   3   2   2   5   1   3   0   0   1   0   0  24  33   0   3   5  0.47 0.35
   33 H   -3  0  2 -3 -5 -1 -2 -1  8 -4 -4  1 -1 -2 -4  0 -3 -5 -1  0    1   5  11   0   0   2   1   6  45   0   1   9   1   2   0   7   0   0   1   7  1.03 0.50
   34 C   -1  4 -2 -2  2  1  0 -2 -1 -3 -2  0  0 -4 -2  2  3 -4 -3 -1    3  25   0   1   4   6   5   3   1   0   4   3   2   0   2  14  24   0   0   3  0.39 0.30
   35 E   -2 -3 -3  0 -6  0  7 -5 -3 -6 -6 -3 -5  0 -4 -1 -1 -6 -5 -5    3   0   0   3   0   3  80   0   0   0   0   0   0   4   0   4   3   0   0   0  1.70 0.74
   36 L   -1 -2 -5 -5 -4 -4 -5 -5 -1  1  3 -4  1  3 -5 -2 -3 -2  5  0    5   2   0   0   0   0   0   0   1   9  35   0   3  13   0   3   0   0  27   3  0.78 0.40
   37 S   -2 -4  0 -4 -3  0 -3 -1 -4  3  2 -3  1  0 -4 -1 -1  0 -3  3    1   0   6   0   0   4   0   6   0  20  24   0   4   3   0   5   2   2   0  23  0.35 0.25
   38 T    0 -1 -1 -1 -2 -1 -1  3  0 -1  0 -2  1 -3 -3  1  3 -4 -3 -2    8   3   2   4   1   2   2  25   2   2  12   0   4   0   0  12  20   0   0   2  0.27 0.23
   39 E    0 -1  1  2 -3  3  2 -1 -1 -2 -3 -1 -2 -1  0  0  2 -4 -3 -1    8   2   6  13   0  17  14   3   1   2   1   0   0   3   4   7  13   0   0   5  0.27 0.24
   40 L   -3 -4 -5 -5 -3 -4 -3 -5 -4  4  1 -2 -1  1 -4 -2 -1 -4  0  5    0   0   0   0   0   0   1   0   0  25  13   3   0   6   0   2   2   0   3  43  0.76 0.40
   41 A    1  0  2  0 -3  0 -1 -1  0 -1 -1  1 -2 -2  0  2  1 -4 -2  0   12   5  13   4   0   4   1   3   2   2   5   7   0   2   4  18  10   0   1   7  0.14 0.15
   42 V    2  0  2 -2 -3 -2 -2  1 -1 -1 -2 -1 -2 -4  0  1  1 -4 -3  1   20   6  13   1   0   0   0  13   2   2   2   2   1   0   4  12  10   0   0  13  0.23 0.23
   43 T    2 -3  1 -1 -3 -1 -2  0  0 -2 -2  0 -3 -4 -2  3  3 -5 -3  0   15   0   8   2   0   2   0   5   3   2   3   5   0   0   1  27  21   0   0   6  0.38 0.31
   44 V    1 -3  1  0 -3 -2 -1  1 -3  0 -2 -1 -3 -4 -1  1  4 -4 -4  0   15   0   7   6   0   0   4  11   0   5   1   3   0   0   2  11  29   0   0   7  0.32 0.28
   45 T    3 -3  0 -1 -3  1  0  3 -3 -2 -2 -1 -3 -4 -3  2  2 -4 -4 -2   24   0   4   2   0   5   5  21   0   2   3   4   0   0   0  15  13   0   0   2  0.36 0.28
   46 I    0 -4 -4 -3 -3 -3 -2  0 -3  2  0 -2  0  5  1 -2 -1 -2  1  1   10   0   0   1   0   0   2   7   0  12  10   2   2  28   8   2   3   0   4  10  0.34 0.25
   47 V    0 -1  1  0 -2  1  0 -1  0  0 -1  0 -1  1 -1  1  2 -3 -1  0    7   2   8   4   0   7   4   3   2   8   6   4   0   7   2   9  17   0   1   9  0.07 0.12
   48 V    0 -2 -1 -2 -1  0 -2 -1 -3  1 -1 -2 -1  1  2 -1  1 -3  0  3    7   2   4   2   1   6   0   4   0   8   4   0   0   7   9   3  12   0   3  28  0.19 0.20
   49 T   -1  1  3 -1  0  0 -1 -1 -2 -1 -2 -1 -2  1 -3  1  2 -3  0  0    3   9  18   2   2   4   2   3   0   4   3   1   0   6   0  13  17   0   4  10  0.21 0.22
   50 S    1 -2  2 -2 -3  1 -1  2 -2 -1 -1 -1 -2  0 -3  2  2 -3 -1  0   10   0  13   0   0   7   2  14   0   3   4   2   0   4   0  16  14   0   1   9  0.21 0.21
   51 E    0  0  1  0 -3  0  0  2 -2 -1  0 -1 -1  0 -3  0  0  3  2  0    5   5   8   4   0   3   5  16   0   3   9   3   0   4   0   5   6   6  10   8  0.11 0.12
   52 L   -1  0  0  0 -3 -1 -1  0 -2  1  0 -2 -1 -1  2  0  0  0 -2  2    2   5   6   6   0   2   2   8   0  12   8   0   0   3  12   6   7   1   0  17  0.11 0.12
   53 V    0 -3 -3  0  4 -3 -1 -1 -4  2  1 -1 -1 -2  2 -2  0 -4 -3  2    5   0   0   8  10   0   4   4   0  14  16   3   0   0   9   0   6   0   0  20  0.25 0.21
   54 M   -1 -1  3 -2 -3 -1 -3 -2 -2  2  2 -1  2 -1 -4 -1 -1 -3 -1  1    4   3  23   2   0   2   0   2   0  14  23   2   7   2   0   2   3   0   2   8  0.27 0.23
   55 P   -3 -4  2 -4 -5 -4 -1 -5 -4  0 -3 -1 -4 -6  7 -1 -1 -6 -5 -1    0   0  12   0   0   0   3   0   0   5   3   3   0   0  62   3   3   0   0   5  1.54 0.59
   56 F    1  0  0 -2  1 -1 -1  0 -2 -2 -2 -2 -2  0  3  2 -1 -3  1  0   12   6   4   0   3   2   3   7   0   0   3   0   0   6  16  21   2   0   6  10  0.22 0.19
   57 T    1  1  3 -1 -3  0  0 -1 -2 -1 -2 -1 -2 -4 -3  1  2 -4 -3 -2   15  10  20   2   0   4   6   4   0   3   3   0   0   0   0  12  18   0   0   0  0.31 0.24
   58 V   -1 -3 -2 -3 -1 -1 -3 -1 -3  1  2 -2  1  1 -2  1  1 -3  0  2    3   0   2   0   1   3   0   4   0   4  26   0   3   6   1  12   9   0   2  23  0.19 0.15
   59 G   -2 -2 -3 -3 -3 -3 -3  1 -1  0 -1 -1 -2  6  1  0 -1 -2  0 -2    1   2   0   0   0   0   0  15   1   4   5   4   0  45   8   7   3   0   0   2  0.56 0.26
   60 T    0 -3  0 -1 -3  0 -2 -3 -3 -3 -2 -2 -3 -4  6  2  3 -4 -4 -1    5   0   5   2   0   3   0   0   0   0   3   0   0   0  39  14  22   0   0   4  0.82 0.31
   61 W   -5  1 -5 -6 -1 -1 -5 -5  2 -5 -4 -4 -4  3 -6 -2 -2 11  2 -5    0  10   0   0   2   3   0   0   4   0   0   0   0  15   0   3   2  57   4   0  2.25 0.61
   62 L   -3 -3 -2 -5 -2 -4 -5 -4 -5  2  5 -4  1 -2 -2 -4 -2 -4 -3  0    0   1   3   0   1   0   0   1   0   9  75   0   2   0   2   0   1   0   0   4  0.96 0.38
   63 R    2  2  0 -2 -3  1 -2  0 -2 -3 -2  1 -3 -4  2  3 -1 -4 -3 -2   19  11   2   0   0   8   0   4   0   0   3   7   0   0  10  32   0   0   0   3  0.40 0.24
   64 G    1  0  1 -1 -1  1 -2  3  0 -1 -2 -1 -2 -3 -1  0  2 -3  0 -1   11   5   7   3   1   6   0  24   2   4   2   3   0   0   2   6  16   0   4   5  0.18 0.12
   65 V   -2 -3 -3 -3  3  1 -1 -4 -3  4  2 -3  2  0 -3 -2 -1 -3 -2  2    0   0   0   0   7   8   5   0   0  31  22   0   4   4   0   2   1   0   0  13  0.39 0.21
   66 A    5 -3 -3 -3  0 -3 -3  1 -3 -3 -3 -3  0 -4 -3  2 -2 -4  0 -3   63   0   0   0   2   0   0  10   0   0   0   0   3   0   0  18   0   0   4   0  0.85 0.39
   67 Q    2  0 -1  1 -1  1 -1  0 -2 -1 -1  0 -2 -3 -1  2  0 -4 -3  0   23   3   2   8   1   8   0   4   0   3   6   5   0   0   1  24   5   0   0   5  0.20 0.16
   68 N    0  0  5 -2 -1 -1 -2  2 -2 -3  1 -2  1 -3 -3  1 -2 -4 -2 -3    9   6  35   0   1   2   0  13   0   0  15   0   6   0   0  11   0   0   1   0  0.40 0.25
   69 W   -4 -5 -5 -6 -5 -4 -5 -5  0 -3 -3 -5 -3  6 -6 -4 -4  7  7 -4    0   0   0   0   0   0   0   0   2   0   0   0   0  41   0   0   0  15  40   0  1.86 0.54
   70 S   -1 -2  3  4 -4  1  2 -2 -2 -4 -4  0 -3 -4 -3  3 -2 -5 -4 -4    4   0  13  28   0   6  17   1   0   0   0   4   0   0   0  25   0   0   0   0  0.64 0.29
   71 K   -3  2 -2 -2 -4  3  0 -4 -2 -2 -2  5  2 -4  0 -2 -1 -4 -3 -3    0  10   0   0   0  18   5   0   0   3   3  46   6   0   4   1   2   0   0   0  0.71 0.33
   72 Y   -4 -4 -4 -5 -5 -4 -4 -5  2  0 -3 -4 -3  2 -5 -4 -1  6  8 -3    0   0   0   0   0   0   0   0   5   7   0   0   0   4   0   0   4  10  68   0  1.86 0.56
   73 A   -2  6 -2 -3 -5  0  0 -4 -2 -4 -4  3 -1 -5 -4  1 -1 -5 -4 -1    2  50   0   0   0   3   5   0   0   0   0  22   2   0   0   9   3   0   0   5  0.90 0.37
   74 W   -4 -5 -6 -6 -4 -5 -5 -5 -4  2  0 -5 -1  5 -1 -5 -4  9  1  0    0   0   0   0   0   0   0   0   0  13   9   0   1  32   3   0   0  35   2   5  1.55 0.47
   75 V   -1  3  1  1 -3 -1 -1 -2  0  0  0  1 -1 -3 -3 -1  2 -4 -3  0    2  18   9   9   0   1   2   2   2   5  13   9   0   0   0   2  22   0   0   5  0.21 0.17
   76 A    0  2  1  0 -3  1 -1  0  1 -3 -4  2 -3 -3 -3  3 -1 -4  0 -1    7  13   7   4   0   5   0   6   4   0   0  14   0   0   0  31   1   0   4   4  0.33 0.22
   77 I   -1 -4 -5 -5  3 -4 -4 -5 -4  2  4 -4  3  1 -4 -3 -2  2 -2  2    5   0   0   0   8   0   0   0   0   8  46   0   8   5   0   0   0   3   0  18  0.63 0.27
   78 R    0  4 -1 -2 -3  2  1 -3 -1 -1 -2  1 -2 -3 -3  1  1 -2 -3  0    6  30   1   0   0   8  10   0   1   2   1   8   1   0   0  11   8   1   0  11  0.34 0.20
   79 Y   -2 -4 -4 -5 -3 -4 -4 -4 -3  2  2 -4  0  5 -4 -3 -3  2  2  2    2   0   0   0   0   0   0   0   0  11  25   0   2  34   0   0   0   2   7  15  0.68 0.27
   80 T   -2  3 -2 -2 -2  1  1 -3  4  0 -1 -1 -2 -1 -3 -1  2 -3  1  0    0  25   0   0   1   5  12   0  12   7   3   1   0   2   0   2  17   0   4   8  0.32 0.21
   81 Y   -5 -5 -5 -6 -5 -5 -5 -6 -2 -4 -3 -5 -4  4 -6 -5 -5  6  9 -2    0   0   0   0   0   0   0   0   0   0   1   0   0  12   0   0   0  12  72   2  2.24 0.64
   82 L    0 -1 -2 -3 -2 -1  0 -3 -3  3  1  0  1 -2 -3  1  0 -4 -3  3    4   3   0   0   0   2   6   0   0  19   9   7   3   0   0  16   3   0   0  27  0.24 0.18
   83 P   -2 -4 -2 -4 -5 -4 -4 -4 -1 -5 -5 -2 -5 -6  8  1  1 -6 -5 -5    2   0   1   0   0   0   0   0   2   0   0   1   0   0  76  10   8   0   0   0  2.08 0.58
   84 S    0  0 -2 -1 -2  0  1 -3 -2  1  0  0  2  0 -2  1  1 -3  0  0    8   7   0   2   0   2   9   0   0   9  12   7   7   4   0  17  11   0   4   2  0.10 0.11
   85 C    0 -3 -4 -5  9 -4 -5 -4 -5  0 -1 -4 -2 -4 -4 -1  1 -5 -4  3    5   1   0   0  45   0   0   0   0   5   4   0   0   0   0   5   7   0   0  27  1.23 0.42
   86 P    2 -3  0 -2 -3 -1 -2  2 -3 -4 -4 -2 -3 -4  4  3 -1 -4 -4 -3   22   0   5   0   0   2   0  15   0   0   0   0   0   0  24  29   2   0   0   0  0.70 0.30
   87 T    0 -3 -1  1 -3 -3 -1 -3 -3 -3 -3 -3 -3  1 -3  2  6 -4 -3  0    6   0   1   7   0   0   3   0   0   0   0   0   0   6   0  13  57   0   0   7  0.79 0.39
   88 T    0 -2  2 -1 -3  2  0 -3 -3 -2 -3 -1 -3 -4 -3  2  5 -4 -4 -2    6   0  11   2   0   9   6   1   0   2   0   1   0   0   0  12  47   0   0   2  0.64 0.33
   89 T    0 -2  0 -2 -3 -1  1  0 -3 -1 -2 -2 -1 -1 -3  0  5 -4 -2  0    6   2   5   0   0   2  13   7   0   2   1   0   1   3   0   3  47   0   1   8  0.47 0.29
   90 S    1 -1  2  0  1  1  0 -1 -2 -2 -2 -1 -2 -4  2  2  2 -4 -3  0   17   1  10   5   3  10   3   4   0   0   3   0   0   0   9  18  13   0   0   6  0.24 0.17
   91 G   -1 -5 -3 -4 -5 -5 -5  7 -5 -7 -6 -4 -5 -6 -5 -3 -4 -5 -6 -6    2   0   0   0   0   0   0  98   0   0   0   0   0   0   0   0   0   0   0   0  2.23 0.61
   92 A    0  3  1 -2 -3  0 -1  0 -2 -2 -2  1 -1 -3 -2  2  1 -3 -1 -2    6  24   9   0   0   4   3   7   0   2   2   8   1   0   0  19  10   0   3   2  0.28 0.18
   93 I   -3 -5 -5 -5 -3 -4 -5 -6 -5  5  0 -5  1 -2 -5 -4 -2 -4 -1  5    0   0   0   0   0   0   0   0   0  32   6   0   2   1   0   0   0   0   2  57  1.11 0.41
   94 H    2 -2 -2 -2  2 -1  0 -1  3  1 -2 -2  1 -2 -3  1  0 -3  0  2   24   0   0   1   4   1   6   5   9   8   0   0   5   0   0  12   6   0   3  16  0.19 0.17
   95 M   -3 -4 -5 -5 -3 -3 -5 -5 -4  2  3 -4  8  0 -5 -4 -2 -4 -3  0    0   0   0   0   0   0   0   0   0  13  31   0  46   2   0   0   1   0   0   5  1.20 0.44
   96 G    3 -1 -2 -3  2 -1 -3  3 -2 -2 -2 -1 -1  0 -3  0 -2 -1  2 -1   28   3   0   0   5   3   0  30   0   2   1   2   2   4   0   6   0   1  11   3  0.40 0.23
   97 F   -4 -4 -5 -5 -4 -4 -5 -5  0 -1  0 -4  0  7 -3 -4  0  6  3 -1    0   0   0   0   0   0   0   0   3   1   8   0   3  51   2   0   8  10  11   4  1.14 0.40
   98 Q   -2 -2  1  4 -3  1 -1 -3 -2 -1  0 -2 -2 -1 -3  0  1 -4 -1 -1    1   0   6  33   0   9   1   0   1   4  14   0   0   3   0   8  12   0   3   5  0.34 0.21
   99 Y   -2  1 -2 -2 -4 -2 -2 -2 -1 -2 -2  2 -3  1  2  0 -1  3  6 -3    2   8   1   2   0   0   0   2   0   1   2  14   0   3  13   8   2   3  37   0  0.62 0.29
  100 D   -4 -1  2  7 -6 -3 -1 -4 -3 -5 -6 -3 -5 -6 -4 -2 -3 -6 -5 -5    0   3  10  84   0   0   0   0   0   0   0   0   0   0   0   2   0   0   0   0  1.90 0.56
  101 M    1  0 -1 -2 -3 -1 -2 -2 -2 -3 -3 -2  1  0  0  4  0  1  3 -1   11   4   1   1   0   3   0   1   0   0   0   0   5   3   4  42   2   2  14   4  0.43 0.28
  102 A    2  0  1 -2 -1  2  0  0 -2 -2 -2  0 -1 -3 -2  2  1 -3 -2 -1   22   3   7   0   1  11   6   5   0   1   4   4   1   0   0  22   9   0   1   2  0.23 0.16
  103 D   -4 -4  0  7 -5 -3  0 -4 -3 -5 -4 -2 -5 -5 -4 -2  0 -6 -5 -5    0   0   3  83   0   0   2   0   0   0   2   1   0   0   0   2   5   0   0   0  1.75 0.53
  104 T    1 -2 -1  0 -2 -1  0 -1 -3 -1 -1 -2 -2 -3  4  1  2 -4 -3  1   11   0   2   4   0   2   4   3   0   2   5   0   0   0  25  13  14   0   0  12  0.38 0.18
  105 L    0 -2 -1 -1 -2 -1  0 -1 -3  1  1 -1  0 -2  3 -1  0 -3 -2  2    8   0   4   1   0   1   9   4   0   8  14   2   2   0  14   3   6   0   0  23  0.18 0.13
  106 P   -1 -2 -4 -4 -5 -2 -4 -4 -4 -5 -5 -2 -5  0  8 -2 -2 -5 -4 -4    5   2   0   0   0   1   0   0   0   0   0   2   0   6  80   2   2   0   0   0  2.12 0.59
  107 V    0  0  1 -1 -3  0 -2 -1 -3 -1 -2  0 -2 -1 -2  1  4 -4 -3  1    8   4   6   3   0   4   0   4   0   2   0   6   0   3   1  10  36   0   0  12  0.30 0.22
  108 S   -1 -3  3  4 -3 -2 -1 -1 -3 -4 -3 -1 -3 -4 -3  3  3 -5 -2 -2    1   0  14  27   0   0   1   4   0   0   2   2   0   0   0  25  22   0   1   2  0.60 0.31
  109 V   -1  4 -2 -3 -4 -1 -1 -4 -3  1  0  3 -2 -2 -1 -2  1 -4 -3  1    2  29   0   0   0   0   1   0   0   8   8  25   0   1   3   0  10   0   0  12  0.42 0.25
  110 N    1  0  1 -2 -2  2  0  1 -2 -1 -2 -1 -1 -1 -1  0  2 -3  0  1   12   4   7   0   0  11   7  11   0   3   0   2   1   4   1   6  15   0   3  13  0.12 0.12
  111 Q    1  0  0  2 -4  3  3 -1 -2 -4 -3  1  0 -4 -2  1 -1 -4 -3 -3   12   4   3  13   0  16  26   3   0   0   0   6   4   0   0   9   3   0   0   0  0.42 0.22
  112 L   -3 -4 -4 -5 -1 -3 -4 -5 -4  3  4 -4  6  0 -4 -3 -1 -3 -2  1    0   0   0   0   1   0   0   0   0  16  39   0  24   3   0   0   3   0   0  10  0.74 0.31
  113 S    1 -2 -1 -2  1  0  0 -2  1 -2  0 -1  2  1  0  2 -1 -2  2 -1   16   0   0   0   4   6   6   1   5   0   8   0   8   5   5  23   0   0  12   1  0.16 0.17
  114 N    0  0  3  1  1  2  1  0 -1 -2 -3 -1 -2 -3 -2  1  0 -3 -2 -1    7   5  21   8   4  15   6   5   0   0   1   0   0   0   0  16   5   0   0   5  0.25 0.16
  115 L   -2 -3 -3 -3  2  0 -1 -2  0  0  1 -3  4  2 -3  0  1 -2  4 -1    0   0   0   0   5   4   4   2   2   4  18   0  14   7   0   7  10   0  22   0  0.36 0.27
  116 K    1  0  0  0 -3  1  1  0  0 -3 -3 -1 -2 -1 -1  1  1 -2  3 -2   12   6   3   6   0   8  10   6   1   0   1   2   0   2   2  14  11   0  13   2  0.18 0.16
  117 G   -2  0  0 -2 -1 -1 -2  3  4 -2 -3  0 -2 -1  2  0 -1  1  0 -1    1   5   4   0   1   2   1  27  16   3   1   7   0   2  10   7   2   2   3   6  0.33 0.21
  118 Y    1 -2 -1 -2  0 -2 -2 -1  3 -2  1 -1  0  1 -2  2  0  0  3 -1   17   0   2   0   2   0   1   4   8   0  16   3   2   6   0  18   4   1  11   3  0.17 0.17
  119 V    0 -1 -1 -2  3 -1 -1 -3 -1  1  0  0  1 -2 -2  0  1 -3  0  3    6   2   2   1   7   2   3   1   2   9   4   6   3   0   1   9   9   0   3  30  0.17 0.16
  120 T    0  0  0  0 -3 -1  3 -1 -2 -3 -2 -1 -2 -1 -2  2  2  2 -2 -2    5   3   3   5   0   0  28   4   0   1   3   2   0   2   1  21  18   3   0   1  0.35 0.25
  121 G    0 -3  0 -1  2 -2 -2  3 -3 -1 -2 -2 -2  2 -2  2  3 -3 -2 -1    5   1   3   2   6   0   1  22   0   3   1   1   0  10   1  14  26   0   0   5  0.33 0.23
  122 P    2 -2  0 -2 -3  0 -1 -2 -2 -3 -3  1  0 -4  5  2 -1 -4 -3 -1   22   1   4   1   0   4   3   1   0   1   1   8   3   0  30  17   1   0   0   5  0.58 0.29
  123 V    0 -2 -3 -3  0 -3 -3 -3 -3  0 -1 -2 -2 -3  5 -1 -2  1 -3  3    6   2   1   1   2   1   1   1   0   5   6   1   0   1  36   5   1   2   0  29  0.71 0.31
  124 W   -2 -3 -3 -4 -3 -3 -3 -3 -2 -3 -1 -3 -2  1 -3 -1 -3 10  4 -3    4   1   1   1   0   1   1   1   0   1   5   1   0   5   1   5   1  52  15   1  1.86 0.49
  125 E    2 -1  0  0  1  1  1  0 -1 -2 -2  0 -2 -2 -1  2  0 -2  0 -2   25   1   3   3   3   9  12   7   0   1   2   4   0   1   1  17   5   0   3   1  0.21 0.14
  126 G    0 -1 -1  0 -2 -1  2  4 -2 -2 -2  0  0 -2 -2  0 -1 -2 -2 -2    5   3   1   2   1   1  21  35   1   1   5   7   3   1   1   5   4   0   1   2  0.33 0.16
  127 Q    1 -1  0 -1  1 -1 -1 -1  0 -1 -1  0 -1  2 -1  2  1 -1  2 -1   18   2   4   2   4   2   2   4   2   2   5   5   1  10   2  18   8   0   8   2  0.11 0.09
  128 S    1 -1  0  1 -1  0  1  0 -1 -1 -1  0 -1 -2  0  1  1 -2 -1 -1   15   2   4   9   1   3  10   5   1   2   4   7   2   2   5  14  10   1   1   3  0.11 0.05
  129 G    0 -1 -1 -1  0  0 -1  3  1 -1 -1 -1  0  0  0  0  0 -1  0 -1    6   3   2   3   2   3   3  32   4   3   7   3   3   4   4   8   5   1   4   3  0.17 0.07
  130 L    1  0  0 -1  3  0  0  0 -1 -1  0  0 -1 -1  0  1  0 -1 -1 -1   14   7   6   3   8   2   7   5   1   4  10   3   1   2   5  14   4   1   2   3  0.07 0.05
  131 C    0  0  0 -1  2  0  0 -1  2  0 -1  0  0 -1  1  1  0 -1 -1  0    8   5   4   3   6   3   5   4   8   6   6   5   4   2   6  12   6   1   2   6  0.05 0.03
  132 F    0 -1 -1 -1 -1 -1  0  0 -1  0  1  0  1  0  2 -1 -1 -1  1  0   12   4   2   3   1   2   5   6   1   5  18   5   5   5  10   3   3   1   6   6  0.05 0.03
  133 V    0 -1 -1 -1  0 -1 -1 -1 -1  1  2 -1  1 -1 -1  0  0 -1 -1  1    5   2   4   2   3   3   3   3   1  11  31   3   4   2   2   7   5   1   2   7  0.09 0.06
  134 N   -1  0  2  1 -2  1  1 -1  2 -1  0  0 -1 -1 -1  1  0 -1  0 -1    5   3  15   6   1   5  13   3   6   3  11   2   1   2   2  11   3   1   3   4  0.10 0.06
  135 N    0  0  1  0  1  0  0  1  0 -1 -1  0  0 -1  0  1  1 -1  0 -1    4   6   8   4   4   4   4  12   3   2   6   4   2   3   4  10  11   1   2   6  0.05 0.03
  136 T    0  0  0  0 -1 -1 -1  0 -1  1  0  0  0 -1  1  0  1 -1 -1  0    8   4   5   5   1   2   2   9   2  12   8   7   3   2   7   4   9   1   1   9  0.03 0.02
  137 K    0  1  0 -1  0  0  1  0 -1 -1 -2  1 -1 -2  2  1  1 -2 -2  0    4   7   3   2   2   4   9   6   1   3   3  12   1   1  13  12   7   0   1   6  0.15 0.07
  138 C    0  0  1 -1  5 -1 -1 -1 -1  0 -1  0  0 -1 -1  0  1 -1  0  0   10   8   7   2  16   2   2   5   1   5   5   5   3   2   2   6   8   1   3   7  0.11 0.07
  139 P    1  1 -1  2 -2 -1  0  0  0 -2 -1  0  0 -1  3  0 -1 -2 -2 -1   14   8   2  16   1   1   5   7   2   2   4   6   2   2  14   6   2   0   1   4  0.17 0.08
  140 D   -1  0  3  2  1  0  0  0 -1 -1 -1  0 -1 -2  0  0  0 -2 -1 -1    3   5  20  11   3   2   6   8   1   5   4   6   1   1   5   6   3   1   1   6  0.12 0.07
  141 T    0  0  0  0  0  0  0 -1 -1  0 -1  0  0 -2  3  0  1 -2 -1  0    9   4   5   5   2   5   5   3   1   7   3   3   3   1  14   6  14   0   1   8  0.13 0.07
  142 S    0 -1 -1  0  0  1 -1  0  0 -1 -2  0 -1 -1  3  1  1  3  0 -1    5   2   1   5   2   7   2   7   2   3   3   4   1   4  15  15  11   6   2   3  0.20 0.11
  143 R    0  2  1 -1 -2  0  0  2  0 -1 -2  1 -1 -2  0  1  0 -2 -2 -1    7  15   8   2   1   1   4  17   2   3   3  10   1   2   4  11   5   0   1   3  0.15 0.08
  144 A    3 -1 -2 -2 -2 -1 -1 -1 -1  0 -1 -1  1  1  1  1  0 -2  0  0   30   4   1   2   0   1   1   3   2   4   4   2   5   9   8   9   4   0   4   5  0.16 0.13
  145 I   -2 -2 -2 -3 -2  0 -2 -2 -3  3  2 -2  2 -1 -2 -2  0 -3 -2  3    1   1   2   1   0   6   2   3   0  20  23   2   4   1   1   1   4   0   1  27  0.31 0.19
  146 T    1  0  1 -1  3 -1 -1 -1 -1  0 -1 -1 -1 -1 -2  1  1 -1  1  1   11   7   9   1   7   1   2   3   1   5   4   3   1   1   1  12   8   1   5  15  0.08 0.09
  147 I    0 -1 -1 -2  0 -1 -1 -1 -1  2  1 -1  0 -1 -2  0  1 -2 -1  2    9   3   3   1   2   1   3   4   2  14  10   2   2   2   1   8  10   0   1  20  0.08 0.08
  148 A    0  1  0  0 -1  1  0 -2  1  0 -1 -1  0 -2  3  0  2 -2 -2  0    4  10   3   5   2   6   4   2   4   8   4   2   2   1  15   8  15   0   1   5  0.17 0.11
  149 L   -2 -2 -3 -3  1 -2 -2 -3 -2  1  3 -1  3  0 -1 -2  0 -2  0  2    2   1   1   1   4   1   1   2   0   5  36   3  10   3   2   2   5   0   3  18  0.30 0.18
  150 D   -3 -1  2  6 -4  0  0 -2 -2 -2 -3 -1 -3 -4  2 -2 -1 -4 -3 -3    1   3   8  55   0   3   4   1   0   3   2   3   0   1   9   1   3   0   1   1  0.89 0.36
  151 T    0 -2  0 -1  5 -2 -2 -2 -2  1 -1 -1 -1 -2  1 -1  1 -2 -2  2    5   1   5   3  15   1   2   3   1  11   2   4   1   1   6   4  13   0   1  22  0.22 0.14
  152 N    1  1  2  1 -2  0  0  0 -1 -2 -2  0 -2 -2  2  1  1 -2 -2 -1   12   7  11   9   1   2   3   7   1   1   3   3   1   1   9  13  11   0   1   4  0.16 0.09
  153 E    0  3  0  0  0  1  0  0  0 -2 -1  1 -1 -2  0  0  0 -2 -2 -1    8  23   4   5   2   4   4   6   2   2   4  10   1   1   5   4   7   0   1   5  0.15 0.09
  154 V    0 -1 -1  2 -2 -1  0 -2 -2  0  1 -1  1  1 -1 -1 -1  0 -1  1    9   1   1  17   1   3   3   2   1   4  15   4   4  10   3   3   3   2   1  14  0.07 0.08
  155 S   -1  0  2  3 -2  0  0  2 -1 -3 -3  0 -2 -3 -1  2  0 -3 -2 -2    3   5  10  22   0   3   5  15   0   1   2   5   0   1   2  17   4   0   1   2  0.29 0.16
  156 E   -1  2  0 -1 -2  1 -1 -1 -1  0 -1  3 -1 -1 -2  0  0  3 -2  0    2  16   4   4   0   4   2   4   0   7   5  26   0   2   1   6   4   4   1   7  0.19 0.14
  157 K    0  1 -1 -2 -3  0 -1 -2 -2 -2 -1  4  0 -1  2  0  0 -2  0 -1    5   6   1   1   0   2   1   2   0   2   7  36   2   2  12   6   6   0   3   4  0.31 0.19
  158 R   -2  4 -1 -3 -3 -2  0 -3 -2 -2  0  0 -2  0 -3 -2 -2  8  2 -1    2  27   2   1   0   1   5   1   0   2  10   5   0   4   1   1   2  24   6   5  0.74 0.31
  159 Y   -2 -1 -2 -3 -3 -2 -2 -2 -1 -1  0 -2 -1  4 -3 -2 -2  2  6  0    2   4   1   1   0   1   2   3   1   2   8   1   1  17   1   3   1   3  41   6  0.74 0.30
  160 P   -1  1  0  1  2  0 -1 -2 -1  0  0  0  0 -2  3 -1  0 -2 -2 -1    3  11   5  11   5   4   2   2   1   6  11   6   2   1  18   2   5   0   1   4  0.17 0.09
  161 F   -1  1  1  0  0 -1 -1 -1  0  0 -1 -1 -1  2 -1  0  0 -1  4 -1    3   8  10   5   2   1   4   4   1   6   6   4   1  10   2   6   4   0  20   2  0.15 0.10
  162 K    0  0  0  2  0 -1  0  1 -1  1  0  1 -1 -1  0  0 -1 -2 -1  0    5   3   2  19   2   2   4  11   1  11   7  10   1   1   3   6   2   1   1   9  0.07 0.06
  163 T    0  1  0 -1 -1  1 -1 -1 -1 -2 -1 -1 -1 -1 -1  3  3  1 -2 -1    6   7   5   3   1   5   3   2   1   2   5   2   1   3   2  24  23   2   1   4  0.22 0.15
  164 A    1 -1  0  0 -1  0  0  0 -1 -1 -1 -1  0 -1 -1  2  1 -2 -1 -1   14   2   5   6   1   3   5   6   1   3   7   2   2   2   2  21  12   0   1   4  0.11 0.08
  165 T    1 -1  0 -1 -1 -1 -1 -1 -2  1  0 -1 -1 -1 -1  0  2 -2 -1  1   17   2   6   2   1   2   2   5   1   9  10   2   1   1   2   3  20   0   1  14  0.11 0.09
  166 D    0 -1  1  1 -2  1  0  1  0 -1 -1 -1 -1  1  0  0  0 -1  0 -1    7   2   7  10   1  10   5  14   3   2   4   2   1   7   5   4   8   1   4   4  0.08 0.05
  167 Y    0 -1  0  0 -1 -1 -1 -1  1  0  0 -1  0  2 -1  0  1 -1  2  0    8   2   7   4   1   2   4   3   3   4  11   2   1  11   2   6   9   1  11  10  0.05 0.05
  168 A    2  0  0 -1 -1 -1  0  0 -1  0 -1 -1 -1 -2  0  1  2 -2 -1  0   20   7   3   2   1   2   4   8   1   5   7   2   1   2   4   9  17   1   1   4  0.10 0.07
  169 T    1  1  0  0  1 -1 -1 -1  0 -1 -1  0  0 -1 -1  1  1 -1  0 -1   20   9   3   5   3   2   2   3   3   5   6   6   2   2   2  10  13   0   4   2  0.07 0.06
  170 A    1 -1  0 -1  0 -1  0  0 -1  0  0 -1  0  1  1  0  0 -1  0  0   13   2   3   2   2   2   7   5   1   5  10   2   3  11   6   8   8   0   1   7  0.04 0.04
  171 V    0 -1  0  1 -1 -1  0  1 -1 -1 -1 -1 -1 -1  0  1  1 -2 -1  0    8   3   3   9   1   2   4  10   1   2   7   2   1   2   4  16  12   1   3  10  0.08 0.06
  172 G    2 -1  0  1 -1 -1  0  2 -1 -1 -1 -1 -1 -2  0  1  0 -2 -2 -1   20   2   4  10   1   1   7  14   1   2   4   2   2   1   3  12   6   0   1   6  0.13 0.08
  173 V   -1 -1 -1  1 -2  0  0 -1 -2  0  1  0  1 -1  1  0  0 -2 -1  2    2   2   1   9   1   3   6   4   1   3  15   8   4   1   6   9   3   0   1  21  0.06 0.08
  174 N    0 -1  1  2 -2  1  0  1 -1 -2 -1 -1 -1 -2  2  1  2 -2 -2 -2    5   1   8  14   1   6   3  10   1   1   6   3   1   1   9  11  16   0   1   2  0.18 0.11
  175 A    2 -1  0 -1 -2 -1 -1  1 -2  0 -1  0 -1 -2  1  1  0 -2 -2  1   22   1   4   3   0   1   1  13   0   7   2   6   1   1   6   9   6   0   1  15  0.13 0.11
  176 N    0 -1  3  2 -2  0  1  0  1 -1 -2 -1 -2 -2 -1  1  0 -3 -2  0   11   1  17  16   0   2  10   5   3   3   3   2   0   1   2  11   6   0   0   6  0.20 0.13
  177 I   -1 -3 -1  6 -3 -2 -1 -2 -3  1  0 -2 -2 -3 -3  0 -1 -4 -3  0    4   1   1  53   0   1   1   2   0   9  12   1   0   1   1   5   2   0   0   7  0.71 0.35
  178 G    0  1 -1 -2 -2  1 -1  2  0 -1 -1  0 -1 -2  2  0 -1 -3 -2  0    9   8   3   1   0   9   1  21   2   2   7   6   0   2  13   5   3   0   0   7  0.18 0.12
  179 N   -2  0  4  0 -3  1 -1 -1 -2 -3 -3  4 -1 -4 -2 -1  0 -4 -3 -2    1   3  28   5   0   6   1   3   0   1   1  35   2   1   1   2   7   0   0   3  0.58 0.31
  180 I   -2 -1 -2  0 -2  0 -1 -2 -3  1  3 -2  2  0 -1 -2  1 -3 -2  1    1   2   1   7   0   7   2   2   0   9  35   1   5   3   3   1  13   0   0   7  0.21 0.18
  181 L   -2 -3 -3 -4  0 -1 -3 -3 -2  2  1 -3 -1  3 -3 -3 -2 -1  5  2    1   0   0   1   2   4   1   2   0  14  12   1   0  12   1   1   2   0  27  20  0.53 0.29
  182 V   -1 -3  0  4  3 -2 -1 -2 -2 -1  0 -2 -2 -1 -3  0  0 -3  1  1    5   0   3  33   8   0   1   2   0   3   8   0   0   2   0   9   7   0   5  12  0.33 0.24
  183 P   -1 -3 -3 -1 -1 -2 -1 -2  1 -1  1 -3  0  2  6 -2 -2 -3  0  0    4   1   0   4   1   0   3   3   3   2  14   1   3  11  40   2   1   0   2   5  0.66 0.30
  184 A    3 -4 -3 -3  2 -3 -3  5 -4 -3 -2 -3 -3 -1 -2 -1 -3 -4 -4 -1   24   0   0   0   5   0   0  52   0   0   4   0   0   2   2   3   0   0   0   5  0.81 0.38
  185 R   -1  4  0 -1 -4  3  0 -1 -2 -3 -3  2 -2 -4 -3 -1  1 -4 -3 -2    5  33   3   3   0  19   3   4   0   1   2  11   0   0   0   4  10   0   0   2  0.51 0.31
  186 L   -1 -2 -4 -4 -1 -3 -4 -4 -4  2  4 -4  1  3 -4 -2 -2 -3 -2  2    4   2   0   0   1   0   0   0   0  12  44   0   1  14   0   2   0   0   0  17  0.56 0.30
  187 V    0 -2 -1 -3  0  0 -1  1  0  1  0 -2  0  1 -1 -2  0 -3 -1  3    9   0   3   0   2   7   3  12   3  10   6   0   1   7   2   0   5   0   1  28  0.14 0.16
  188 T   -1 -3 -3 -2  0 -3 -3 -3 -3  3  1 -3  0  2 -3 -2  0  3  2  3    3   0   0   2   2   0   0   1   0  21  11   0   1  10   0   2   7   4   7  26  0.35 0.22
  189 A    4  0 -3 -3  1 -2 -3  2 -3 -1 -1 -2  0 -3 -3  0 -2 -4 -3  1   49   6   0   0   3   0   0  13   0   2   6   0   2   0   0   5   0   0   0   9  0.46 0.31
  190 M    1 -3 -1 -3 -2 -1 -2 -1 -1 -1 -2 -2  0 -3 -3  2  4 -1 -1  1   15   0   2   0   0   2   0   2   1   3   2   0   2   0   0  16  39   1   2  12  0.45 0.32
  191 E    0 -2 -1  2 -3  1 -1 -2  2 -2 -1 -2 -2  0 -2  1  0  0  5 -1    6   0   2  15   0   7   1   2   5   2   4   0   0   1   2   9   7   1  31   4  0.41 0.28
  192 G    0 -2  0  1 -3 -1 -1  5 -3 -2 -3  0 -3 -3 -3  1 -2 -3 -3 -3    6   1   3   8   0   3   2  49   0   4   3   8   0   0   1  11   1   0   0   1  0.60 0.28
  193 G    0 -2  1 -2  1  2 -2  5 -2 -2 -2 -1 -2  1 -3 -1 -1 -3 -2 -3    5   2   6   1   4  11   1  46   0   2   3   4   0   7   1   2   3   0   0   1  0.53 0.26
  194 S    1 -2 -1  0  0  0 -1  1  0 -2 -3 -1 -1 -3  4  2  1 -3 -3 -2   10   1   2   6   2   5   1  10   3   2   1   2   1   0  23  21   8   0   0   3  0.39 0.22
  195 S    2 -2 -1 -1 -2  1  0  1 -2 -1 -2 -1 -2 -3 -2  3  1 -3 -3  0   20   1   1   2   0   9   5  12   0   4   1   3   0   0   1  26   8   0   0   7  0.27 0.21
  196 K    2 -2  1 -1 -2 -1 -1  0 -2  0 -1 -1 -1 -2  0  1  2 -3 -2  1   19   1   7   3   0   1   1   8   0   4   5   2   0   1   5  13  18   0   1  12  0.16 0.14
  197 T    1 -2  3  3 -2  0 -1 -1 -2 -1 -2 -1 -1 -3 -2  0  3 -3 -2 -1   12   1  16  16   0   3   1   3   0   3   2   3   1   1   1   2  26   0   1   5  0.30 0.19
  198 A    3 -2  0 -1 -2  0 -1  1 -2 -1 -2 -1 -2 -2  2  1 -1 -3 -2  0   32   1   4   3   0   3   2  13   0   2   1   3   0   1   9  11   3   0   0  10  0.25 0.17
  199 V    0 -2 -1  1 -2 -2 -1  0 -2  1  1 -1 -1 -1 -2  0  1 -3 -2  3    6   1   2   9   0   1   2   7   0   7  11   4   0   2   1   5  13   0   1  27  0.12 0.13
  200 N    0  0  2 -1 -2  1  0  0 -1 -1 -2 -1 -1 -2  3  0  1 -3  0  0    9   6  11   2   0   7   3   6   0   3   1   1   2   2  17   6  12   0   3   9  0.19 0.12
  201 T    1 -3 -3 -3  2 -3 -3 -3 -1  2  2 -3  0  0  1 -2  0 -3 -1  3   11   0   0   1   5   0   1   1   2  12  28   1   0   2   6   1   4   0   2  23  0.28 0.18
  202 G   -3 -5 -3 -4 -5 -5 -5  7 -5 -6 -6 -4 -5 -2 -5 -3 -4 -5 -5 -6    0   0   0   0   0   0   0  97   0   0   0   0   0   2   0   0   0   0   0   0  2.21 0.72
  203 R   -3  2 -1  5 -5  1  4 -3  0 -3 -2  1 -3 -4 -3 -2 -1 -5 -2 -4    0  12   1  35   0   6  26   0   2   2   4   6   0   0   0   0   4   0   1   0  0.70 0.36
  204 L   -3 -5 -5 -6 -3 -4 -5 -6 -5  4  5 -5  0 -2 -5 -4 -3 -4 -3  3    0   0   0   0   0   0   0   0   0  24  56   0   0   0   0   0   0   0   0  20  1.04 0.45
  205 Y   -4  0 -4 -3 -5 -2 -4 -5  2 -2 -1 -3  1  6 -5 -3 -4  6  5 -3    0   6   0   1   0   1   0   0   6   2   3   1   5  35   0   2   0  14  25   0  1.15 0.47
  206 A    1 -4 -4 -3  3 -4 -4 -4 -4  3  0 -4  3  2 -4 -3 -2 -4 -2  4   15   0   0   1   7   0   0   0   0  22   7   0   8   8   0   0   0   0   0  32  0.54 0.31
  207 S   -1  2  0  0 -4  2  3 -3  2 -1 -3  1 -2 -4 -3  1  2 -4 -3 -1    2  10   2   4   0  12  22   0   7   3   0   7   0   0   0  12  15   0   0   4  0.35 0.25
  208 Y   -3 -5 -4 -6 -2 -5 -5 -6 -2 -4 -3 -5 -4  1 -3 -3 -4 -1  9 -1    2   0   1   0   1   0   0   0   0   0   1   0   0   4   1   2   0   0  84   4  2.30 0.81
  209 T   -2  0 -2  1  0 -1  2 -2 -1 -3 -3 -1 -3 -4 -3  2  4 -4 -3  0    1   6   0   7   2   1  18   1   2   0   1   2   0   0   0  14  37   0   0   9  0.47 0.34
  210 I   -2 -5 -5 -5  1 -5 -5 -6 -5  5  0 -5  1 -3 -5 -4 -3 -5 -3  5    2   0   0   0   2   0   0   0   0  45   5   0   3   0   0   0   0   0   0  43  1.13 0.48
  211 R   -3  0 -2  1 -1  2  5 -4 -3 -3 -2 -2 -1 -4 -3 -2  2 -5 -4  2    0   5   0   7   1   8  44   0   0   0   2   0   2   0   0   0  16   0   0  16  0.65 0.39
  212 L   -4 -5 -6 -6 -4 -4 -5 -6 -4 -1  5 -5  3  5 -5 -5 -4 -3 -1 -2    0   0   0   0   0   0   0   0   0   0  67   0   8  24   0   0   0   0   1   0  1.24 0.52
  213 I   -2  2 -3 -3 -3 -1 -2 -4  0  3  0  1  0  2 -3  1 -1 -3  2  0    0  13   0   0   0   1   0   0   2  27   6  10   2   9   0  15   2   0   9   2  0.27 0.24
  214 E   -2 -2  2  3 -3  1  5 -1 -2 -2 -4  2 -3 -1 -3 -2 -3 -4 -3 -3    1   0   8  20   1   5  41   5   0   3   0  11   0   4   0   0   0   0   0   1  0.65 0.34
  215 P    0 -1 -5 -4 -5 -4 -4 -5 -5 -5 -6 -4 -5 -6  8 -2 -2 -6 -6 -5    8   5   0   0   0   0   0   0   0   0   0   0   0   0  83   2   2   0   0   0  2.36 0.71
  216 I   -2 -3 -3 -3 -3  4 -2 -4 -3  4 -1 -2 -1 -3 -4 -1  3 -4 -3  2    0   0   0   0   0  29   0   0   0  29   4   0   0   0   0   2  19   0   0  16  0.63 0.37
  217 A    2 -3  1  1 -3  0 -2 -1 -3 -4 -4 -2 -3 -4  6  1 -1 -5 -4 -2   20   0   9   9   0   3   0   4   0   0   0   1   0   0  41   8   2   0   0   3  0.83 0.31
  218 A    2 -3 -2 -3 -3 -2 -2 -1 -1 -2 -2 -2 -2 -4  5  2  1 -4 -3 -1   18   0   0   0   0   0   0   2   2   1   4   0   0   0  33  22  11   0   0   5  0.67 0.28
  219 A    4 -1 -2 -2 -2 -2 -1 -1 -3 -3 -1 -2 -2 -3 -2  3  3 -4 -3 -2   42   2   0   0   0   0   2   2   0   0   5   0   0   0   0  25  21   0   0   0  0.53 0.29
  220 L    0 -3 -3 -4 -2 -3 -3 -4 -3  2  4 -3  3 -1 -2 -1  0 -3 -2  1    6   0   0   0   0   0   0   0   0   9  51   0   8   0   2   6   7   0   0  11  0.39 0.18
  221 N   -3 -2  7  0 -4  1 -2  1 -1 -5 -5 -2 -4 -5 -4 -1 -2 -5 -4 -5    0   0  85   0   0   7   0   8   0   0   0   0   0   0   0   0   0   0   0   0  1.44 0.39
  222 L   -1 -3 -4 -4 -2 -3 -3 -4 -4  2  3 -3  2 -1 -3 -3 -1 -3 -2  4    0   0   0   0   0   0   0   0   0   0  36   0   7   0   0   0   0   0   0  57  0.52 0.14
