    1 S    5 -4 -3 -4 -3 -3 -3  1 -4 -4 -4 -3 -4 -5 -4  1  4 -5 -4 -3   55   0   0   0   0   0   0   9   0   0   0   0   0   0   0   9  27   0   0   0  1.02 0.45
    2 R   -2  5 -3 -4 -6  3 -3  0 -4 -6 -5  4 -4 -6  3 -3 -3 -6 -5 -5    2  37   0   0   0  13   0   9   0   0   0  24   0   0  14   0   1   0   0   0  1.07 0.48
    3 L   -5 -5 -7 -6 -5 -6 -6 -7 -1  3  6 -6  3 -3 -7 -6 -4 -5 -3  0    0   0   0   0   0   0   0   0   2  13  72   0   5   0   0   0   1   0   1   6  1.45 0.59
    4 N   -3  1  2  4 -5  0 -2 -4  3 -5 -6 -3 -5 -6 -4  3  4 -6 -5 -4    1   6   9  24   0   4   1   1   6   0   0   0   0   0   0  21  26   0   0   1  0.82 0.47
    5 R   -3  8 -5 -5 -7  0 -4 -6 -5 -6 -4  2 -5 -7 -1 -4 -4 -7 -6 -4    2  74   0   0   0   3   0   0   0   0   2  11   0   0   4   1   1   0   0   1  1.93 0.77
    6 E    1  0 -2  4 -5  2  4 -1 -2 -5 -5 -1 -4 -6 -1 -1  0 -6 -5 -4   15   5   1  20   0   7  32   4   1   0   1   3   0   0   3   2   5   0   0   1  0.66 0.39
    7 S    1  4 -2  3 -4  2 -1 -2 -1 -3 -2  0 -3 -5 -4 -2  1 -5 -4 -2   13  28   1  16   0  11   3   2   1   1   4   3   0   0   0   2  11   0   0   3  0.51 0.34
    8 V   -3 -7 -7 -7 -5 -6 -7 -7 -7  5 -2 -6  0 -4 -6 -6 -2 -7 -4  6    2   0   0   0   0   0   0   0   0  31   2   0   2   0   0   0   2   0   0  61  1.70 0.68
    9 I    1 -6 -6 -6 -4 -5 -6 -5 -6  3  3 -5  0 -3 -6 -4 -2 -6 -5  5   12   0   0   0   0   0   0   0   0  13  28   0   1   0   0   0   2   0   0  43  1.03 0.49
   10 D    2  4 -2  4 -4  1  2 -2 -1 -5 -4 -2 -4 -6 -4 -1  0 -6 -5 -4   17  22   1  23   0   5  14   3   2   0   1   1   0   0   0   4   5   0   0   1  0.64 0.39
   11 A    5 -2 -4 -4 -2 -2  1  0 -2 -5 -5 -2 -3 -6 -5 -1  3 -6 -5 -2   53   2   0   0   1   1   9   6   1   0   0   2   0   0   0   3  20   0   0   2  0.96 0.53
   12 A    7 -6 -6 -7 -5 -6 -6  0 -6 -6 -6 -5 -6 -7 -6 -3 -3 -7 -7 -5   93   0   0   0   0   0   0   5   0   0   0   0   0   0   0   0   1   0   0   0  2.27 0.92
   13 L   -4 -3 -7 -7 -5 -6 -6 -7 -6  1  5 -6  1  0 -6 -5 -1 -1 -3  3    1   1   0   0   0   0   0   0   0   7  64   0   3   3   0   0   3   1   0  16  1.22 0.54
   14 E    3  3 -3  2 -5  0  3 -1 -2 -5 -4 -1 -4 -6 -4 -2  0 -6 -5 -3   25  19   0  14   0   3  22   4   1   0   1   3   0   0   0   1   5   0   0   1  0.63 0.39
   15 L   -5 -6 -7 -7 -5 -4 -6 -7 -4  3  6 -6  0 -2 -6 -6 -3 -6 -2  2    0   0   0   0   0   1   0   0   0  14  65   0   2   1   0   0   1   0   1  14  1.34 0.58
   16 L    2 -6 -7 -7 -5 -6 -6 -6 -7  0  6 -6 -1 -4 -6 -5 -4 -6 -5  1   16   0   0   0   0   0   0   0   0   5  68   0   1   0   0   0   0   0   0  10  1.35 0.61
   17 N   -3 -4  4  8 -8 -3  0 -3 -4 -8 -8 -4 -7 -8 -6 -4 -5 -9 -7 -7    2   1  17  73   0   1   4   1   0   0   0   1   0   0   0   0   0   0   0   0  2.13 0.83
   18 E    1  3 -1  2 -7  0  6 -4 -3 -7 -6 -2 -6 -7 -5 -2 -3 -7 -6 -5   11  17   2  10   0   3  50   1   0   0   0   1   0   0   0   2   1   0   0   0  1.16 0.58
   19 T   -1 -1 -2  1 -4 -1  2  0  2 -2 -3  0 -3 -2 -4 -1  0 -3  2  3    3   2   1   9   0   3  16   8   6   1   1   4   0   1   0   5   5   0   8  26  0.30 0.27
   20 G   -5 -7 -5 -6 -8 -7 -7  8 -7 -9 -9 -7 -8 -8 -7 -5 -7 -8 -8 -8    0   0   0   0   0   0   0 100   0   0   0   0   0   0   0   0   0   0   0   0  2.95 1.03
   21 I   -1 -5 -7 -6 -5 -5 -5 -6 -5  3  5 -6  2 -2 -5 -4 -3 -5 -4  1    5   0   0   0   0   0   0   0   0  16  59   0   5   1   1   1   1   0   0  10  1.13 0.52
   22 D    2 -4 -1  6 -7 -2  4 -1 -3 -7 -7 -2 -6 -7 -1 -3 -4 -7 -6 -6   16   0   2  46   0   1  23   5   0   0   0   1   0   0   4   1   1   0   0   0  1.23 0.59
   23 G    4 -2 -3  2 -5 -3 -2  5 -4 -6 -6  0 -4 -6 -5 -1 -3 -6 -6 -4   32   2   1  12   0   1   2  39   0   0   0   5   0   0   0   5   1   0   0   1  0.97 0.50
   24 L   -5 -7 -8 -8 -5 -6 -7 -8 -7  0  6 -7  0 -1 -5 -7 -5 -6 -5  2    0   0   0   0   0   0   0   0   0   3  78   0   1   2   1   0   0   0   0  14  1.71 0.71
   25 T   -4 -5 -4 -5 -6 -5 -5 -6 -6 -6 -7 -5 -6 -7 -6  5  7 -7 -7 -5    0   0   0   0   0   0   0   0   0   0   0   0   0   0   0  40  59   0   0   0  2.03 0.91
   26 T   -4 -6 -5 -7 -6 -5 -7 -7 -7 -1  2 -6  9 -3 -7 -5  3 -6 -6 -1    1   0   1   0   0   0   0   0   0   2  17   0  56   1   0   0  18   0   0   4  2.01 0.85
   27 R   -7  9 -5 -7 -9 -3 -5 -7 -3 -9 -8 -3 -7 -8 -8 -6 -7 -8 -5 -8    0  98   0   0   0   0   0   0   1   0   0   0   0   0   0   0   0   0   0   0  3.18 1.16
   28 K    2  6 -2 -5 -6 -1 -4 -2 -4 -6 -3  4 -3 -6 -5 -2 -3 -7 -6 -4   18  47   1   0   0   2   0   3   0   0   3  21   1   0   0   3   1   0   0   1  1.20 0.59
   29 L   -5 -7 -8 -8 -5 -6 -7 -8 -7  3  6 -7 -2 -4 -7 -6 -4 -6 -5  2    0   0   0   0   0   0   0   0   0  16  70   0   0   0   0   0   1   0   0  13  1.63 0.68
   30 A    7 -6 -6 -6 -5 -6 -6  2 -6 -6 -6 -6 -6 -7 -6 -3 -3 -7 -7 -5   84   0   0   0   0   0   0  14   0   0   0   0   0   0   0   1   1   0   0   0  2.04 0.88
   31 Q    2  2 -2  2 -3  3  2  0 -3 -5 -4  1 -4 -6 -4 -1  1 -6 -5 -4   21  10   1  12   1  14  12   6   0   0   1   8   0   0   0   3  11   0   0   0  0.47 0.34
   32 K    2  5 -3 -1 -6 -1  4 -4  0 -6 -5  0 -3 -6 -4  0 -3 -6 -5 -4   20  31   0   3   0   2  30   0   2   0   1   3   1   0   1   5   1   0   0   1  0.95 0.53
   33 L   -6 -7 -6 -8 -4 -7 -8 -9 -8 -2  7 -7  0 -4 -8 -7 -5 -7 -6  0    0   0   0   0   0   0   0   0   0   1  91   0   2   0   0   0   0   0   0   5  2.12 0.86
   34 G   -3 -4  2  3 -7 -1 -2  6 -2 -8 -8 -2 -7 -8 -6 -3 -5 -7 -7 -7    1   1   8  16   0   3   3  64   1   0   0   2   0   0   0   1   0   0   0   0  1.56 0.69
   35 I   -2  0 -8 -8 -6 -7 -7 -8 -6  1 -3 -7 -4 -6 -7 -5 -3 -8 -6  7    3   5   0   0   0   0   0   0   0   6   1   0   0   0   0   0   1   0   0  83  2.08 0.87
   36 E   -3  3 -3  1 -7  6  3 -2 -1 -6 -6  2 -5 -7 -5  0 -2 -6 -5 -3    1  13   1   6   0  33  19   4   1   0   0  12   0   0   0   6   2   0   0   2  0.93 0.53
   37 Q    5 -5 -3 -5 -5  2 -4 -2 -1 -4 -3 -4  1 -6  4 -1 -2 -7 -6 -2   46   0   1   0   0  11   0   2   1   0   2   0   4   0  23   5   2   0   0   2  1.04 0.59
   38 P   -1 -6  1 -6 -6 -4 -6  2 -6 -6 -5 -5  7 -6  6  0 -3 -7 -7 -5    5   0   6   0   0   0   0  16   0   0   0   0  26   0  39   7   1   0   0   0  1.52 0.73
   39 T    5 -5 -5 -5 -5 -5 -5 -3 -6 -5 -6 -5 -4 -7 -5  4  3 -7 -6 -3   47   0   0   0   0   0   0   1   0   0   0   0   0   0   0  29  20   0   0   2  1.32 0.70
   40 L   -6 -7 -8 -9 -6 -7 -8 -9 -8  1  7 -7 -2 -4 -6 -7 -5 -7 -6  1    0   0   0   0   0   0   0   0   0   5  86   0   0   0   0   0   0   0   0   7  2.03 0.85
   41 Y   -8 -5 -8 -9 -8 -5 -8 -9 -4 -7 -3 -8 -3 -3 -9 -6 -8 -4 10 -6    0   1   0   0   0   1   0   0   0   0   3   0   1   0   0   1   0   0  94   0  3.65 1.35
   42 W   -5  2  0 -8 -8 -5 -5 -7  5 -8 -7 -2 -7 -4 -9 -6 -5 12  1 -8    1  11   5   0   0   0   1   0  13   0   0   2   0   0   0   0   1  59   5   0  3.04 1.14
   43 H   -8 -5 -6 -7 -9 -5 -6 -8 11 -9 -7 -7 -8 -5 -8 -6 -8 -8  3 -7    0   1   0   0   0   0   0   0  89   0   1   0   0   0   0   0   0   0   9   0  3.94 1.38
   44 V   -1 -7 -8 -8 -6 -7 -7 -8 -7  0 -2 -7 -2  7 -8 -6 -5 -5 -1  5    5   0   0   0   0   0   0   0   0   3   2   0   1  45   0   0   0   0   1  43  1.83 0.78
   45 K    3  3 -4 -2 -6 -2 -1 -3 -4 -6 -6  4 -5 -7  4 -1 -2 -7 -6 -5   24  16   0   2   0   1   3   1   0   0   0  25   0   0  21   4   2   0   0   0  0.92 0.53
   46 N   -5 -5  7  2 -5 -5 -5  0 -2 -7 -8 -4 -7 -8 -6  2  2 -8 -7 -7    0   0  55  11   0   0   0   6   1   0   0   1   0   0   0  15  10   0   0   0  1.63 0.78
   47 K   -6  0 -6 -6 -9 -4 -5 -7 -6 -8 -8  8 -2 -9 -7 -6 -6 -9 -7 -8    0   4   0   0   0   0   0   0   0   0   0  95   1   0   0   0   0   0   0   0  2.91 1.16
   48 R    2  2 -3  3 -6  6  2 -2 -2 -7 -6 -2 -5 -7 -4 -1 -2 -7 -6 -6   15  11   1  16   0  36  10   2   1   0   0   2   0   0   1   3   2   0   0   0  0.99 0.58
   49 A    4  0 -3  3 -6  0  4 -4 -4 -6 -5 -3 -4 -7 -5 -1  0 -7 -6 -3   37   6   0  15   0   4  26   1   0   0   1   0   0   0   0   3   6   0   0   1  0.89 0.54
   50 L   -6 -7 -8 -8 -6 -7 -8 -8 -8  1  7 -7  0 -4 -8 -7 -6 -6 -6 -1    0   0   0   0   0   0   0   0   0   5  89   0   1   0   0   0   0   0   0   4  2.09 0.86
   51 L   -5 -5 -8 -8 -6 -5 -5 -7 -6  1  7 -7 -1 -2 -7 -7 -5 -6 -6 -1    0   1   0   0   0   0   1   0   0   6  85   0   1   2   0   0   0   0   0   3  1.90 0.81
   52 D    1 -5 -2  7 -7 -5  1  0 -3 -7 -7 -5 -7 -8 -6 -3 -1 -8 -7 -4   11   0   2  63   0   0  10   8   0   0   0   0   0   0   0   1   4   0   0   1  1.61 0.74
   53 A    4 -4 -5 -3 -4 -2  3  3 -3 -5  0 -4 -3 -6 -5 -3 -4 -6 -6 -2   37   0   0   1   0   1  19  25   1   0  12   0   1   0   0   0   0   0   0   2  0.87 0.53
   54 L   -3 -7 -8 -8 -6 -6 -7 -8 -7  1  2 -7  9 -5 -7 -7 -5 -7 -6  3    2   0   0   0   0   0   0   0   0   6  18   0  53   0   0   0   0   0   0  20  2.09 0.88
   55 A    6 -6 -2 -4 -5 -4 -5 -2 -6 -1 -4 -5 -5 -5 -5  0 -2 -7 -4  3   63   0   2   1   0   0   0   2   0   3   1   0   0   0   0   6   2   0   1  18  1.26 0.67
   56 V   -2 -4 -3  6 -7 -3  4 -4 -3 -5 -5 -4 -6 -7 -6 -2  2 -8 -7 -3    3   1   1  45   0   1  27   1   1   0   1   0   0   0   0   3  15   0   0   2  1.33 0.67
   57 E    4  3 -4 -2 -3  0  3 -4  0 -2 -1 -2 -1 -4 -4 -2  0 -1 -3 -1   31  19   0   2   0   4  17   0   2   2   7   1   1   1   0   1   6   1   1   5  0.51 0.38
   58 I   -2 -6 -7 -7 -5 -6 -6 -7 -7  5  1 -6  6 -4 -6 -5 -4 -4 -5  4    4   0   0   0   0   0   0   0   0  32  12   0  20   0   0   0   0   0   0  31  1.39 0.63
   59 L   -4 -6 -6 -4 -2 -4 -6 -6 -5  0  4 -6  4  4 -6 -5 -4  0  2  2    1   0   0   1   1   0   0   0   0   4  41   0  11  18   0   1   1   1   5  15  0.99 0.49
   60 A    4  3 -2  0 -3 -1  0  2 -2 -4 -3 -2 -4 -5 -4 -1 -1 -5 -4 -2   37  17   1   5   0   3   7  13   1   0   3   1   0   0   0   4   4   0   0   2  0.54 0.37
   61 R    0  4 -2  1 -3  1  3  1 -2 -4 -3 -1 -3 -4  2 -1 -2 -4 -4 -4    6  23   1   9   0   6  20   9   1   1   2   3   0   1  10   3   2   0   0   1  0.47 0.29
   62 H    1 -1 -2 -3  1 -1 -1 -1  3  1  0 -2  4 -2 -2 -1 -1 -1 -1  2   16   3   2   1   3   2   4   5   7   8   8   1  11   1   2   3   3   1   1  20  0.21 0.17
   63 H    2  0 -1  1 -1 -1  0  0  4 -1  0 -2 -1 -1  0  0  0 -3 -1  0   22   7   2   7   1   2   6   5  10   2   8   1   1   3   5   5   4   0   1   8  0.13 0.14
   64 D    2  0 -2  3 -3 -1  2  0 -1 -2 -1 -2 -2 -2  1 -1  1 -4 -2 -1   17   4   1  16   0   2  15   7   2   2   7   1   0   1   6   3  10   0   1   4  0.21 0.19
   65 Y    1  0 -1  2 -3 -1  0  0  1  1  0 -1  0 -1  0 -1 -1 -3 -1  0   14   5   1  12   0   2   6   7   4  12  12   1   2   2   5   3   3   0   1   7  0.07 0.10
   66 S    1  1 -2  2 -4 -2  2  0 -1 -2 -2 -2 -2 -2  3  1  0 -3 -3 -1   11   7   1  11   0   1  13   8   1   2   4   1   1   2  17  10   6   0   0   3  0.28 0.22
   67 L    1  0 -3 -1 -2 -1 -1 -1 -2 -1  3 -2  0  0  2 -1 -1 -3 -3  1   12   7   1   3   1   2   4   4   1   2  30   1   2   3  12   3   3   0   0   9  0.22 0.19
   68 P   -1 -3 -4  1 -5 -3 -2 -1 -4 -3 -2 -4 -2 -4  7 -3 -1 -3 -4 -2    6   2   1   8   0   1   3   5   0   2   5   1   1   1  57   2   3   0   0   3  1.36 0.59
   69 A    2  1 -2  2 -3  0  1  0 -2 -2 -1 -1 -2 -2  3  1  0 -3 -3 -1   16   9   1  11   0   3  10   5   1   2   5   2   0   2  13   9   7   0   1   5  0.21 0.18
   70 A    2  0 -3  2 -4 -2  1 -1 -2 -3 -3 -2 -4 -4  5  0  1 -3 -3 -2   16   5   1  12   0   1  10   4   1   1   2   1   0   0  28   6   7   0   1   3  0.56 0.34
   71 G    1 -2 -1  3 -2 -1  0  4 -2 -4 -4 -2 -3 -4  0  0  0 -4 -4 -3   13   2   2  16   1   2   5  33   1   1   2   1   1   1   5   7   6   0   1   1  0.51 0.30
   72 E    2 -1 -2  3 -4  1  3  2 -2 -4 -2 -2 -2 -4  1 -1  0 -2 -4 -2   15   2   1  16   0   5  18  16   1   1   4   1   1   0   7   3   5   1   0   3  0.35 0.27
   73 S   -1 -2 -1  6 -4 -2  0 -1  0 -5 -5 -3 -5 -5  3  1  1 -6 -4 -4    5   2   2  41   0   2   5   6   2   0   1   1   0   0  13  10   8   0   0   1  0.83 0.45
   74 W   -5 -5 -8 -7 -7 -6 -5 -5 -7 -7 -5 -7 -7 -5 -3 -7 -6 13 -4 -6    1   1   0   0   0   0   1   1   0   0   1   0   0   0   2   0   0  89   0   1  4.56 1.48
   75 Q    0  5 -3  2 -4  4  0 -4 -1 -4 -4  1 -2 -6  0 -1 -2  0 -4 -3    8  34   0  11   0  17   5   1   1   1   1   6   1   0   5   3   3   1   0   2  0.73 0.44
   76 S    2 -1 -2  4 -5  0  4 -1 -2 -4 -4 -3 -3 -6 -1  0  1 -2 -5 -2   15   3   1  22   0   3  29   4   1   1   1   1   0   0   3   6   7   1   0   3  0.61 0.40
   77 F    2  4 -3 -1 -1  3 -1 -2 -2 -5 -3 -3 -1  2 -5 -2 -2  7 -2 -2   19  20   1   4   1  12   3   3   1   0   2   0   1   8   0   2   2  16   1   2  0.72 0.45
   78 L   -1 -4 -6 -7 -4 -5 -6 -6 -6  1  5 -6  4  1 -6 -5 -1 -3 -2  3    6   1   0   0   0   0   0   0   0   8  50   0   9   5   0   0   3   0   1  17  0.99 0.50
   79 R    2  6 -3 -4 -4 -2 -1 -3  0 -2  0 -1 -2 -3 -5 -1  1 -4 -3 -1   18  40   0   1   0   1   3   2   2   3  10   2   1   1   0   3   8   0   1   4  0.69 0.44
   80 N    3  2 -1  1 -5  0  4  0  0 -3 -3 -1 -4 -5 -4 -1  0 -6 -5 -2   22  12   2   8   0   4  25   7   2   1   2   3   0   0   0   3   6   0   0   3  0.44 0.33
   81 N   -1  3  2 -3 -2 -2 -2 -2 -2  1  2 -3  0  0 -4 -1 -1  2  2  1    6  18  13   1   1   1   1   2   1   7  19   0   1   4   0   4   3   3   7   8  0.26 0.24
   82 A    6 -4 -1 -6  4 -4 -5 -1 -3 -2 -1 -5  1 -4 -5 -1 -1 -7 -5 -3   62   1   3   0   8   1   0   4   1   2   5   0   4   1   0   4   4   0   0   1  1.13 0.62
   83 M   -1  6 -3 -3 -2 -1 -2 -1  5 -2 -1 -2 -2 -4 -6 -1 -2 -3 -2  0    6  42   1   1   1   2   3   6  16   2   6   1   1   1   0   4   3   0   1   6  0.87 0.50
   84 S    2  3 -2 -1 -4  0  0  1 -2 -5 -5 -3 -5 -5 -5  4 -1 -3 -5 -2   20  19   1   3   0   4   7  10   1   0   1   0   0   0   0  29   2   0   0   3  0.61 0.43
   85 F    1 -4 -5 -6 -3 -3 -6 -5 -3 -1  4 -5  3  5 -6 -4 -2 -1  2 -1   10   1   0   0   0   1   0   1   0   2  42   0   6  22   0   1   2   1   7   3  0.89 0.47
   86 R   -6  9 -6 -7 -9 -4 -6 -8 -1 -8 -5 -3 -5 -4 -8 -6 -7 -8 -4 -7    0  94   0   0   0   0   0   0   2   0   1   0   0   1   0   0   0   0   1   0  3.01 1.17
   87 R    3  5 -1  2 -3  1  0 -2  0 -5 -4 -1 -3 -6 -5 -1  0 -6 -5 -4   22  30   2  11   0   6   7   3   2   0   1   3   0   0   0   5   7   0   0   1  0.65 0.42
   88 A    5 -3 -5 -5 -1 -3 -1 -3 -1 -2 -1 -5  1 -5 -5 -2  2 -6 -5  1   53   1   0   0   1   1   4   1   2   1   6   0   3   0   0   2  12   0   0  11  0.88 0.53
   89 L   -1 -6 -7 -8 -6 -6 -7 -7 -7 -2  6 -7  5 -1 -7 -6 -5 -6 -1 -3    6   0   0   0   0   0   0   0   0   1  75   0  13   2   0   0   0   0   2   1  1.71 0.76
   90 L   -2  0 -5 -7 -4 -5 -6 -4 -3 -2  6 -3 -1 -4 -7 -3 -3 -6 -5 -3    4   5   0   0   0   0   0   1   1   1  79   2   1   0   0   2   1   0   0   1  1.52 0.71
   91 R    4  4 -4 -2 -3 -1 -3  0 -3 -5 -3 -3 -1 -6 -5  2 -1 -6 -5 -4   36  26   0   2   0   2   1   6   0   0   2   1   2   0   0  17   3   0   0   1  0.82 0.51
   92 Y   -6  1 -5 -7 -4 -3 -6 -7 10 -6 -7 -4 -6 -3 -7 -6 -5 -3  6 -2    0   8   0   0   0   1   0   0  59   0   0   1   0   0   0   0   1   0  25   3  2.64 1.03
   93 R   -5  8 -6 -7 -8 -4 -5 -7 -2 -8 -7 -3 -7 -8  5 -3 -1 -8 -7 -7    1  67   0   0   0   0   0   0   1   0   0   0   0   0  25   2   5   0   0   0  2.21 0.96
   94 D   -5 -2  0  8 -5 -3 -3 -5 -1 -8 -7 -5 -7 -7 -5 -5 -6  7 -6 -8    1   2   4  70   0   1   1   1   2   0   0   0   0   0   1   0   0  16   0   0  2.32 0.94
   95 G    3 -7 -5 -5 -6 -6 -6  6 -7 -3 -4 -6 -2 -7 -6 -2 -4 -7 -7 -1   21   0   0   0   0   0   0  66   0   2   1   0   1   0   0   2   1   0   0   5  1.65 0.74
   96 A    6 -6 -6 -6 -5 -5 -6 -1 -6  0 -2 -5 -2 -4 -1 -3 -3 -7 -5  1   70   0   0   0   0   0   0   5   0   5   4   0   1   1   3   1   1   0   0  10  1.38 0.71
   97 K   -1  6 -4 -3 -7 -1  2  0 -4 -5 -2  2 -4 -6  2 -2 -3 -7 -6 -4    4  41   0   1   0   2  13   8   0   0   4  12   0   0  10   2   1   0   0   1  0.90 0.51
   98 V   -4 -6 -7 -7 -5 -6 -7 -8 -7  2  5 -6  0 -3 -3 -6 -3 -6 -5  5    1   0   0   0   0   0   0   0   0  10  46   0   2   0   2   0   1   0   0  37  1.34 0.62
   99 H   -3 -5 -5 -5 -5 -4 -4 -6  5  0  2 -4  4  4 -4 -4 -3 -2  1  4    2   0   0   0   0   0   1   0  13   4  17   0   9  16   1   1   1   0   5  30  0.85 0.45
  100 L    5 -4 -4 -2 -5 -4 -2 -1 -5 -3 -1 -5 -2 -5 -4  4 -1 -7 -6  0   43   1   0   2   0   0   2   3   0   1   6   0   1   0   0  32   3   0   0   6  0.92 0.57
  101 G    1  2 -4 -5 -5 -4 -3  6 -3 -6 -5 -4 -2 -4 -5  1  0 -6 -5 -5   12  12   0   0   0   1   2  53   1   0   1   0   1   1   0  11   5   0   0   1  1.11 0.55
  102 T    0  1 -1 -5 -4 -3 -5 -4 -1 -5 -4 -4 -1 -4 -3  3  6 -7 -5 -2    9   8   2   0   0   1   0   1   2   0   1   0   2   1   1  18  51   0   0   2  1.10 0.63
  103 R   -1  5 -1 -3 -5 -1 -2 -3  3 -4 -1 -2 -2  2 -2 -1  0 -3  4 -3    6  33   2   1   0   3   2   2   7   1   6   0   1   9   2   4   5   0  14   2  0.62 0.40
  104 P    3 -3 -5 -4 -6 -3 -5 -5 -6 -4 -1 -5  0  1  6 -1  0 -7 -4  0   24   2   0   1   0   1   0   0   0   0   6   0   2   5  43   4   6   0   0   5  1.12 0.60
  105 D    1 -1 -2  0 -4 -3 -2  3 -4 -4 -2 -3 -2 -3 -1  2  4 -6 -3 -4   10   4   1   6   0   1   2  24   0   0   4   0   1   1   3  15  26   0   1   1  0.54 0.38
  106 E    0  1 -3  1 -6 -1  1  1 -2 -5 -2 -3 -3 -6  6 -1 -2 -6 -5 -4    7   7   1   9   0   2   9  11   1   0   5   1   0   0  39   3   3   0   0   1  0.85 0.48
  107 K    3  0  2  1 -3 -1  1  0  0 -3 -1 -1 -2 -4  0  0  1 -5 -4 -2   27   5  11   7   0   3   8   7   2   0   6   2   1   0   5   4   8   0   0   2  0.26 0.24
  108 Q    1 -2  0  0 -4  0 -1  0  2 -1 -1 -3  1 -3 -3  1  3 -2 -3  1   10   2   4   5   0   4   4   8   5   2   6   0   4   1   0   9  23   1   0  11  0.23 0.24
  109 Y    0 -3 -4 -5 -4 -3 -4 -3  1 -1  5 -4  1  1 -3 -2 -1 -1  1  0    8   1   1   0   0   1   1   2   3   2  51   0   3   6   1   2   5   1   5   6  0.65 0.39
  110 D    2  5 -3  2 -4 -1  1  0 -1 -5 -2 -1 -4 -6 -1 -2 -1 -3 -5 -4   20  33   1  10   0   2   8   8   1   0   4   2   0   0   3   2   3   0   0   1  0.59 0.40
  111 T    1  1 -2 -2 -4 -1 -2 -1  4  0  0 -2  0  1  2 -1  1 -2  1  0   13   7   1   2   0   2   2   5  13   5   7   1   3   7  11   3   8   1   5   7  0.20 0.20
  112 V    2 -2 -3 -4 -4 -1 -4 -2  4  1  1 -2  3  0 -2  0 -1 -2 -1  2   16   2   1   0   0   2   0   3  11   8  15   1  10   3   2   7   4   0   1  13  0.28 0.24
  113 E   -2 -1 -1  4 -8 -2  6 -4 -1 -6 -4 -4 -6 -7 -4 -3 -3 -8 -4 -5    3   4   3  25   0   1  55   1   1   0   2   0   0   0   1   1   2   0   0   1  1.42 0.71
  114 T    3  3 -1  0 -3  0 -1 -1  1 -3 -1 -2 -2 -4  0  0  1 -1 -3 -2   31  17   2   6   0   4   4   4   3   1   5   1   1   0   4   5   8   1   0   2  0.34 0.30
  115 Q    0 -1 -1 -3 -2  1 -2 -2 -1  1  2  0  2  0 -1 -2  0  1 -2  2    8   2   2   1   0   8   2   3   2   6  21   5   6   3   3   2   6   2   1  16  0.14 0.16
  116 L   -1 -5 -5 -7 -3 -4 -5 -5 -6  3  5 -6  3 -1 -5 -4 -1 -3 -3  2    6   0   0   0   0   1   0   1   0  15  49   0   6   2   0   1   4   0   1  13  0.92 0.47
  117 R    3  3 -2  0 -5  0  0  3 -2 -5 -5 -1 -4 -6 -4  0  0 -6 -5 -4   25  18   1   5   0   4   7  25   1   0   0   3   0   0   0   6   6   0   0   1  0.60 0.40
  118 F    3  0 -3 -2  3 -3 -4 -3 -2  0  1 -3  1  2 -2 -1  1 -2 -1  2   24   5   0   2   6   0   0   1   1   4  15   0   3   8   2   3  10   0   1  12  0.28 0.25
  119 M    0 -5 -7 -8 -2 -6 -7 -6 -7 -2  6 -7  3  2 -7 -5 -5  1 -2 -2    7   0   0   0   1   0   0   1   0   1  71   0   6   7   0   1   0   2   1   2  1.44 0.67
  120 T   -1  4 -4 -4  3 -2 -1 -4 -1  0  1 -2 -1 -3 -5 -3  2 -5 -3  3    6  26   0   1   6   2   4   1   2   4  12   1   1   1   0   0  16   0   1  19  0.51 0.37
  121 E    3  3 -2  3 -5  0  2  0 -1 -5 -5 -1 -5 -6 -4 -1 -1 -6 -5 -4   27  14   1  19   0   4  15   7   1   0   0   2   0   0   0   5   4   0   0   1  0.60 0.41
  122 N    6 -2 -3 -2 -2 -1 -2  2 -2 -5 -5 -4 -4 -6 -5  0 -3 -7 -5 -3   65   2   1   2   1   2   2  12   1   0   1   0   0   0   0   7   1   0   0   1  1.20 0.64
  123 G   -5 -5 -6 -5 -3 -6 -6  8 -5 -9 -9 -7 -8 -8 -6 -5 -6 -8 -8 -8    0   1   0   1   1   0   0  96   0   0   0   0   0   0   0   1   0   0   0   0  2.75 1.06
  124 F   -2 -4 -7 -6 -5 -7 -7 -6 -3 -2  2 -7  1  8 -5 -6 -5  0 -1  1    4   1   0   0   0   0   0   0   1   2  19   0   3  57   1   0   0   1   1   8  1.61 0.70
  125 S    0 -2 -2  2 -4 -3  0 -1 -3 -6 -6 -3 -3 -6  4  4  3 -7 -6 -5    7   2   1  11   0   0   5   5   0   0   0   1   1   0  21  27  19   0   0   0  0.79 0.50
  126 L    1  0 -3  1 -5 -2  1  0 -3 -2  2 -3 -2 -3  4 -2 -2 -5 -3  1   12   5   0   7   0   1  11   6   0   2  18   0   0   1  23   2   2   0   0   9  0.40 0.31
  127 R    2  3 -2  2 -4  0  2  0 -1 -4 -3 -1 -4 -4  1 -1 -1 -4 -3 -2   20  19   1  10   0   4  13   7   1   1   3   2   0   0   8   3   3   0   1   3  0.36 0.29
  128 D   -1  1 -1  4 -4  2  3 -2  1 -3  0 -2  1 -3 -4 -2  0 -5 -4 -2    5   8   2  24   0  10  16   4   3   1  11   1   4   1   0   1   7   0   0   2  0.41 0.32
  129 G    7 -5 -6 -5 -3 -6 -5 -3 -7 -4 -4 -6 -6 -7 -6 -2  0 -8 -7 -2   83   1   0   1   0   0   0   2   0   1   2   0   0   0   0   2   7   0   0   2  1.88 0.88
  130 L    3  0 -3 -1 -3  0  0  0  1 -1  1 -3  1 -3 -3 -1  0 -4 -3  2   30   5   0   4   0   5   5   6   3   2  15   0   3   1   1   3   4   0   0  14  0.27 0.26
  131 Y   -2  4 -2  0 -4  0 -2 -3  6 -3  0 -3  2 -3 -5 -2 -1  6  0 -2    4  23   1   6   0   3   2   2  19   2  10   0   4   1   0   2   3  12   3   3  0.74 0.44
  132 A    6 -4 -5 -6 -3 -5 -5  0 -6  1 -1 -5 -1 -4 -5 -1  1 -5 -6  1   57   1   0   0   0   0   0   6   0   7   5   0   2   0   0   3   9   0   0   9  1.00 0.57
  133 I    2 -4 -2 -5  0 -3 -4 -2 -3  0  2 -4  3  2 -4  0  0  3  2  1   20   0   2   0   2   0   0   3   0   5  18   0   8   7   0   6   7   4   9  11  0.35 0.28
  134 S   -1  2  0  0 -4 -1 -3 -3  1  0  0 -3  1  2 -2  1  0  5  2 -2    6  15   4   5   0   2   0   2   4   5   9   0   4   8   2  12   6   8   6   2  0.27 0.24
  135 A    4 -5 -3 -4 -2 -4 -5 -4 -4 -2  0 -5 -2 -4 -5  1  5 -6 -5  0   32   0   1   1   1   0   0   1   0   2  11   0   1   0   0  10  34   0   0   7  0.89 0.55
  136 V    0 -6 -6 -7 -2 -5 -6 -5 -6  3  4 -6  1 -2 -6 -4 -2 -6 -2  4    9   0   0   0   1   0   0   1   0  13  38   0   3   1   0   1   2   0   1  30  0.95 0.49
  137 S   -1 -3 -1  2 -4 -2 -2  1 -1  0  1 -3  0  2 -4  1  1 -3  3  1    3   1   2  11   0   1   2  11   1   3  14   0   2   8   0   9  10   0  10  10  0.19 0.20
  138 H    1  2  1 -3 -1 -2 -3  0  6 -5 -3 -4 -3 -3 -5  3 -1 -4  5 -4   12  10   5   1   2   1   1   6  18   0   2   0   0   1   0  19   3   0  18   1  0.70 0.45
  139 F   -7 -2 -7 -8 -8 -7 -8 -8  1 -6 -2 -7 -6  7 -8 -7 -7  0  8 -6    0   3   0   0   0   0   0   0   3   0   3   0   0  40   0   0   0   1  50   0  2.51 0.98
  140 T   -2 -6 -6 -7 -5 -6 -6 -7 -7  2  0 -6 -2 -5 -6 -5  5 -7 -6  6    3   0   0   0   0   0   0   0   0  11   8   0   1   0   0   0  30   0   0  47  1.37 0.67
  141 L   -4 -4 -2 -4 -5 -1 -5 -4 -1  2  3 -5  1  0 -6 -4  0 -3  3  3    0   0   2   1   0   3   0   2   1  11  33   0   3   3   0   1   5   0  12  23  0.69 0.40
  142 G   -4 -8 -6 -7 -8 -7 -7  8 -7 -9 -9 -7 -8 -8 -7 -5 -6 -8 -8 -8    1   0   0   0   0   0   0  97   0   0   0   0   0   0   0   1   0   0   0   0  2.87 1.07
  143 A   -2 -4 -4 -6  3 -2 -3 -6  6 -3 -1 -6 -2  7 -6  0 -2  1  2 -4    3   1   1   0   5   2   1   0  21   1   6   0   1  39   0   8   2   2   6   1  1.26 0.59
  144 V    2 -6 -6 -6  0 -6 -6 -5 -7 -1 -3 -6 -4 -6 -6 -2  4 -7 -6  6   15   0   0   0   2   0   0   0   0   2   2   0   0   0   0   2  25   0   0  52  1.34 0.67
  145 L   -1 -4 -5 -5 -4  2 -4 -4 -5  4  4 -5  2 -2 -5 -3  0 -1 -4  1    6   1   0   0   0   9   0   1   0  22  40   0   4   1   0   2   5   1   0   7  0.72 0.41
  146 E   -1 -2  0  2 -7  3  6 -5  1 -7 -6 -4 -5 -6 -5 -2 -2 -3 -5 -6    4   2   3   9   0  13  58   1   3   0   0   0   0   0   0   2   2   0   0   0  1.40 0.70
  147 Q   -4 -4 -5 -2 -8  3  8 -7 -4 -8 -4 -4 -7 -8 -5 -4 -5 -1 -5 -5    1   0   0   1   0  10  81   0   0   0   2   0   0   0   0   1   0   1   0   1  2.19 0.97
  148 Q    0 -2 -5 -4 -5  8 -3 -6 -5 -6 -1 -3 -3 -2 -3 -3 -3 -7 -4 -2    8   2   0   1   0  70   1   0   0   0   6   1   1   2   1   2   1   0   1   4  1.86 0.89
  149 E    4 -2 -2 -1 -5  2  2  0 -3 -5 -4 -3 -3 -5 -3  2  0 -6 -5 -4   37   2   2   3   0  10  14   7   0   0   1   0   0   0   1  16   6   0   0   1  0.65 0.45
  150 H    1  5 -3  0 -5  1  1 -3  3 -3 -2 -2  0 -3  0 -1 -1 -3 -3  0   15  30   1   6   0   5   9   1   6   1   4   0   2   1   6   4   3   0   1   6  0.45 0.34
  151 T    2  1 -3 -1 -3  0 -1 -1 -2 -1  2 -2  2 -2  2 -1  0 -3 -2 -1   18   7   0   4   0   3   3   4   1   3  24   1   5   1  10   4   7   0   1   3  0.20 0.21
  152 A    2 -1 -4  2 -5  4  0  0 -2 -3 -3 -3 -2 -1  4 -1 -3 -4 -3 -2   17   4   0  13   0  17   5   6   1   1   2   0   1   3  21   4   1   0   1   3  0.52 0.38
  153 A    3  1 -2  0 -4 -2  0  1 -2 -2 -1 -2  1 -2  1  0 -1  3 -1 -1   31   7   1   5   0   1   7   9   1   2   6   1   4   1   7   6   3   4   2   3  0.26 0.24
  154 N    1  0 -1  3 -4  0  2  1  1 -4 -2 -1  0 -2  2 -1  0 -2 -3 -2   13   4   2  20   0   3  13   9   3   0   3   2   2   2   9   4   5   0   1   2  0.28 0.23
  155 L    2  2 -2  2 -3 -1  1  0  0 -3 -2 -1  0 -2  0  0  0 -3  0 -2   18  14   1  11   0   2  11   7   2   0   4   2   2   2   5   7   5   0   3   2  0.21 0.20
  156 P    0 -2 -4 -1 -4 -3 -1 -2  3 -4 -1 -4 -2  4  3 -2 -2 -1  5 -3   10   2   0   4   0   1   5   3   7   0   6   1   1  18  15   2   2   1  21   2  0.63 0.39
  157 P   -2 -2 -4 -1 -7 -4 -1  2 -1 -6 -5 -5 -6 -3  7 -3 -4 -7 -1 -4    3   3   1   4   0   1   4  14   1   0   1   0   0   2  60   2   1   0   2   1  1.64 0.75
  158 L    1  0  0 -1 -3 -1 -1 -2  4 -1  2 -3 -1 -1  0 -1  0 -3  0  0   15   5   4   3   0   2   3   3  12   2  25   0   1   2   5   3   5   0   4   6  0.22 0.21
  159 L    1 -2 -4 -3 -3 -2 -2 -4 -3  0  4 -4  0 -2 -2 -2  0 -3 -2  1   10   3   1   2   1   1   4   1   1   4  49   0   2   1   2   2   6   0   1  10  0.57 0.35
  160 R    4  3 -3 -2 -3 -1 -1 -1  1 -3 -2 -2 -2 -5 -1  0  1  1 -4  0   32  18   1   2   0   3   4   3   4   0   4   1   1   0   3   7   8   2   0   7  0.42 0.33
  161 E    3  2 -3  1 -5  1  4 -1 -1 -3 -3 -1 -2 -3 -1 -1 -2 -5 -1 -2   26   9   1   7   0   6  24   5   1   1   2   2   1   1   3   4   2   0   3   2  0.44 0.33
  162 A    5 -3 -4 -1 -3 -3 -2  0 -1 -2  1 -4  1 -3 -2 -1 -1 -5 -4  1   44   1   0   4   0   1   3   7   2   2  13   0   4   1   2   4   3   0   0   9  0.52 0.37
  163 L    3  0 -3 -2 -3 -1 -2  1 -2  1  1 -3  1  0 -2 -1 -1  0 -1  1   26   5   0   3   0   2   2  10   1   7  15   1   4   4   1   4   3   2   2   8  0.19 0.19
  164 Q    2  2 -2  1 -5  0  2  1  0 -4 -3 -2 -2 -5  3  0  0 -4 -3 -4   18  10   1   8   0   4  11  11   2   0   2   1   1   0  16   7   5   0   1   1  0.39 0.30
  165 I    1 -1 -2  1 -3 -1  2 -1  3  0  0 -2 -1 -2 -1  0  1 -3 -1  1   14   3   1   8   0   2  16   3   8   6   8   1   1   1   3   5   8   0   2   9  0.15 0.17
  166 M    0  0 -4 -2 -4 -1  0 -1 -1  1  3 -3  2  0 -3 -2 -1 -1  0  1    8   7   0   2   0   2   6   6   2   7  32   1   5   4   1   2   2   1   4   8  0.22 0.20
  167 D    2  1 -2  1 -3 -2  0  0 -1 -1 -1 -2  0  2  2 -1  0 -2 -1  0   17   8   1  10   0   1   5   7   2   2   7   1   2  12   9   2   7   1   1   5  0.14 0.17
  168 S    1  0 -1  2 -4  0  0  2  2 -3 -3 -1 -3  0  0  1  0 -3 -3 -2   13   6   2  11   0   4   7  18   5   1   2   2   1   5   4  10   5   0   0   2  0.23 0.20
  169 D    0  0 -2  3 -1 -1  0  0 -1 -2 -2 -2 -2 -2  2 -1  1 -3  3 -1    9   5   1  16   1   2   7   7   1   2   4   1   1   1  11   4  11   0  11   4  0.23 0.21
  170 D   -1 -2  0  7 -6 -3 -1  1 -1 -4 -4 -5 -4 -4 -2  0 -1 -7 -5 -5    5   2   4  56   0   1   3  10   1   1   2   0   1   1   2   6   3   0   0   1  1.23 0.61
  171 G    0 -1 -3  0 -5 -2 -2  1  4 -3 -2 -4  0  4  3 -2 -1 -1  3 -3    9   3   0   5   0   1   2  12  10   1   3   0   2  19  16   3   4   1   9   2  0.49 0.33
  172 E    1 -2 -3  6 -6 -1  4 -1 -3 -5 -5 -4 -4 -7 -3 -2  1 -7 -6 -5   12   2   1  40   0   2  24   4   1   0   1   0   1   0   1   3   8   0   0   1  1.03 0.57
  173 Q    3  2 -2  2 -5  1  3  0  0 -5 -4 -2 -3 -2 -3  0 -1 -6 -5 -3   26  11   1  12   0   6  19   6   2   0   1   1   0   2   1   7   4   0   0   2  0.47 0.35
  174 A    2  5 -3  0 -2  0  3 -1  1 -4 -2 -2 -3 -5 -4 -2 -2 -5 -5 -4   15  31   1   5   1   3  22   5   4   1   4   0   1   0   0   3   3   0   0   1  0.67 0.45
  175 F   -8 -9 -9 -10 -9 -9 -9 -8 -7 -6 -2 -9 -5 10 -10 -9 -8 -5 -1 -7    0   0   0   0   0   0   0   0   0   0   4   0   0  94   0   0   0   0   1   0  3.51 1.28
  176 L    1  0 -2  3 -7 -2  6 -2  1 -4 -3 -3 -4 -6 -4 -3 -1 -7 -6 -4   12   4   1  17   0   1  47   3   3   1   3   0   0   0   1   1   4   0   0   1  1.01 0.59
  177 H    0  1 -4  0 -6 -1  0 -5  2 -2 -2 -5 -4  6 -5 -3 -1  0  3 -3    9   9   1   5   0   2   7   1   5   2   2   0   0  38   0   2   3   1  10   2  0.86 0.49
  178 G    0 -7 -5 -7 -2 -4 -5  7 -2 -9 -7 -7 -8 -7 -7 -4 -4 -8 -8 -7    9   0   0   0   1   1   1  85   1   0   1   0   0   0   0   1   1   0   0   0  2.29 0.96
  179 L   -6 -7 -8 -9 -6 -7 -8 -9 -8  0  7 -8 -1 -4 -8 -7 -5 -7 -6  1    0   0   0   0   0   0   0   0   0   4  84   0   1   0   0   0   0   0   0  10  2.01 0.86
  180 E    1  3 -1  5 -5  1  2  0 -2 -6 -6 -2 -5 -6 -5 -1  0 -5 -6 -5   13  14   3  30   0   5  15   7   1   0   0   1   0   0   0   5   5   0   0   0  0.70 0.44
  181 S    1 -1 -6 -6 -1 -3 -6 -6 -6  3  5 -5  1 -2 -5 -3 -2 -4 -2  1   12   4   0   0   1   1   0   0   0  13  50   0   3   1   0   2   2   0   2   8  0.84 0.46
  182 L   -4 -7 -7 -8 -5 -4 -7 -8 -6  5  4 -7  3  1 -7 -6 -4 -6 -5  3    1   0   0   0   0   1   0   0   0  33  38   0   5   5   0   0   0   0   0  16  1.29 0.59
  183 I   -4 -6 -8 -8 -5 -5 -7 -8 -7  4  5 -7  0 -3 -7 -6 -4 -6 -5  4    1   0   0   0   0   1   0   0   0  22  51   0   1   1   0   0   1   0   0  22  1.39 0.64
  184 R    3  0 -1  6 -4 -2  0 -2 -3 -5 -5 -3 -5 -6 -5  0  1 -7 -6 -4   25   6   2  39   0   1   5   3   1   0   1   1   0   0   0   7   8   0   0   1  0.89 0.52
  185 G    0 -5 -5 -7 -8 -5 -7  8 -7 -9 -9 -7 -8 -9 -6 -4 -5 -8 -8 -7    6   1   0   0   0   0   0  91   0   0   0   0   0   0   0   1   0   0   0   0  2.58 1.02
  186 F   -1 -5 -7 -7 -5 -6 -7 -7 -6  3  5 -6  2  2 -6 -5 -3 -5 -2  1    5   0   0   0   0   0   0   0   0  16  54   0   4   8   0   0   2   0   1   8  1.14 0.54
  187 E    3  4 -4  0 -6  0  4 -1 -1 -6 -5 -1 -4 -5 -5 -2 -2 -5 -5 -4   25  22   0   4   0   3  29   5   2   0   1   3   0   1   0   2   2   0   0   1  0.79 0.49
  188 V    5  3 -4 -4 -5  1 -2 -3  2 -4 -2 -3 -2 -5 -4  0  1 -6 -5  0   46  14   0   0   0   6   2   1   5   0   3   1   1   0   0   5   8   0   0   7  0.75 0.48
  189 Q   -1  6 -3 -3 -6  2 -1 -4  2 -5 -2 -1 -3 -6 -5 -1  2  1 -3 -3    6  46   1   1   0   8   4   1   5   0   5   3   0   0   0   4  12   2   1   1  0.88 0.50
  190 L   -3  2 -6 -6 -5 -5 -6 -4 -3  1  5 -5  0 -1 -3 -5 -3 -5 -1  1    2  13   0   0   0   0   0   1   1   6  61   0   2   2   1   0   1   0   2   8  1.01 0.51
  191 T    3  3 -3  1 -3 -2 -1  1 -2 -4 -3 -2 -3 -5  2  1  2 -5 -4 -3   25  15   0   8   0   1   3  11   1   0   2   1   0   0  11  10  12   0   0   0  0.43 0.30
  192 A    4 -4 -3 -2 -3 -2 -1  2 -4 -3 -4 -3 -3 -5 -2  2  2 -5 -4  0   41   0   0   1   0   1   3  18   0   1   0   0   0   0   1  14  11   0   0   8  0.63 0.35
  193 L    1  0 -2 -2 -2 -1 -2 -1 -1  0  1 -1  0 -2 -3  0  3 -4 -3  0   11   6   1   1   0   1   2   5   1   6  20   3   2   0   0   4  31   0   0   6  0.23 0.17
  194 L    0 -2 -3 -2 -2  0 -2  1 -3  1  2 -2  2 -2  0 -1  0 -3 -2  2    4   2   0   1   0   6   0  14   0   3  31   2   8   0   4   2   4   0   0  20  0.19 0.13
  195 Q   -3  6 -1 -1 -5  4  2 -4 -2 -5 -4  0 -3 -5  1 -2 -1 -4 -3 -4    0  53   2   2   0  23  10   0   0   0   0   0   0   0   6   0   4   0   0   0  0.94 0.29
  196 I    5 -2 -2 -3 -1 -2 -2 -1 -3  1  0 -2 -1 -2 -2  0 -1 -3 -2  0   80   0   0   0   0   0   0   0   0  12   8   0   0   0   0   0   0   0   0   0  0.46 0.10
  197 V   -1 -3 -3 -4 -1 -2 -3 -4 -3  2  2 -3  1 -1 -3 -2 -1 -3 -1  4    0   0   0   0   0   0   0   0   0   0  33   0   0   0   0   0   0   0   0  67  0.35 0.02
