    1 V   -3 -6 -6 -6 -4 -5 -5 -6 -6  2 -2 -5  1 -4 -5 -5 -3 -6 -4  7    0   0   0   0   0   0   0   0   0   8   0   0   2   0   0   0   0   0   0  90  1.74 0.59
    2 Q   -4 -2 -2 -4 -6  8 -1 -5  1 -6 -5  1 -3 -6 -5 -3  0 -5 -5 -5    0   0   1   0   0  80   2   0   3   0   1   8   0   0   0   0   5   0   0   0  1.91 0.70
    3 L   -5 -5 -7 -7 -3 -5 -6 -7 -6 -1  6 -6  0 -2 -6 -6 -4 -5 -4 -1    0   0   0   0   0   0   0   0   0   1  96   0   1   0   0   0   0   0   0   1  1.78 0.63
    4 Q   -2 -2 -3 -2 -4  4 -1 -5 -3  0 -1 -1 -1 -4 -4 -2  2 -5 -4  5    1   1   0   2   0  24   3   0   0   1   5   3   1   0   0   2  11   0   0  46  0.68 0.40
    5 Q   -4 -3 -3 -2 -7  7  6 -4 -3 -6 -6 -2 -4 -6 -4 -3 -4 -6 -5 -6    0   0   0   0   0  51  46   1   0   0   0   0   0   0   0   1   0   0   0   0  1.79 0.68
    6 S   -2 -4 -3 -4 -3 -3 -3 -4 -4 -6 -6 -2 -5 -5  2  7 -1 -6 -4 -5    0   0   0   0   0   0   0   0   0   0   0   1   0   0   9  86   2   0   0   0  1.69 0.70
    7 G   -1 -5 -3 -2 -6 -4  0  7 -5 -6 -7 -3 -6 -6 -2 -3 -4 -6 -6 -4    3   0   0   2   0   0   7  84   0   0   0   1   0   0   2   0   0   0   0   2  1.80 0.61
    8 A    3 -4 -3 -4 -4 -3 -3  4 -4 -5 -4 -3 -4 -5  5  1 -1 -5 -5 -4   27   0   0   0   0   0   0  32   0   0   1   0   0   0  25  11   2   0   0   0  0.94 0.41
    9 E   -1 -2 -2  0 -5 -1  5  4 -3 -4 -4 -2 -4 -5 -4 -2 -3 -5 -5  0    3   2   1   4   0   1  43  35   0   0   1   1   0   0   0   2   1   0   0   8  0.88 0.43
   10 L   -3 -5 -6 -5 -4 -5 -4 -6 -5  1  5 -4  0 -2 -5 -3 -2 -5 -4  4    0   0   0   0   0   0   0   0   0   6  61   0   1   0   0   2   2   0   0  28  1.04 0.44
   11 V   -1  0 -4 -5 -4 -2 -3 -4 -5  0 -1  3 -1 -3 -5 -3 -2 -5 -4  6    4   6   0   0   0   1   1   1   0   1   2  20   1   0   0   0   1   0   0  61  0.92 0.46
   12 K   -2  3 -1 -3 -6  5 -1 -4 -3 -5 -4  6 -3 -6 -3 -3 -1 -5 -4 -5    3  14   3   0   0  24   1   0   0   0   1  51   1   0   1   0   3   0   0   0  1.16 0.51
   13 P   -3 -5 -6 -5 -7 -5 -5 -6 -6 -6 -5 -5 -6 -7  9 -3 -4 -8 -7 -4    1   0   0   0   0   0   0   0   0   0   1   0   0   0  94   1   1   0   0   1  2.97 0.88
   14 G   -2 -5 -3 -4 -5 -5 -4  7 -5 -7 -6 -4 -6 -6 -4  1 -3 -4 -6 -6    2   0   0   0   0   0   1  83   0   0   1   0   0   0   0  11   1   0   0   0  1.84 0.62
   15 A    3 -1 -2 -1 -4  2  2  3 -3 -4 -4 -1 -3 -4 -3  0  0 -5 -4 -3   27   3   1   2   0  10  16  27   0   0   0   1   0   0   0   6   5   0   0   1  0.51 0.30
   16 S   -2 -4 -3 -4 -4 -3 -3 -4 -4 -5 -5 -3 -5 -5 -1  7  3 -6 -5 -4    0   0   0   0   0   0   0   0   0   0   1   1   0   0   3  79  15   0   0   1  1.55 0.67
   17 V   -2 -4 -5 -6 -4 -5 -5 -6  2  0  4 -5  0 -2 -5 -5 -3 -5 -3  5    2   0   0   0   0   0   0   0   5   1  49   0   1   1   0   0   0   0   0  41  1.05 0.46
   18 K   -3  5 -2 -4 -5 -1 -2 -4 -3 -5 -4  6 -2 -6 -4  1  0 -6 -4 -5    0  31   0   0   0   1   1   0   0   0   1  48   1   0   0  11   6   0   0   0  1.16 0.50
   19 L   -4 -5 -6 -6 -4 -5 -5 -6 -5  3  5 -5  2 -2 -5 -5 -3 -5 -4  2    0   0   0   0   0   0   0   0   0  19  61   0   5   0   0   0   0   0   0  15  1.12 0.45
   20 S   -1 -3 -3 -4 -4 -3 -3 -4 -3 -4 -5 -3 -4 -5 -3  6  3 -6 -5 -3    2   1   0   0   0   0   1   0   1   0   0   0   0   0   0  74  20   0   0   1  1.44 0.64
   21 C   -5 -8 -7 -8 12 -7 -8 -7 -7 -5 -6 -8 -6 -5 -7 -5 -5 -7 -7 -5    0   0   0   0  99   0   0   0   0   0   0   0   0   1   0   0   0   0   0   0  4.12 1.08
   22 K    2  0 -2 -3 -4  0 -1 -2 -3 -3 -3  5 -3 -5 -3  0  2 -5 -4 -1   22   2   0   0   0   3   2   2   0   0   1  43   0   0   0   4  15   0   0   5  0.67 0.39
   23 A    5 -4 -4 -4 -3 -4 -4  0 -4 -2 -3 -4 -3 -2 -3 -1  0 -5 -3  3   59   0   0   0   0   0   0   6   0   1   1   0   0   1   1   1   7   0   1  22  0.87 0.45
   24 S   -2 -4 -3 -3 -4 -3 -4 -4 -4 -6 -6 -4 -5 -4 -3  7  0 -6 -5 -5    1   0   0   1   0   0   0   0   0   0   0   0   0   1   1  92   3   0   0   0  1.90 0.76
   25 G   -3 -4 -3 -3 -6 -4 -4  7 -5 -7 -7 -4 -6 -6 -5 -4 -5 -2 -6 -5    1   1   1   2   0   0   1  93   0   0   0   1   0   0   0   0   0   1   0   1  2.17 0.69
   26 Y   -2 -5 -2 -3 -5 -5 -5 -2 -2 -3 -3 -5 -4  7 -6 -3 -5 -2  7 -3    3   0   2   2   0   0   0   3   0   1   1   0   0  42   0   1   0   0  42   1  1.65 0.60
   27 T   -2 -2  1 -2 -4 -3 -3 -4 -4 -2 -3 -2 -2 -5 -2  3  6 -6 -5 -2    2   1   5   2   0   0   0   0   0   2   1   1   1   0   1  26  55   0   0   1  1.07 0.52
   28 F   -5 -6 -5 -5 -5 -6 -6 -6 -5  2  1 -6 -1  8 -7 -4 -5 -3 -1 -1    0   0   0   1   0   0   0   0   0  11  13   0   1  69   0   1   0   0   0   3  1.77 0.62
   29 T   -2 -2  1 -2 -4 -3 -3 -1 -3 -3 -5 -1 -4 -5 -3  5  5 -6 -3 -3    1   2   5   2   0   0   0   3   0   2   0   3   0   0   1  40  42   0   0   0  1.00 0.51
   30 S   -2 -1  2  4 -3 -2 -1  0 -2 -4 -5 -2 -4 -4 -3  5  1 -6 -3 -4    2   2  11  23   0   0   1   5   0   1   0   1   0   0   0  45   6   0   1   0  0.81 0.43
   31 Y   -4 -4  0 -5 -4 -4 -5 -4  3 -5 -5 -3 -5  1 -5 -1 -3 -2  9 -4    1   0   4   0   0   0   0   1   6   0   0   2   0   4   1   5   1   0  74   1  2.06 0.73
   32 W    1 -3 -1 -1 -1 -4 -3  1  0 -3 -3 -4 -4  0 -3  0 -2  8  5 -3   15   1   3   3   1   0   1  12   2   1   1   0   0   3   1   6   2  23  21   1  0.86 0.39
   33 M   -4 -5 -5 -6 -5 -4 -6 -5 -5  3  0 -5  9 -2 -6 -5 -1  4 -4  1    0   0   0   0   0   0   0   0   0  19   3   0  58   1   0   0   4   6   0   8  1.75 0.67
   34 Q   -2 -3  4  0 -3 -1 -2  0  8 -3 -4 -3 -4 -3 -4  2 -1 -2  1 -4    3   0  19   4   1   3   1   6  36   2   1   0   0   1   0  16   3   1   3   1  0.92 0.44
   35 W   -7 -6 -9 -9 -5 -7 -8 -7 -7 -7 -6 -8 -6 -2 -9 -6 -7 13 -1 -8    0   0   0   0   0   0   0   0   0   0   0   0   0   1   0   0   0  97   1   0  4.85 1.25
   36 V   -2 -6 -5 -6 -4 -5 -6 -6 -6  4 -1 -5 -1 -2 -6 -5 -3 -3 -2  7    2   0   0   0   0   0   0   0   0  20   2   0   1   1   0   0   0   0   1  72  1.50 0.59
   37 K   -5  7 -3 -5 -4  0 -3 -5 -1 -6 -5  4 -4 -6 -5 -4 -4 -1 -5 -5    0  72   0   0   0   3   0   0   1   0   0  21   0   0   0   0   0   1   0   0  1.87 0.69
   38 Q   -5 -2 -4 -4 -7  9 -2 -6 -3 -7 -5 -2 -4 -7 -5 -4 -5 -6 -6 -6    0   1   0   0   0  95   1   0   0   0   1   1   0   0   0   0   0   0   0   0  2.72 0.97
   39 R    5  2 -3 -4 -3 -2 -3 -3 -3 -3 -4 -1 -1 -1  2  1  0 -5 -3 -1   49  13   1   0   0   1   0   0   0   0   0   3   1   2  11   9   5   0   0   3  0.66 0.39
   40 P   -3 -4 -4 -4 -6 -4 -3 -6  2 -6 -6 -5 -6 -7  8 -1 -3 -7 -6 -5    2   1   1   1   0   0   1   0   5   0   0   0   0   0  84   4   2   0   0   0  2.51 0.81
   41 G   -2 -5 -4 -4 -6 -4  0  7 -5 -6 -7 -4 -6 -7 -5 -3 -4 -5 -6 -5    2   0   0   0   0   0   6  89   0   0   0   0   0   0   0   1   0   0   0   1  2.04 0.69
   42 Q   -3  0 -1 -3 -6  5 -1 -4  0 -6 -6  6 -4 -6 -4 -2 -4 -6 -5 -5    1   3   2   0   0  28   2   1   2   0   0  60   0   0   0   1   0   0   0   0  1.48 0.62
   43 G   -1 -1 -3 -4 -5 -4 -4  7 -5 -6 -6 -3 -6 -6 -5  0 -2 -6 -6 -5    5   4   0   0   0   0   1  80   0   0   0   1   0   0   0   6   2   0   0   0  1.68 0.60
   44 L   -5 -4 -7 -7 -5 -5 -6 -7 -4 -1  6 -6 -1 -1 -1 -6 -5 -5 -4 -2    0   0   0   0   0   0   0   0   1   1  93   0   0   2   4   0   0   0   0   0  1.74 0.66
   45 E   -4 -4 -3 -1 -7  1  8 -5 -3 -6 -6 -1 -3 -7 -5 -4 -4 -7 -6 -2    0   0   0   1   0   4  88   0   0   0   0   2   1   0   0   0   0   0   0   3  2.03 0.77
   46 W   -7 -6 -8 -6 -3 -7 -7 -5 -7 -7 -3 -8 -6 -1 -8 -6 -7 13  0 -7    0   0   0   1   1   0   0   1   0   0   2   0   0   1   0   1   0  92   2   0  4.45 1.18
   47 I   -3 -5 -6 -6 -4 -5 -5 -6 -6  5  2 -5  6 -3 -5 -5 -3 -5 -4  4    0   0   0   0   0   0   0   0   0  35  14   0  20   0   0   0   0   0   0  31  1.17 0.48
   48 G    3 -4 -3 -4 -2 -4 -4  6 -5 -5 -4 -4 -5 -6 -4  1 -3 -5 -5 -2   24   0   0   0   1   0   0  61   0   0   1   0   0   0   0  10   1   0   0   2  1.29 0.51
   49 E    0  2 -1 -1 -2 -1  0  0  2 -1 -2 -2 -1  0 -3  0  0  6  3 -1    7  13   3   2   1   2   6   6   5   3   3   0   2   3   0   7   5  12  15   5  0.28 0.20
   50 I   -4 -5 -6 -6 -4 -5 -6 -6 -5  7 -1 -5  1  0 -5 -3 -2 -5 -4  1    0   0   0   0   0   0   0   0   0  79   2   0   3   3   0   2   2   0   0   7  1.66 0.60
   51 D   -2  0  4  2 -1 -2 -2 -2  2 -2 -3 -2 -3 -1 -3  2 -1  3  4 -3    1   4  23  13   1   1   1   2   4   3   1   1   0   1   0  19   3   5  15   0  0.49 0.31
   52 P   -1 -3  0 -1 -2 -2 -2 -1  0 -3 -3 -2 -3 -2  6  1  2  2  3 -3    3   1   3   4   1   1   1   4   2   1   1   2   0   1  38  10  14   2  11   1  0.76 0.34
   53 S    0 -1  2  2 -4 -2  0  3 -1 -3 -4 -2 -3 -2 -3  2  0 -3  2 -3    5   2  11  15   0   1   5  20   1   1   1   1   0   1   0  20   4   0  10   1  0.37 0.24
   54 D   -1 -3  3  3 -3 -2 -2  4 -2 -4 -4 -2 -4 -2 -3  2  0 -4 -1 -3    3   1  17  15   0   1   1  30   1   1   1   1   0   1   0  18   5   0   2   1  0.55 0.29
   55 S   -2 -1 -1  0 -3 -3 -3  6 -2 -5 -5 -3 -4 -5 -4  2 -2 -1 -3 -5    1   3   2   5   1   1   1  63   1   0   0   1   0   0   0  16   2   1   1   0  1.13 0.46
   56 Y   -1 -1  3  2 -3 -1  0  1  0 -2 -3 -1 -2 -2 -1  3  1 -3  1 -2    4   2  15  11   0   1   5   9   1   3   1   3   0   1   2  24  10   0   7   2  0.26 0.20
   57 T   -1 -3 -2 -4 -4 -2 -3 -4 -3  0 -3  1 -1 -5  0  0  6 -5 -4 -2    4   1   1   0   0   1   1   0   0   6   2   8   1   0   5   5  65   0   0   1  1.08 0.52
   58 N   -1  0  3  0 -4 -1 -1 -1  2 -2 -3  1 -2  0 -4  0  0  0  5 -2    4   4  17   4   0   1   2   4   4   2   0  10   0   3   0   8   6   1  27   2  0.42 0.28
   59 Y   -5 -5 -4 -6 -3 -4 -6 -7  1 -1 -3 -6 -5  1 -4 -4 -5 -2 10 -5    0   0   1   0   0   1   0   0   2   3   2   0   0   2   1   1   0   0  86   0  2.63 0.86
   60 N    4 -3  5 -2 -4 -3 -3 -2 -3 -3 -4 -2 -3 -5  0  1 -1 -6 -4 -2   44   0  30   1   0   0   0   1   0   1   0   1   0   0   5  10   3   0   0   3  0.83 0.44
   61 Q   -1 -2  0  4 -5  4  2 -3 -2 -5 -5 -2 -4 -6  4  0 -3 -6 -5 -4    4   1   3  26   0  25  13   2   1   0   0   0   0   0  19   5   1   0   0   1  0.85 0.42
   62 K    1  0 -1 -1 -4 -1 -2 -2 -3 -5 -5  4 -3 -4 -3  5 -1  0 -4 -4    9   4   2   3   0   1   1   2   0   0   0  30   0   1   0  44   2   2   0   0  0.78 0.44
   63 F   -3 -6 -6 -6 -4 -6 -6 -5 -5 -1  2 -6 -1  7 -6 -5 -4 -3 -1  4    2   0   0   0   0   0   0   0   0   0  15   0   1  46   0   0   0   0   0  35  1.34 0.54
   64 K   -4  1 -2 -3 -6  5 -1 -4 -4 -5 -6  7 -3 -6 -4 -1 -3 -2 -5 -5    0   4   1   0   0  24   1   0   0   1   0  63   0   0   0   3   1   1   0   0  1.48 0.62
   65 G   -2 -4  0  1 -4 -4 -4  6 -5 -6 -6 -4 -5 -6 -4  2 -3 -6 -6 -5    1   0   4   7   0   0   1  71   0   0   0   0   0   0   0  15   1   0   0   0  1.48 0.56
   66 K   -5  7 -4 -5 -7  0 -3 -5 -2 -6 -5  4 -4 -6 -5 -3 -4 -3 -5 -6    0  71   0   0   0   3   0   0   1   0   0  23   0   0   0   2   0   0   0   0  1.89 0.69
   67 A    2 -5 -3 -6 -3 -5 -5 -4 -4  0  0 -5 -2  7 -5 -3 -3 -3 -1  3   20   0   1   0   0   0   0   0   0   3   9   0   0  44   0   0   1   0   0  21  0.99 0.45
   68 T   -1 -3 -2 -4 -4 -4 -3 -5 -4 -2 -4 -3 -4 -5 -4  2  7 -6 -5 -2    3   1   1   0   0   0   1   0   0   2   0   1   0   0   0  12  76   0   0   2  1.55 0.66
   69 L   -3 -5 -4 -4 -3 -4 -5 -6 -5  6  2 -5  3  1 -5 -3 -3 -2 -3  0    1   0   1   1   0   0   0   0   0  56  21   0   7   6   0   2   1   1   0   3  1.08 0.45
   70 T   -2 -4 -2 -3 -4 -3 -4 -4 -3 -4 -5 -4 -4 -5 -4  5  5 -6 -5 -4    1   0   1   1   0   0   0   0   0   1   0   0   0   0   0  53  41   0   0   0  1.40 0.63
   71 V    1  6 -3 -4 -4 -2 -2 -3 -3 -3 -1  1 -2 -4 -3 -1 -1 -1 -4  2   13  47   0   0   0   0   1   1   0   1   4   8   1   0   1   5   3   1   0  15  0.74 0.39
   72 D   -4 -4 -2  8 -7 -4  0 -2 -5 -7 -7 -4 -7 -7 -5 -3 -2 -8 -7 -6    1   0   0  89   0   0   3   3   0   0   0   0   0   0   0   0   3   0   0   0  2.29 0.77
   73 S   -3 -3  6 -1 -5 -3 -3 -3 -3 -6 -6 -2 -5 -6 -4  4  3 -6 -5 -5    0   0  43   1   0   0   0   1   0   0   0   1   0   0   0  37  15   0   0   0  1.31 0.59
   74 T   -1 -4 -2 -3 -4  0 -3 -3 -5 -4 -4 -3 -2 -5 -3  3  7 -6 -5 -4    3   0   1   0   0   3   0   1   0   0   0   0   1   0   0  22  66   0   0   0  1.40 0.63
   75 A    4 -3 -4 -4 -3 -3 -4 -3 -4 -1  2  1 -1 -2 -4 -2 -2 -5 -4  3   41   0   0   0   0   0   0   1   0   1  23  10   1   1   0   1   1   0   0  20  0.60 0.37
   76 Y   -5 -5  0 -4 -5 -3 -5 -5  0 -5 -4 -5 -4  3 -6 -2 -1  0  9 -4    0   0   5   1   0   1   0   0   2   0   0   0   0   8   0   3   5   1  73   0  2.12 0.75
   77 M   -4 -5 -6 -7 -5 -5 -6 -7 -6 -1  5 -5  7 -2 -6 -5 -4 -5 -4 -2    0   0   0   0   0   0   0   0   0   1  66   0  30   1   0   0   0   0   0   1  1.64 0.63
   78 Q   -3  0 -2 -1 -6  7  4 -5  1 -6 -5  1 -4 -6 -4 -2 -1 -6 -5 -5    1   3   1   2   0  55  23   0   2   0   1   7   0   0   0   1   3   0   0   0  1.37 0.60
   79 L   -4 -4 -6 -6 -4 -4 -6 -3 -5  2  4 -5  8 -1 -6 -5 -4  1 -4 -1    0   0   0   0   0   0   0   2   0   9  43   0  39   2   0   0   0   2   0   3  1.35 0.55
   80 S   -2  0  5 -1 -4 -1 -3 -2 -1 -4 -5 -1 -4 -5 -4  4  2 -6 -4 -3    2   5  35   2   0   2   0   1   1   1   0   2   0   0   0  38  11   0   0   1  0.92 0.47
   81 S   -1  1  2 -2 -4 -3 -3  0 -1 -4 -6 -2 -5 -6 -4  6 -1 -6 -5 -5    2   6   9   1   0   0   0   5   1   1   0   1   0   0   0  71   2   0   0   0  1.24 0.59
   82 L   -4 -5 -6 -7 -4 -4 -6 -7 -6 -1  6 -5  3 -2 -2 -5 -3 -5 -4  2    0   0   0   0   0   0   0   0   0   0  80   0   5   0   2   0   1   0   0  11  1.39 0.56
   83 T   -3  5 -1 -2 -5  1 -1 -4 -3 -4 -5  3 -4 -5 -4 -1  4 -5 -4 -4    1  35   2   1   0   6   2   0   0   1   0  17   0   0   0   2  33   0   0   0  0.97 0.47
   84 S    3 -3 -1 -2 -3 -3 -3 -3 -3 -3 -4 -3 -3 -3  2  4  2 -5 -3 -1   28   0   3   1   0   0   1   0   0   1   0   0   0   1   9  36  14   0   0   5  0.67 0.40
   85 E    0 -2 -2  2 -6 -1  7 -1 -3 -6 -6 -2 -5 -6 -4 -2 -4 -6 -5 -4    6   1   1   9   0   1  72   5   0   0   0   1   0   0   0   2   0   0   0   1  1.42 0.60
   86 D   -5 -5 -2  8 -8 -4 -1 -5 -5 -7 -8 -4 -7 -7 -5 -4 -5 -8 -5 -7    0   0   1  97   0   0   1   0   0   0   0   0   0   0   0   0   0   0   0   0  2.71 0.87
   87 S   -3 -4 -3 -4 -4 -4 -3 -5 -5 -3 -4 -3  1 -4 -4  4  7 -6 -5 -4    0   0   0   0   0   0   1   0   0   1   0   0   3   0   0  27  66   0   0   0  1.51 0.67
   88 A    7 -5 -5 -5 -4 -4 -4 -1 -5 -5 -5 -4 -4 -6 -4 -2 -3 -6 -5 -3   93   0   0   0   0   0   0   4   0   0   0   0   0   0   0   0   1   0   0   0  1.84 0.72
   89 V   -3 -2 -4 -3 -4 -4 -4 -5 -4  2  0 -4  4 -2 -5 -3  2 -5 -3  5    1   2   0   1   0   0   0   0   0   8   5   1  11   1   0   0  15   0   0  54  0.92 0.44
   90 Y   -6 -6 -6 -7 -6 -5 -6 -7 -1 -5 -4 -6 -5  0 -7 -6 -6 -2 10 -5    0   0   0   0   0   0   0   0   1   0   1   0   0   1   0   0   0   0  96   0  3.24 0.99
   91 Y   -6 -5 -6 -7 -3 -6 -6 -7 -1 -5 -4 -6 -5  4 -7 -5 -6 -1 10 -5    0   0   0   0   1   0   0   0   1   0   0   0   0  13   0   0   0   0  84   0  2.81 0.89
   92 C   -5 -8 -7 -8 12 -7 -8 -7 -4 -6 -6 -7 -6 -7 -7 -5 -5 -4 -4 -5    0   0   0   0  98   0   0   0   1   0   0   0   0   0   0   0   0   0   1   0  4.10 1.09
   93 A    6 -4 -4 -5 -3 -2 -4 -2 -4 -2 -4 -3 -3 -5 -4 -1  1 -5 -3  0   74   0   0   0   0   2   0   2   0   1   0   1   0   0   0   1   9   0   1   8  1.20 0.55
   94 N   -3  7 -3 -4 -6 -1 -3 -3 -3 -5 -4  1 -4 -2 -4 -1 -1 -5 -3 -3    1  73   1   0   0   2   0   2   0   0   1   7   0   2   0   3   4   0   1   2  1.55 0.59
   95 L   -1 -1 -1  3 -3 -1  1  1  3 -1 -2 -2 -1 -1 -2  0 -1  3  3  0    3   3   2  20   0   1   7  13   9   2   4   1   1   1   1   6   2   4  12   7  0.24 0.18
   96 R   -1  2  0  1  1 -1 -1  2  0 -3 -2 -1 -2 -1 -1  0  1 -1  3 -2    5  15   3   9   4   1   2  15   1   0   2   2   1   1   2   8  12   0  14   2  0.21 0.18
   97 G   -1  0  1  1 -3 -1 -1  1  2 -2 -2 -1 -2  1 -1  0 -1  4  3  0    4   4   6  11   0   3   3  12   5   2   2   2   0   5   3   7   3   6  15   7  0.18 0.14
   98 Y    0  0 -1 -1  0 -2 -3  0  0 -3 -2 -2 -2  1 -2 -1 -2  4  6 -2    9   6   3   4   2   1   1   8   2   1   2   1   1   3   2   5   2   6  37   2  0.61 0.32
   99 F   -3 -3 -3 -4 -2 -2 -3 -1 -1 -2  0 -4  4  7 -4 -2 -4  0  1 -2    1   1   1   1   1   2   2   5   1   1   9   1  13  50   1   4   0   1   4   2  1.05 0.44
  100 D    0 -2  0  6  1 -2  0 -2  0 -3 -4 -2 -4 -4 -1 -1 -2 -4 -1 -3    9   2   2  55   3   2   5   3   2   1   2   1   0   1   3   3   2   0   3   2  0.93 0.42
  101 Y   -3 -4 -2 -3 -2 -3 -2 -4  2 -1 -1 -4 -2  2 -1 -2 -2 -1  8  1    2   1   2   2   1   1   2   1   5   3   5   1   0   6   3   3   2   0  50  11  1.07 0.46
  102 W   -5 -6 -6 -7 -5 -4 -6 -5 -6 -5 -5 -6 -5 -3 -1 -3 -5 13  0 -4    1   0   0   0   0   1   0   1   0   1   1   0   0   0   3   2   1  83   2   1  3.89 1.08
  103 G   -2 -2 -4 -4 -3 -4 -3  7 -5 -6 -6 -4 -4 -6 -5 -2 -3 -3 -6 -3    2   2   0   0   1   1   2  84   0   0   1   1   0   0   0   2   1   0   0   2  1.89 0.66
  104 Q   -1  0 -2 -2 -1  7 -1 -3  0 -5 -4  1 -3 -1  1 -1 -2 -2 -4 -4    4   3   1   1   1  55   1   1   2   0   1   9   0   3   8   5   2   0   0   1  1.11 0.54
  105 G   -2 -4 -3 -3 -4 -2 -4  7 -5 -5 -5 -2 -5 -5 -4 -2 -4 -6 -4 -3    2   1   1   1   0   2   1  81   0   1   1   2   0   0   1   2   1   0   1   2  1.77 0.64
  106 T   -2 -4 -2 -4 -2 -2 -4 -4 -2 -1 -3 -4 -4 -4 -2 -1  7 -4 -5  0    3   1   1   1   1   1   0   1   1   3   2   1   0   1   2   3  72   0   0   7  1.42 0.65
  107 T   -2 -2 -3 -3 -3  1 -1 -4 -2 -1  3 -2  4 -1 -1  1  3 -4 -3  0    2   2   1   1   0   6   3   1   1   1  28   2  12   2   3  11  20   0   0   6  0.35 0.28
  108 L   -3 -5 -5 -4  2 -3 -3 -3 -4  0  1 -4 -2 -3 -3 -2 -1 -6 -4  6    1   0   0   1   4   1   1   2   0   2  11   1   0   1   1   2   3   0   0  66  1.12 0.52
  109 T   -2 -3 -3 -4 -1 -2 -1 -3 -4 -2 -3 -3 -3 -3 -4 -1  7 -6 -4  0    2   2   0   0   1   2   5   2   0   1   2   1   0   1   1   2  70   0   0   6  1.38 0.65
  110 V   -3 -3 -5 -6 -3 -2 -3 -5 -4 -1 -1 -4 -3 -3 -3 -1 -2 -4 -3  7    2   2   0   0   0   2   2   1   0   1   4   1   0   1   1   4   1   0   1  77  1.46 0.63
  111 S   -2 -2 -3 -4  0  0 -3 -2 -3 -6 -4 -4 -5 -3 -3  6  2 -3 -4 -4    2   2   0   0   2   3   1   3   0   0   1   0   0   1   1  70  11   0   0   1  1.34 0.66
  112 S    1 -1 -3 -3 -5 -1 -2 -1 -3 -5 -2 -3 -5 -6 -2  6 -1 -3 -5 -3    9   3   0   1   0   3   2   4   0   0   4   1   0   0   2  67   2   0   0   1  1.14 0.60
  113 A    5 -3 -3 -1 -3  0  0  1 -3 -3 -3 -2 -3 -3 -2  0 -1 -5 -4  0   55   1   1   3   0   4   6   8   1   0   2   1   0   1   2   4   3   0   0   8  0.70 0.41
  114 K   -1 -2 -1 -1 -1  1  0 -1 -3 -4 -3  3 -4 -4  1  4  1 -5 -3 -2    3   1   1   3   1   6   5   5   0   1   2  17   0   0   6  36   7   0   1   4  0.46 0.33
  115 T   -1 -2 -2 -3  1  1 -1 -1 -1 -2 -2 -1 -3 -3  2  1  5 -5 -4 -2    4   2   1   1   3   6   3   5   1   2   5   3   0   1   8   8  45   0   0   2  0.63 0.39
  116 T   -1  0  0 -3 -2  0 -2  0 -1 -2 -3  4 -3 -5 -3  1  3 -5 -3  0    3   3   4   1   1   3   1   7   2   3   1  31   0   0   1   8  23   0   0   8  0.48 0.33
  117 P    2 -2 -2 -3 -5  2 -1  4 -1 -5 -5 -2 -5 -5  4  1 -3 -5 -4 -4   15   1   1   1   0  11   3  32   2   0   1   2   0   0  20  10   0   0   1   1  0.73 0.39
  118 P   -3 -3 -5 -3  2 -2 -4 -1 -3 -4 -2 -3 -3 -6  8  0 -3 -3 -6 -3    2   1   0   1   4   2   1   5   1   1   4   1   1   0  66   7   1   1   0   2  1.72 0.68
  119 S   -2 -1 -1 -2 -2  0  0 -1 -1 -4 -1 -2 -4 -4 -3  6  1 -6 -5 -2    1   3   2   1   1   4   5   4   2   1   6   2   0   1   1  55   9   0   0   2  0.79 0.47
  120 V   -1 -3 -3 -5 -4 -3 -3 -4 -4  1  0 -4 -1 -4 -4 -2 -3 -6 -3  6    4   2   1   1   0   1   2   2   0   5   9   1   1   0   1   3   1   0   1  66  1.13 0.52
  121 Y   -4 -4 -4 -3 -5  1 -4 -3 -3 -4 -2 -1 -3  7 -3 -1 -3 -1  6 -3    1   1   0   1   0   8   1   3   0   0   3   4   0  44   2   5   1   1  23   2  1.23 0.53
  122 P   -4 -5 -4 -5 -6 -2 -4 -2 -6 -4  0 -5 -5 -6  8 -3 -2 -2 -5 -2    1   0   1   1   0   2   1   4   0   1  11   0   0   0  69   2   2   1   0   3  1.89 0.73
  123 L   -3 -3 -4 -4 -3 -3 -4 -2 -3 -1  6 -4  0 -3 -3 -1 -2 -4 -4  1    1   2   1   1   1   1   1   3   1   1  68   1   2   0   2   5   2   0   0   8  1.01 0.46
  124 A    5 -2 -2 -3 -2  0  0  0 -4  0 -3 -2 -2 -4 -2  1  0  0 -4  0   47   2   1   1   1   3   6   6   0   5   2   2   1   0   2  10   5   1   0   5  0.51 0.32
  125 P   -3 -3 -4 -4 -3  1 -3 -4 -5 -4  0 -4 -3 -5  7  1 -1 -6 -5 -5    1   2   1   1   0   7   1   1   0   1   9   1   1   0  57  13   3   0   0   0  1.46 0.61
  126 G   -1 -3 -2  0  7 -1 -3  3 -4 -4 -4 -2 -3 -4 -3  4 -3 -5 -3 -1    4   1   1   5  21   3   1  23   0   1   1   3   0   0   1  28   1   0   1   4  0.79 0.40
  127 T   -2 -1 -2 -2  2  0  0  1 -3 -4 -3  1 -3 -4 -2  3  5 -4 -4 -2    1   2   1   2   5   3   7   9   0   0   3   9   0   0   2  19  34   0   0   2  0.54 0.35
  128 T   -1 -3 -2  0 -2 -2 -3 -3 -3 -4 -4 -3 -4 -5  4  5  3 -5 -4 -3    3   1   1   5   1   1   1   2   1   1   2   1   0   0  20  41  19   0   0   1  0.88 0.47
  129 G   -2 -4  2  0 -6 -4 -1  6 -3 -6 -6 -4  0 -6 -4  1 -1 -6 -5 -5    1   1   9   6   0   0   4  59   0   0   0   0   3   0   1  10   4   0   0   0  1.20 0.54
  130 S   -1 -3 -1  2 -5  0  0  4 -3 -6 -6 -2 -5 -3 -2  4 -2 -6 -5 -5    3   0   3   9   0   5   7  36   1   0   0   1   0   1   2  29   2   0   0   0  0.80 0.44
  131 S   -3 -2  1 -2 -2 -2 -3 -4 -1 -5 -4 -3  4 -4  1  4  5 -6 -5 -3    1   2   5   2   1   1   1   0   1   0   1   1   9   1   7  34  31   0   0   1  0.87 0.52
  132 V    3 -5 -5 -4 -1 -3 -4 -3 -1  1  2 -5 -2 -4 -4 -4 -3 -6 -4  5   22   0   0   1   1   1   0   2   2   4  19   0   0   0   1   0   1   0   0  45  0.86 0.47
  133 T    3  2 -4 -4 -2 -3 -3 -3 -3 -1 -4  2 -4 -5 -4  1  5 -3 -5 -1   27   9   0   0   0   1   1   1   0   3   0  11   0   0   0   8  33   0   0   4  0.72 0.46
  134 L   -4 -3 -7 -5 -5 -4 -6 -7 -3  2  6 -6  1 -3 -5 -5 -4 -5 -3  0    1   1   0   0   0   1   0   0   1  12  74   0   3   0   0   0   0   0   1   5  1.44 0.61
  135 G   -2 -5 -4 -5 -3 -4 -4  6 -5 -5 -4 -4 -5 -4 -5  3  1 -6 -4 -2    3   0   0   0   0   0   1  59   0   1   2   0   0   1   0  22   8   0   1   3  1.30 0.59
  136 C   -5 -6 -8 -9 12 -5 -9 -8 -8 -6 -7 -8 -7 -6 -6 -5 -6 -7 -3 -5    1   0   0   0  95   1   0   0   0   0   0   0   0   0   1   1   0   0   1   0  4.24 1.27
  137 L    0 -3 -5 -4 -4 -3 -3 -4 -5 -2  5  1  1 -2 -5 -3  0 -2 -3 -1    9   1   0   1   0   1   1   1   0   0  61  10   3   1   0   2   7   0   1   3  0.83 0.45
  138 V    4 -6 -6 -6 -4 -5 -4 -3 -2  0 -3 -5 -3 -3 -4 -2 -1 -6 -5  6   32   0   0   0   0   0   1   2   1   3   1   0   0   1   0   2   3   0   0  54  1.18 0.58
  139 K   -3  0 -3 -4 -6  1 -2 -3  1 -6 -6  6 -5 -6 -4  4  0 -6 -5 -4    0   4   0   0   0   5   2   1   3   0   0  45   0   0   1  32   6   0   0   1  1.13 0.59
  140 G   -4 -4 -2  5 -7 -5 -1  6 -5 -7 -7 -5 -7 -7 -6 -2 -5 -7 -7 -7    0   1   2  34   0   0   4  56   0   0   0   0   0   0   0   3   0   0   0   0  1.65 0.68
  141 Y   -5 -6 -5 -6 -6 -6 -6 -6 -1 -3 -4 -6 -5  7 -7 -3 -6  0  8 -5    1   0   0   0   0   0   0   1   1   1   1   0   0  40   0   2   0   1  50   0  2.28 0.83
  142 F   -4 -4 -1 -4 -5 -3 -4 -6 -2 -2  0 -5 -1  7 -5  1  3 -4  0 -2    0   1   3   1   0   1   0   0   1   1   9   0   1  46   0  10  22   0   2   2  1.11 0.54
  143 P   -4 -4 -6 -6 -6 -6 -6 -6 -6 -1 -1 -5 -5  5  7 -3 -5 -6 -3 -3    1   1   0   0   0   0   0   0   0   4   6   0   0  21  63   1   0   0   0   2  1.95 0.76
  144 E   -2  0 -1  1 -5 -2  5 -1 -4 -5 -5 -2 -1 -6 -4  3  2 -6 -4 -4    2   4   2   5   0   0  44   4   0   1   0   1   1   0   0  22  11   0   1   0  0.85 0.48
  145 S   -3 -5  0  1 -2 -1 -2 -3 -5 -6 -6 -3 -5 -6  6  4  0 -6 -6 -5    0   0   4   8   1   2   2   1   0   0   0   1   0   0  43  29   6   0   0   0  1.27 0.59
  146 V   -2 -4 -3 -4 -4 -3 -4 -3 -1  2  0 -4  1 -2 -5 -2 -1 -4  5  5    3   1   1   1   0   1   0   2   1   8   8   0   3   1   0   2   3   0  21  44  0.83 0.44
  147 T   -1 -1  1 -1 -3 -1 -2 -2 -2 -4 -4 -2 -4 -2 -4  1  6  5  2 -3    4   3   7   3   0   2   2   3   1   0   1   2   0   1   0   8  47   8   7   1  0.84 0.48
  148 V   -3 -5 -6 -6  1 -2 -5 -6 -5  1  0 -4  6  2 -6 -5 -4 -1  0  5    1   0   0   0   3   2   0   0   0   5   7   1  21   9   0   0   0   1   3  47  1.12 0.53
  149 T   -2 -3  0 -1 -4  0 -2 -2  2 -4 -4  0 -4 -3 -3  4  4 -5 -1 -3    2   0   4   2   0   4   1   3   5   0   1   5   0   1   1  39  29   0   2   1  0.77 0.47
  150 W   -8 -8 -9 -9 -8 -7 -8 -8 -8 -5 -6 -8 -7 -4 -9 -8 -8 13 -3 -5    0   0   0   0   0   0   0   0   0   1   1   0   0   0   0   0   0  97   0   1  5.05 1.45
  151 N   -4  0  7  1 -5 -2 -1 -3 -3 -1 -5  0 -2 -3 -4 -1 -1 -1 -3 -1    0   5  58   6   0   1   3   1   0   4   0   7   1   1   0   4   3   1   1   6  1.07 0.49
  152 S   -1  0  1  1 -4  0 -1 -1 -1 -4 -4 -1 -2 -1 -3  5 -1 -5 -1 -3    2   4   7   6   0   4   3   3   1   0   1   3   1   3   0  56   1   0   2   1  0.70 0.41
  153 G   -1 -2 -2 -2 -5  2 -3  6 -4 -5 -6 -1 -5 -5 -4 -1 -2 -5 -2 -5    3   2   1   2   0  11   1  66   0   1   0   4   0   0   0   5   2   0   1   0  1.21 0.49
  154 S    4 -2 -1 -2 -1 -2 -1  1 -3 -1 -3  1 -3 -3 -2  3 -1 -5 -4 -2   37   0   2   1   1   0   3   9   0   3   1   9   0   1   1  26   1   0   0   3  0.49 0.33
  155 L   -2 -2 -2  0 -3 -1 -2 -2 -4  1  4 -2 -1 -2  1 -1 -1 -4 -2  0    1   1   2   7   0   3   1   3   0   8  50   2   0   0   7   5   3   0   1   5  0.38 0.27
  156 S   -2 -4  0 -2 -4 -3 -3  1 -4  0 -1 -3 -2 -4 -2  4  5 -5 -4 -3    1   0   4   1   0   1   0  10   0   6   7   0   0   0   2  31  37   0   0   0  0.69 0.41
  157 S   -1 -2  0 -2 -4  1 -2 -1 -3 -3 -3  1 -3 -5 -3  5  3 -5 -4 -1    3   1   3   1   0   6   2   3   0   1   1   7   0   0   0  51  16   0   0   4  0.71 0.42
  158 S   -1 -3 -1  1 -1 -3 -4  6 -4 -5 -5 -3 -5 -5 -4  1  1 -5 -5 -4    2   1   3   7   1   1   0  63   0   0   0   1   0   0   1  12   8   0   0   1  1.14 0.46
  159 V    0 -5 -5 -5  0 -3 -3 -3 -5  2  1 -4 -2  1 -5 -2 -2 -4 -2  6    6   0   0   0   2   1   1   2   0  10  11   0   0   6   0   3   0   0   1  56  0.80 0.40
  160 H   -3  1  1 -3 -5 -1 -1 -3  8  0 -4  1 -1 -4 -4 -1 -2  2 -2 -1    1   8   6   0   0   1   4   1  46   5   1  10   1   0   0   5   2   3   0   5  1.05 0.47
  161 T   -2 -2  2 -2 -4  2 -3 -4 -1 -4 -4  0 -1 -1 -3  0  6  3 -4 -3    3   1  10   1   0   9   0   0   1   0   0   6   2   3   1   5  55   4   0   0  0.91 0.49
  162 F   -5 -5 -3 -6 -5 -4 -6 -6 -3 -2 -1 -4  0  8 -2 -5 -3 -2  5 -2    0   0   1   0   0   1   0   0   0   2   3   1   2  61   3   0   1   0  22   2  1.71 0.61
  163 P   -2 -3 -3 -5 -6 -5 -4 -3 -5 -4 -6 -3 -6 -6  8 -2 -3 -7 -1 -6    2   2   1   0   0   0   1   2   0   1   0   2   0   0  83   3   1   0   3   0  2.40 0.77
  164 A    5 -2 -3 -3 -3 -1 -1 -3 -4 -4 -4 -3 -4 -5  3  2  0 -5 -3 -1   56   2   1   1   0   2   2   0   0   0   0   0   0   0  13  16   4   0   1   3  0.85 0.45
  165 L   -2 -5 -4 -3 -3 -4 -3 -5 -5  2  0 -4 -1 -1 -3  0 -1 -5 -2  6    1   0   0   2   0   0   1   0   0   7   9   0   1   2   1   8   3   0   1  64  0.91 0.43
  166 L   -1 -1 -4 -4 -4  1 -2 -3 -1 -1  5 -1  1 -2 -3 -1 -1  0 -1 -2    5   4   0   0   0   9   2   1   2   0  59   3   3   0   1   5   4   1   2   0  0.56 0.34
  167 Q   -1  1 -1  0 -4  6  0 -2 -2 -4 -4  2 -3 -5 -2  1  0 -4 -4 -2    4   6   2   5   0  49   3   3   0   0   0   9   0   0   1   9   5   0   0   3  0.83 0.41
  168 S   -2 -3  1  1 -4 -2  0  2 -3 -5 -5 -1 -4 -5 -3  5 -1 -5 -4 -4    1   0   6   9   0   0   7  16   0   0   0   3   0   0   0  55   1   0   0   0  0.84 0.43
  169 G   -3 -2  1  3 -5 -4 -3  6 -4 -6 -5 -3 -1 -5 -4 -2 -3 -5 -5 -5    1   3   6  20   0   0   1  63   0   0   0   1   2   0   0   2   1   0   0   0  1.28 0.48
  170 L   -3  1 -4 -3 -4 -2 -2 -3 -4 -1  4  2  0 -1 -2 -2  1 -4 -3 -1    0   7   0   1   0   1   1   2   0   1  55  13   1   2   1   3   8   0   0   2  0.53 0.32
  171 Y   -5 -5 -5 -6 -4 -2 -5 -6 -1 -5 -4 -4 -4  3 -6 -4 -3  1  9 -3    0   0   0   0   0   2   0   0   1   0   1   1   0   8   0   1   1   1  82   2  2.45 0.78
  172 T   -1 -3 -2 -3 -3 -3 -3 -2 -4 -2 -2 -2  0 -4 -3  4  5 -5 -1 -1    2   0   0   0   0   0   0   2   0   2   3   2   3   0   0  34  46   0   2   3  0.90 0.46
  173 M    1 -3 -3 -4 -3 -3 -4  0 -4  0  4 -1  4 -2 -4 -2  0 -4  0 -1   12   0   1   0   0   0   0   8   0   4  48   4  11   0   0   2   5   0   3   0  0.48 0.30
  174 S   -2 -4  0 -3  0 -3 -2 -3 -4  0 -4 -3 -4 -3 -4  6  2 -5 -1 -1    0   0   4   0   2   0   1   0   0   5   1   0   0   1   0  70  10   0   2   3  1.09 0.54
  175 S   -2 -4 -2 -3 -4 -3 -3 -4 -4 -6 -6 -3 -5 -6 -3  7  0 -6 -5 -5    0   0   1   0   0   0   0   0   0   0   0   0   0   0   1  95   3   0   0   0  1.91 0.74
  176 S   -2 -3 -2 -3 -4  5 -2 -4 -1 -2 -1 -1  1 -2 -4  2  0 -5 -3  4    0   0   0   0   0  35   0   0   1   0   4   1   3   1   0  17   5   0   0  31  0.69 0.41
  177 V   -3 -5 -5 -4 -3 -4 -5 -6 -5  3  3 -5 -1 -3 -5 -4 -2 -5 -3  5    0   0   0   1   0   0   0   0   0  12  31   0   0   0   0   0   1   0   0  55  1.04 0.42
  178 T   -1 -1  0 -3 -4 -1 -1 -4 -4 -3 -1 -1 -3 -4 -4  1  6 -5 -1 -2    2   4   3   0   0   3   3   0   0   0   7   2   0   0   0   8  64   0   2   1  0.93 0.46
  179 V   -3 -5 -2 -5 -3 -4 -5 -5 -5  2  2 -4 -1 -1 -5 -2 -2 -5 -3  6    0   0   2   0   0   0   0   0   0   6  18   0   0   2   0   2   1   0   0  66  1.02 0.43
  180 P   -1 -2 -1 -1 -4  0 -3 -4 -4 -4 -3 -1 -4 -5  7  1  1 -5 -3 -3    3   2   2   4   0   4   0   0   0   0   2   3   0   0  55  12  10   0   1   2  1.24 0.43
  181 S    2  1 -2 -3 -3 -1 -2 -2 -3 -3 -2  2  0 -4 -3  5 -1 -5 -4 -3   19   6   0   0   0   2   0   0   0   1   3  11   3   0   0  53   1   0   0   1  0.71 0.39
  182 S    1 -1  0 -1 -3  1 -2 -2 -2 -4 -4 -1 -3 -4 -3  5  0 -4 -1 -1    9   3   4   3   0   5   1   0   0   0   1   2   0   0   0  60   4   0   2   5  0.74 0.39
  183 T   -2 -2 -1  4 -4  1  1 -3 -3 -4 -4 -1 -3 -5 -1  4  3 -5 -4 -2    1   1   1  25   0   5   9   0   0   0   1   2   0   0   3  32  19   0   0   2  0.62 0.33
  184 W   -4 -2 -5 -6  4 -2 -5 -2 -5 -2  3 -5 -2 -1 -5 -2 -4 10 -1 -1    0   2   0   0   9   2   0   4   0   1  29   0   0   1   0   4   0  41   1   5  1.49 0.50
  185 P   -2 -3  1  2 -4 -2  0  3 -3 -4 -3  1 -2 -5  5  0 -2 -5 -4 -4    0   0   6  12   0   0   4  26   0   0   3   9   1   0  29   8   2   0   0   0  0.69 0.29
  186 S    1 -1  0  1 -3  0  0 -3 -3 -3 -4  0 -3 -4 -3  3  4 -4 -4 -3   14   2   3   6   0   3   5   0   0   0   0   4   0   0   0  28  33   0   0   0  0.55 0.31
  187 Q   -1 -1  0  0 -5  5  3 -2 -1 -5 -4  3 -2 -5 -2  0 -2 -4 -4 -4    4   1   4   4   0  36  20   2   1   0   1  19   0   0   1   5   1   0   0   0  0.72 0.34
  188 T   -2 -2  0 -3 -3 -1 -2 -2 -3 -3 -4  0 -3 -4 -1  3  5 -4  1 -2    0   2   3   0   0   2   1   2   0   0   0   5   0   0   2  23  50   0   6   2  0.78 0.40
  189 V   -4 -3 -5 -6 -4 -2 -5 -6 -2  1  0 -4 -2  5 -5 -4 -3 -1  7  3    0   1   0   0   0   2   0   0   0   6   7   0   0  22   0   0   0   0  40  23  1.12 0.43
  190 T   -2 -2 -2 -3 -3  1 -2 -4 -1  3 -2  1 -1 -3 -3 -1  5 -4  2  1    1   1   1   0   0   6   2   0   2  22   0  10   0   0   0   1  41   0   7   7  0.53 0.32
  191 C   -4 -7 -6 -7 12 -7 -8 -6 -7 -5 -5 -7 -5 -6 -7 -5 -5 -6 -6 -4    0   0   0   0 100   0   0   0   0   0   0   0   0   0   0   0   0   0   0   0  3.92 0.92
  192 S   -2 -2  6 -1 -4  0  1 -3  2 -3 -3  2 -4 -5 -4  1 -2 -5 -4 -2    2   0  49   0   0   2  10   0   6   2   2  14   0   0   0  11   0   0   0   3  0.82 0.36
  193 V    2 -5 -5 -5 -3 -4 -5 -5 -5  1 -1 -4 -2 -3 -5 -3 -2 -5 -4  6   20   0   0   0   0   0   0   0   0   4   1   0   0   0   0   0   0   0   0  76  1.27 0.48
  194 A    2 -2  4  0 -3  2 -1 -1  1 -3 -4  1 -3 -4 -3  0  1 -4 -3 -1   20   0  29   3   0  13   2   4   4   0   0   9   0   0   0   2   9   0   0   4  0.43 0.25
  195 H   -5 -4  0 -1 -6 -3 -3 -4 10 -6 -6 -3 -5 -4 -5 -4 -5 -5  3 -6    0   0   4   3   0   0   0   1  84   0   0   1   0   0   0   0   0   0   8   0  2.69 0.71
  196 P    0  0  1  0 -4 -1 -2 -1 -3 -4 -3  4 -3 -4  5  0 -1 -5 -2 -4    6   2   9   4   0   1   0   5   0   0   2  28   0   0  32   5   2   0   2   0  0.68 0.27
  197 A    3 -3  0 -1 -2 -2 -2  1 -3 -3 -4 -1 -3 -4  5  1 -1 -4  0 -2   31   1   4   3   1   1   0   8   0   0   0   3   0   0  29  11   3   0   3   2  0.61 0.26
  198 S   -1 -2  1 -2 -3 -1 -2  2 -3 -4 -3  0 -3 -4 -3  5  2 -4 -4 -3    1   0   6   0   0   2   1  16   0   0   3   5   0   0   0  51  12   0   0   0  0.67 0.32
  199 S   -1 -2  6  0 -4 -1 -1 -1 -2 -2 -4 -1 -3 -4 -1  3  0 -5 -4 -4    3   1  44   3   0   1   1   3   0   2   0   2   0   0   2  30   6   0   0   0  0.80 0.33
  200 T   -2  1 -2 -2 -3 -1 -2 -3 -3 -2 -3  1 -3 -2 -1  0  6 -4 -4 -1    1   9   0   1   0   2   0   1   0   1   1  10   0   2   2   4  62   0   0   3  0.83 0.37
  201 T   -2  0  0  0 -5 -1  1 -3 -1 -4 -4  6 -1 -5  0  0  1 -5 -4 -4    1   0   4   6   0   0   7   0   1   0   0  61   1   0   4   5   8   0   0   0  0.85 0.35
  202 V   -2 -4 -5 -5 -3 -1 -4 -5 -5  1  1 -3 -1 -2 -5 -3 -1 -5 -1  6    2   0   0   0   0   3   0   0   0   3  10   1   0   1   0   1   2   0   2  75  1.03 0.39
  203 D   -3 -2  0  6 -5 -2  2 -4  2 -2 -5 -2 -4 -2 -3 -1  1 -5 -4 -3    0   1   3  58   0   0  15   0   5   3   0   1   0   2   0   1   9   0   0   1  1.02 0.36
  204 K   -2  0 -1 -3 -4 -1 -2 -4 -3 -2 -2  6 -3 -4 -3 -1  0 -5 -4  1    1   2   2   0   0   1   0   0   0   1   4  68   0   0   0   2   5   0   0  14  0.93 0.37
  205 K   -2  3 -1 -3 -4 -1 -1 -3 -3 -4 -4  5 -3 -5  3  0  1 -5 -4 -4    0  18   1   0   0   0   1   0   0   1   0  48   0   0  13   8   9   0   0   0  0.81 0.32
  206 L   -2 -4 -5 -5 -3 -4 -4 -5 -5  5  1 -2 -1  0  0 -3 -2 -4 -3  4    0   0   0   0   0   0   0   0   0  38  10   3   0   3   5   1   0   0   0  39  0.73 0.28
  207 E   -1 -2  1  1 -4  1  5 -3 -2 -3 -3  1 -3 -4  2  1 -2 -5 -3  1    2   0   5   4   0   3  44   0   0   0   0   7   0   0  11   9   0   0   0  13  0.55 0.24
  208 P   -3 -4 -4 -4 -5 -3 -3 -4 -4 -5 -5 -3 -5 -6  9 -3 -3 -6 -5 -5    0   0   0   0   0   0   0   0   0   0   0   0   0   0 100   0   0   0   0   0  2.85 0.44
