    1 G   -1 -3  4 -1 -4 -2 -3  6 -2 -5 -5 -2 -4 -4 -3 -1 -2 -4 -4 -4    0   0  33   0   0   0   0  67   0   0   0   0   0   0   0   0   0   0   0   0  1.16 0.18
    2 A   -1  4  1 -1 -3 -1 -1 -3  3 -3 -3  2 -3 -4 -3  1  4 -4 -2 -3    2  28   5   1   0   0   0   0   8   0   0  15   0   0   0   6  34   0   0   0  0.58 0.20
    3 F   -4  1 -4 -5 -4 -3 -4 -5  5 -2 -1 -3 -1  7 -5 -4 -4  2  3 -3    0   8   0   0   0   0   0   0  17   2   2   0   1  61   0   0   0   2   8   1  1.24 0.30
    4 M   -3 -4 -5 -6 -3 -4 -5 -6 -4  0  6 -5  2  1 -5 -4 -3 -4 -3  0    0   0   0   0   0   0   0   0   0   2  88   0   3   4   0   0   0   0   0   2  1.23 0.32
    5 F   -5 -6 -6 -6 -5 -6 -6 -6 -3 -3 -2 -6 -3  9 -7 -5 -5 -2  1 -4    0   0   0   0   0   0   0   0   0   0   0   0   0  99   0   0   0   0   1   0  2.50 0.49
    6 T   -3 -4 -3 -4 -3 -3 -3 -4 -4 -2 -4 -3 -3 -5 -4  0  8 -5 -4 -3    0   0   0   0   0   0   0   0   0   1   0   0   0   0   0   3  96   0   0   0  1.82 0.46
    7 S   -1 -3 -2 -3 -3 -3 -3 -3 -3 -5 -5 -3 -4 -5 -3  7 -1 -6 -4 -4    0   0   0   0   0   0   0   0   0   0   0   0   0   0   0 100   0   0   0   0  1.75 0.47
    8 E   -4 -3 -3 -1 -7 -1  8 -5 -3 -6 -6 -2 -5 -6 -4 -3 -4 -6 -5 -5    0   0   0   0   0   0 100   0   0   0   0   0   0   0   0   0   0   0   0   0  2.07 0.48
    9 S   -1 -3 -2 -3 -1 -3 -3 -3 -1 -5 -5 -3 -4 -5 -3  7 -1 -5 -4 -4    1   0   0   0   1   0   0   0   2   0   0   0   0   0   0  97   0   0   0   0  1.63 0.45
   10 V   -3 -5 -6 -6 -3 -5 -5 -6 -6  0 -1 -5 -2 -3 -5 -4 -2 -5 -4  7    0   0   0   0   0   0   0   0   0   0   0   0   0   0   0   0   0   0   0 100  1.73 0.43
   11 G   -1 -3  1 -3 -3 -3 -3  4 -3 -4 -4 -2 -3 -4 -3  2  5 -4 -4 -3    2   0   6   0   0   0   0  34   0   0   0   0   0   0   0  18  40   0   0   0  0.81 0.27
   12 E   -3 -2 -3 -1 -6  0  7 -4 -3 -6 -6 -2 -5 -6 -4 -2 -3 -6 -5 -4    0   0   0   0   0   1  96   0   0   0   0   0   0   0   0   0   0   0   0   1  1.91 0.46
   13 G   -2 -5 -3 -4 -5 -4 -5  7 -5 -6 -6 -4 -5 -6 -5 -2 -4 -5 -6 -6    0   0   0   0   0   0   0  99   0   0   0   0   0   0   0   1   0   0   0   0  2.15 0.43
   14 H   -5 -3 -2 -4 -6 -2 -3 -5 11 -6 -6 -4 -5 -4 -5 -4 -5 -6 -1 -6    0   0   1   0   0   0   0   0  99   0   0   0   0   0   0   0   0   0   0   0  3.19 0.60
   15 P   -2 -5 -5 -4 -6 -4 -4 -5 -5 -6 -6 -4 -5 -6  9 -2 -3 -7 -6 -5    2   0   0   0   0   0   0   0   0   0   0   0   0   0  95   3   0   0   0   0  2.78 0.51
   16 D   -4 -4 -1  8 -6 -3 -1 -4 -3 -6 -6 -3 -6 -6 -4 -3 -4 -7 -6 -6    0   0   0  99   0   0   0   0   0   0   0   0   0   0   0   0   0   0   0   0  2.34 0.49
   17 K   -3  0 -3 -3 -6 -1 -2 -4 -3 -5 -5  8 -4 -6 -4 -3 -3 -6 -5 -5    0   0   0   0   0   0   0   0   0   0   0 100   0   0   0   0   0   0   0   0  1.98 0.48
   18 I   -3 -5 -5 -5 -2 -4 -5 -6 -5  6  2 -4  5 -2 -5 -4 -3 -4 -3  1    0   0   0   0   1   0   0   0   0  61  13   0  19   0   0   0   0   0   0   6  1.12 0.31
   19 C    3 -5 -5 -6 10 -5 -5 -4 -5 -4 -4 -5 -4 -5 -5 -2 -3 -5 -5 -3   25   0   0   0  73   0   0   0   0   0   0   0   0   0   0   1   0   0   0   0  2.39 0.48
   20 D   -5 -4 -1  8 -6 -3 -1 -4 -4 -6 -7 -3 -6 -6 -4 -3 -4 -7 -6 -6    0   0   0 100   0   0   0   0   0   0   0   0   0   0   0   0   0   0   0   0  2.39 0.50
   21 Q   -2 -2 -2 -3 -3  8 -1 -5 -2 -3 -4 -1 -2 -6 -4 -3 -3 -5 -4 -4    3   0   1   0   1  93   0   0   0   1   1   0   0   0   0   0   0   0   0   0  2.07 0.52
   22 I   -3 -5 -5 -5 -3 -5 -5 -6 -6  7 -1 -5 -1 -2 -5 -4 -3 -5 -4  4    0   0   0   0   0   0   0   0   0  70   0   0   0   0   0   0   0   0   0  30  1.39 0.36
   23 S   -1 -3 -2 -3 -4 -3 -3 -3 -4 -5 -5 -3 -4 -5 -3  7 -1 -6 -4 -4    0   0   0   0   0   0   0   0   0   0   0   0   0   0   0 100   0   0   0   0  1.78 0.49
   24 D   -5 -4 -1  8 -6 -3 -1 -4 -4 -6 -7 -3 -6 -6 -4 -3 -4 -7 -6 -6    0   0   0 100   0   0   0   0   0   0   0   0   0   0   0   0   0   0   0   0  2.39 0.50
   25 A    6 -4 -3 -4 -3 -3 -3 -1 -4 -4 -4 -3 -3 -5 -3  1 -2 -5 -4 -3   92   0   0   0   0   0   0   2   0   0   0   0   0   0   0   6   1   0   0   0  1.41 0.40
   26 V   -3 -5 -5 -5 -3 -5 -5 -6 -5  6 -1 -5 -1 -3 -5 -4 -2 -5 -3  5    0   0   0   0   0   0   0   0   0  56   0   0   0   0   0   0   0   0   0  44  1.29 0.34
   27 L   -4 -5 -6 -6 -4 -5 -5 -6 -5 -1  6 -5  0 -2 -5 -5 -4 -4 -3 -1    0   0   0   0   0   0   0   0   0   0  99   0   0   0   0   0   0   0   0   1  1.55 0.39
   28 D   -5 -4 -1  8 -6 -3 -1 -4 -4 -6 -7 -3 -6 -6 -4 -3 -4 -7 -6 -6    0   0   0 100   0   0   0   0   0   0   0   0   0   0   0   0   0   0   0   0  2.37 0.50
   29 A    6 -4 -3 -3 -3 -2  1 -2 -4 -4 -4 -3 -3 -5 -3 -1 -2 -5 -4 -3   87   0   0   0   0   0   9   0   0   0   0   0   0   0   0   2   0   0   0   0  1.28 0.38
   30 H   -3 -4 -4 -5  7 -3 -4 -5  6  4  0 -4  1 -1 -5 -3 -3 -4  1  0    0   0   0   0  26   0   0   0  21  33   9   0   4   2   0   0   0   0   4   2  0.93 0.28
   31 L   -3 -4 -5 -6 -3 -4 -5 -6 -5  1  6 -5  2  0 -5 -5 -3 -4 -2 -1    0   0   0   0   0   0   0   0   0   6  85   0   5   2   0   0   0   0   1   1  1.21 0.32
   32 K    3  0 -1 -1 -3  0  3 -2 -2 -4 -4  3 -3 -4 -2  1  0 -4 -3 -3   36   5   1   1   0   3  23   0   0   0   0  19   0   0   0   8   4   0   0   0  0.50 0.21
   33 Q   -2 -1  0  0 -4  6  2 -2 -1 -1 -3  2 -2 -5 -3 -2 -3 -4 -3 -2    1   1   3   4   0  51  14   2   1   5   1  15   0   0   0   1   0   0   0   2  0.84 0.29
   34 D   -5 -4 -1  8 -6 -3 -1 -4 -4 -6 -7 -3 -6 -7 -4 -3 -4 -7 -6 -6    0   0   0 100   0   0   0   0   0   0   0   0   0   0   0   0   0   0   0   0  2.41 0.52
   35 P   -3 -4 -5 -4 -6 -4 -3 -5 -5 -6 -6 -2 -5 -7  9 -3 -4 -7 -6 -5    1   0   0   0   0   0   1   0   0   0   0   2   0   0  94   1   0   0   0   0  2.75 0.52
   36 N   -2 -2  4  3 -4  0  0 -3  1 -3 -1  0  3  0 -3 -1 -1  1  2 -3    1   1  30  19   0   3   4   0   2   0   7   5  10   4   0   1   2   2  10   0  0.41 0.18
   37 A    5 -3 -3 -3 -2 -3 -3  0 -3 -4 -4 -3 -3 -4 -3  4 -1 -5 -4 -3   57   0   0   0   0   0   0   6   0   0   0   0   0   0   0  36   0   0   0   0  0.98 0.33
   38 K   -3  6 -3 -3 -6 -1 -2 -4  0 -5 -5  5 -3 -5 -4 -3 -3 -5 -3 -5    0  55   0   0   0   1   0   0   2   0   0  42   0   0   0   0   0   0   0   0  1.44 0.38
   39 V   -2 -5 -6 -6 -3 -5 -5 -6 -6  1 -2 -5 -2 -3 -5 -4 -3 -6 -4  7    0   0   0   0   0   0   0   0   0   1   0   0   0   0   0   0   0   0   0  99  1.76 0.45
   40 A    7 -4 -3 -4 -3 -3 -3 -2 -4 -4 -4 -3 -3 -5 -3 -1 -2 -5 -4 -3   97   0   1   0   0   0   0   1   0   0   0   0   0   0   0   2   0   0   0   0  1.59 0.44
   41 C   -2 -7 -6 -7 11 -6 -7 -6 -6 -3 -4 -6 -4 -6 -6 -4 -4 -6 -6 -2    3   0   0   0  95   0   0   0   0   1   0   0   0   0   0   0   0   0   0   2  3.35 0.60
   42 E   -4 -3 -3 -1 -7  0  8 -5 -3 -6 -6 -2 -5 -6 -4 -3 -4 -6 -5 -5    0   0   0   0   0   2  98   0   0   0   0   0   0   0   0   0   0   0   0   0  2.07 0.50
   43 T   -2 -4 -3 -4  4 -3 -4 -4 -4 -3 -4 -3 -3 -5 -4  0  7 -5 -4 -1    1   0   0   0   9   0   0   0   0   0   0   0   0   0   0   4  84   0   0   2  1.57 0.44
   44 V    3 -3 -3 -3  4 -3 -3 -3 -3  0  0 -3  0  0 -3  1  1 -3 -1  2   30   0   0   0   9   0   0   0   0   2   7   0   2   4   0  10  12   0   2  22  0.33 0.16
   45 C    2 -3 -3 -4  3 -3 -3 -3 -4  0 -2 -3 -1 -3 -3  0  4 -4 -3  4   19   0   0   0   8   0   0   0   0   3   0   0   0   0   0   6  29   0   0  35  0.58 0.24
   46 K   -1 -1  0 -3  0 -1 -2 -3 -3 -4 -4  6 -3 -5 -3 -1  4 -5 -3 -3    3   0   3   0   2   0   0   0   0   0   0  55   0   0   0   2  35   0   0   0  0.99 0.34
   47 T   -3 -4 -2 -4 -4 -3 -4 -4 -5 -4 -4 -3 -3 -5 -4 -1  8 -5 -4 -3    0   0   0   0   0   0   0   0   0   0   0   0   0   0   0   1  98   0   0   0  1.96 0.51
   48 G   -2 -5  0 -3 -5 -4 -4  7 -4 -6 -6 -4 -5 -6 -5 -3 -4 -5 -6 -6    0   0   3   1   0   0   1  95   0   0   0   0   0   0   0   0   0   0   0   0  2.02 0.43
   49 M   -3 -4 -5 -6 -4 -2 -5 -5 -3  0  4 -4  8  1 -5 -3 -3 -4 -1 -1    0   0   0   0   0   2   0   0   0   1  34   0  55   4   0   1   0   0   2   1  1.35 0.38
   50 V   -1 -5 -5 -5 -3 -5 -5 -5 -5  5 -1 -5 -1 -3 -5 -4 -2 -5 -3  6    3   0   0   0   0   0   0   0   0  34   0   0   0   0   0   0   0   0   0  62  1.18 0.33
   51 L   -3 -3 -4 -5 -3 -3 -4 -5  1  0  4 -4  7  0 -5 -4 -3 -3 -2  0    0   0   0   0   0   0   0   0   4   2  51   0  32   4   0   0   0   0   0   5  0.98 0.30
   52 L   -2 -5 -5 -5  0 -4 -5 -5 -5  3  2 -4 -1 -2 -5 -4 -2 -5 -3  6    0   0   0   0   1   0   0   0   0  11  21   0   0   0   0   0   0   0   0  67  1.04 0.31
   53 C    1 -4 -3 -4  5 -3 -4  0 -3 -1  0 -3  4  5 -4 -1 -1 -2 -1  0   14   0   0   0  17   0   0   7   0   2   3   0  15  28   0   4   4   0   0   8  0.52 0.21
   54 G   -2 -5 -3 -4 -5 -4 -5  7 -5 -7 -6 -4 -5 -6 -5 -3 -4 -5 -6 -6    0   0   0   0   0   0   0 100   0   0   0   0   0   0   0   0   0   0   0   0  2.22 0.46
   55 E   -4 -3 -3  0 -6 -1  8 -5 -3 -6 -6 -2 -5 -6 -4 -3 -4 -6 -5 -5    0   0   0   2   0   0  97   0   0   0   0   0   0   0   0   0   0   0   0   0  2.01 0.49
   56 I   -4 -5 -6 -6 -4 -5 -6 -6 -6  8 -1 -5 -1 -2 -5 -5 -3 -5 -4  2    0   0   0   0   0   0   0   0   0  90   0   0   0   1   0   0   0   0   0   9  1.69 0.42
   57 T   -2 -3 -2 -3 -3 -3 -3 -4 -4 -3 -4 -3 -3 -5 -3  3  7 -5 -4 -2    1   0   0   0   0   0   0   0   0   1   0   0   0   0   0  24  73   0   0   1  1.34 0.40
   58 S   -2 -3 -2 -3  0 -3 -3 -4 -4 -3 -4 -3 -3 -5 -3  4  6 -5 -4 -3    0   0   0   0   2   0   0   0   0   0   0   0   0   0   0  29  69   0   0   0  1.33 0.40
   59 M   -2  2  2 -1 -3  0 -1 -3 -1 -3 -4  4 -3 -4 -3  2  1 -5 -3 -3    0   9  13   2   0   2   1   0   1   1   0  40   0   0   0  18  10   0   0   0  0.55 0.22
   60 A    5 -4 -3 -4  5 -3 -3 -1 -3 -3 -4 -3 -3 -4 -3  0  1 -5 -4 -2   69   0   0   0  15   0   0   3   0   0   0   0   0   0   0   3  10   0   0   0  1.05 0.33
   61 M   -2 -1  1 -3 -4  0 -3 -4  2  0 -2  0 -1  0 -3 -1  1  2  6  1    1   2   7   0   0   4   0   0   4   4   0   8   2   1   1   3   8   3  39  13  0.54 0.22
   62 I   -2 -5 -5 -5 -3 -4 -5 -5 -5  3  1 -4 -1 -2 -4 -4 -2 -5 -3  6    0   0   0   0   0   0   0   0   0  15  12   0   0   1   0   0   0   0   0  72  1.13 0.32
   63 D   -4 -4  1  8 -6 -3 -1 -4 -3 -6 -6 -3 -6 -6 -4 -3 -4 -7 -6 -6    0   0   5  93   0   0   1   0   0   0   0   0   0   0   0   0   0   0   0   0  2.17 0.48
   64 Y   -4 -5 -5 -5 -4 -4 -5 -6 -2  5  0 -5 -1  2 -5 -4 -3 -1  7  0    0   0   0   0   0   0   0   0   0  44   4   0   1   5   0   0   0   0  44   1  1.30 0.36
   65 Q   -2 -2 -2 -1 -5  7  2 -4 -2 -5 -5 -1 -3 -6  5 -2 -2 -5 -3 -4    1   0   1   2   0  55  10   0   0   0   0   0   0   0  26   1   1   0   1   0  1.29 0.37
   66 R    0  2 -1 -1 -4  2  1 -2  0 -4 -4  6 -3 -5 -3  0 -1 -5 -4 -4    6   7   1   1   0  10   6   1   1   0   0  58   0   0   0   6   3   0   0   0  0.79 0.26
   67 V   -3 -5 -5 -5 -2 -4 -5 -5 -5  5  1 -4 -1 -2 -5 -4 -1 -5 -3  5    0   0   0   0   0   0   0   0   0  44  10   0   0   0   0   0   2   0   0  44  1.02 0.29
   68 V    0 -5 -5 -5 -3 -4 -5 -5 -5  3 -1 -4 -1 -3 -4 -3 -1 -5 -3  6    8   0   0   0   0   0   0   0   0  16   0   0   0   0   0   0   2   0   0  74  1.14 0.34
   69 R   -4  8 -3 -4 -6 -2 -3 -5 -2 -6 -5  0 -4 -6 -5 -4 -4 -6 -5 -5    0 100   0   0   0   0   0   0   0   0   0   0   0   0   0   0   0   0   0   0  2.32 0.52
   70 D   -3  0  3  5 -5  2  4 -1 -2 -5 -5  1 -4 -5 -3 -1 -2 -5 -4 -4    0   3  13  35   0   8  26   3   0   0   0   9   0   0   0   3   0   0   0   0  0.77 0.23
   71 T    1 -3 -3 -4 -2 -3 -3 -4 -4 -2 -3 -3 -3 -4 -4 -1  7 -5 -4  1   10   0   0   0   0   0   0   0   0   0   0   1   0   0   0   0  79   0   0  10  1.33 0.40
   72 I   -3 -5 -5 -5  1 -5 -5 -6 -5  6  0 -5 -1 -2 -5 -4 -2 -5 -3  4    0   0   0   0   3   0   0   0   0  58   5   0   0   0   0   0   0   0   0  34  1.15 0.32
   73 K   -1  4 -1 -2 -2  0  0 -4 -2 -4 -3  6 -3 -5 -3 -2 -2 -5 -4 -3    3  24   2   1   1   2   4   0   0   0   2  58   0   0   0   1   1   0   0   1  0.96 0.30
   74 H   -2  1  1  3 -5  1  4 -1  4 -5 -4  1 -3 -4 -3  0 -2 -4 -2 -4    1   9   4  20   0   5  32   4  11   0   0   9   0   0   0   4   0   0   0   0  0.59 0.20
   75 I   -4 -6 -6 -6 -4 -5 -6 -6 -6  8 -1 -4 -1 -3 -5 -5 -3 -5 -4  1    0   0   0   0   0   0   0   0   0  96   0   1   0   0   0   0   0   0   0   2  1.86 0.45
   76 G   -2 -5 -3 -4 -5 -4 -5  7 -5 -7 -6 -4 -5 -6 -5 -3 -4 -5 -6 -6    0   0   0   0   0   0   0 100   0   0   0   0   0   0   0   0   0   0   0   0  2.21 0.46
   77 Y   -5 -5 -5 -6 -5 -5 -5 -6 -1 -4 -4 -5 -4  3 -6 -5 -5 -1  9 -4    0   0   0   0   0   0   0   0   0   0   0   0   0   9   0   0   0   0  91   0  2.60 0.55
   78 D   -3 -3  1  6 -3 -3 -1 -4 -3 -3 -5 -3 -4 -5 -4 -2  4 -6 -5 -2    0   0   4  58   0   0   0   0   0   1   0   0   0   0   0   0  31   0   0   3  1.20 0.35
   79 D   -2  4  1  5 -2 -1 -1 -2  2 -5 -5 -1 -4 -5 -3  1 -2 -5 -4 -4    1  30   5  39   1   0   0   2   5   0   0   1   0   0   0  14   0   0   0   0  0.80 0.26
   80 S    3 -3 -1 -1 -1 -2 -1  0 -3 -4 -4 -2 -3 -4  0  5  0 -5 -4 -3   31   0   1   3   1   0   2   7   0   0   0   0   0   0   4  50   2   0   0   0  0.71 0.27
   81 A    0  0 -1  2 -3  0  2 -2 -2 -3 -4  4 -3 -4 -3  2 -1 -5 -3 -3    8   2   1  13   0   1  13   1   0   1   1  34   0   0   0  23   1   0   0   1  0.49 0.20
   82 K   -3 -1 -3 -3 -4 -2 -2 -4 -1 -2 -2  5  2  2 -4 -3 -2 -2  6 -2    0   0   0   0   0   0   0   0   0   2   2  47   5   7   0   0   1   0  32   3  0.92 0.31
   83 G   -2 -5 -3 -4 -3 -4 -5  7 -5 -7 -6 -4 -5 -6 -5 -3 -4 -5 -6 -6    0   0   0   0   1   0   0  99   0   0   0   0   0   0   0   0   0   0   0   0  2.18 0.45
   84 F   -4 -5 -6 -6 -5 -6 -6 -4 -4 -2  1 -6 -1  9 -6 -5 -5 -2  1 -3    1   0   0   0   0   0   0   1   0   1  10   0   1  86   0   0   0   0   1   0  2.01 0.44
   85 D   -4 -3 -1  8 -5 -3 -1 -4 -4 -6 -6 -3 -6 -6 -4 -3 -4 -7 -6 -6    0   1   1  96   0   0   1   0   0   0   0   0   0   0   0   0   0   0   0   0  2.25 0.49
   86 F    2 -3 -3 -4  5 -3 -4  2  0 -4 -3 -3 -3  1 -4 -1 -3  0  7 -3   21   1   0   0  12   0   0  15   1   0   0   0   0   3   0   5   0   1  42   0  0.88 0.29
   87 K   -2  0  2  4 -5  0  2 -3 -1 -5 -4  5 -4 -5 -3 -1 -2 -5 -3 -4    2   3  10  26   0   2  11   0   1   0   0  41   0   0   0   2   1   0   0   0  0.74 0.24
   88 T   -2 -3  1 -3 -3 -3 -3 -4 -3 -3 -3 -2 -3 -5 -4  1  7 -5 -4 -3    0   0   6   0   0   0   0   0   0   0   1   1   0   0   0   8  83   0   0   0  1.46 0.42
   89 C   -3 -6 -6 -7 11 -6 -7 -6 -6 -4 -3 -6  0 -4 -6 -3 -4 -5 -3 -1    0   0   0   0  90   0   0   0   0   0   1   0   3   0   0   1   0   0   1   3  3.06 0.57
   90 N    3 -2  5 -2 -3 -2 -2  1 -2 -4 -4 -1 -3 -4 -3  1 -1 -1 -4 -3   36   1  40   0   0   0   1   8   0   0   0   2   0   0   0   8   2   1   0   0  0.74 0.27
   91 V   -3 -5 -5 -6 -3 -5 -5 -6 -6  2  0 -5 -1 -3 -3 -4 -2 -5 -4  7    0   0   0   0   0   0   0   0   0   9   3   0   0   0   1   0   0   0   0  87  1.44 0.39
   92 L   -3 -4 -4 -4 -3 -2 -4 -5 -3  2  5 -4  3 -1 -3 -4 -3 -4 -3  0    0   0   1   1   0   1   1   0   0  13  71   0   7   1   1   0   0   0   0   3  0.92 0.28
   93 V   -2 -4 -1 -4 -1 -3 -3 -4 -4  1  0 -3 -1 -3 -3  0  4 -1 -3  5    0   0   3   0   1   1   0   0   0   4   7   0   0   0   0   5  29   1   0  50  0.66 0.26
   94 A    5 -3 -1 -3 -1 -2 -2 -2 -2 -3 -3 -2 -3 -4 -3  3  0 -5 -4 -2   64   0   2   1   1   0   1   1   1   0   0   0   0   0   0  24   4   0   0   2  0.86 0.30
   95 L   -3 -5 -5 -5 -3 -5 -5 -6 -5  6  3 -5  0 -1 -5 -4 -3 -4 -3  2    0   0   0   0   0   0   0   0   0  63  29   0   0   1   0   0   0   0   0   7  1.14 0.31
   96 E   -3 -3  1  5 -5  0  5 -1  0 -5 -5 -1 -4 -5 -3 -2 -3 -5 -4 -4    1   0   4  41   0   1  44   5   1   0   0   1   0   0   0   1   0   0   0   1  1.10 0.31
   97 Q   -2 -1 -2 -1 -5  5  5 -2 -1 -5 -5  1 -3 -5 -2 -2 -3 -5 -4 -4    2   1   0   0   0  34  49   2   1   0   0   8   0   0   1   1   0   0   0   0  1.10 0.33
   98 Q   -4 -1 -3 -3 -6  9 -1 -5 -2 -6 -5 -2 -3 -6 -3 -3 -4 -5 -4 -5    0   2   0   0   0  97   0   0   0   0   0   0   0   0   1   0   0   0   0   0  2.33 0.57
   99 S    0 -3 -2 -1 -2 -2 -3 -3 -3 -5 -5 -2 -4 -5 -3  7 -1 -5 -4 -4    3   0   0   3   1   0   0   0   0   0   0   1   0   0   0  91   1   0   0   0  1.50 0.44
  100 P    1 -3 -3 -2 -4  0 -1 -2 -4 -5 -5 -2 -4 -5  7  0 -2 -5 -3 -4   13   1   0   2   0   4   3   3   0   0   0   2   0   0  65   5   1   0   1   1  1.51 0.34
  101 E   -4 -3 -1  5 -6 -1  6 -4 -3 -6 -6 -2 -5 -6 -4 -2 -3 -6 -5 -5    0   0   1  37   0   0  62   0   0   0   0   1   0   0   0   0   0   0   0   0  1.52 0.39
  102 D    2 -1  1  4 -3  1  3 -2 -1 -2 -4  0 -3 -4 -3  0 -2 -5 -4 -3   21   1   6  32   0   5  18   0   1   4   0   6   0   0   0   4   1   0   0   0  0.52 0.19
  103 V   -2 -4 -3 -4 -3 -1 -4 -5 -1  6  2 -4  0 -2 -4 -3  0 -4 -3  2    2   0   1   0   0   4   0   0   2  58  14   0   1   0   0   0   7   0   0  11  0.75 0.25
  104 G   -2 -5 -3 -4 -4 -4 -5  7 -5 -6 -6 -4 -5 -6 -4 -2 -3 -5 -6 -6    1   0   0   0   0   0   0  97   0   0   0   0   0   0   0   1   1   0   0   0  2.07 0.44
  105 A    7 -4 -4 -4 -3 -3 -3 -2 -4 -4 -4 -3 -4 -5 -3 -1 -3 -5 -4 -3  100   0   0   0   0   0   0   0   0   0   0   0   0   0   0   0   0   0   0   0  1.70 0.46
  106 G   -2 -5 -3 -4 -5 -4 -5  7 -5 -7 -6 -4 -5 -6 -5 -2 -4 -5 -6 -6    0   0   0   0   0   0   0  99   0   0   0   0   0   0   0   1   0   0   0   0  2.18 0.45
  107 D   -5 -4 -1  8 -6 -3 -1 -4 -4 -6 -7 -3 -6 -6 -4 -3 -4 -7 -3 -6    0   0   0  99   0   0   0   0   0   0   0   0   0   0   0   0   0   0   1   0  2.35 0.51
  108 Q   -4 -2 -3 -3 -6  9 -1 -5 -2 -6 -5 -2 -3 -6 -4 -3 -4 -5 -5 -5    0   0   0   0   0 100   0   0   0   0   0   0   0   0   0   0   0   0   0   0  2.47 0.59
  109 G   -2 -5 -3 -4 -5 -4 -5  7 -5 -6 -6 -4 -5 -6 -5 -3 -4 -5 -5 -6    0   0   0   0   0   0   0  98   0   0   0   0   0   0   0   0   0   0   0   0  2.14 0.44
  110 L   -3 -4 -4 -5 -3 -3 -4 -5  1  3  4 -4  6 -1 -4 -4 -2 -4 -3  0    0   0   0   0   0   0   0   0   4  21  45   0  27   0   0   0   0   0   0   0  0.92 0.28
  111 M   -4 -4 -5 -6 -4 -3 -5 -6 -5 -2 -1 -4 11 -3 -5 -4 -4 -4 -4 -2    0   0   0   0   0   0   0   0   0   0   0   0  97   0   0   0   0   0   0   1  2.78 0.61
  112 F   -5 -5 -6 -6 -5 -6 -6 -6 -4 -3 -2 -6 -3  9 -6 -5 -5 -2  1 -3    0   0   0   0   0   0   0   0   0   0   0   0   0  98   0   0   0   0   0   0  2.50 0.51
  113 G   -2 -5 -3 -4 -5 -4 -5  7 -5 -6 -6 -4 -5 -6 -5 -3 -4 -5 -5 -6    0   0   0   0   0   0   0  98   0   0   0   0   0   0   0   0   0   0   0   0  2.14 0.44
  114 Y   -4 -4 -5 -6 -5 -4 -5 -6  0 -4 -3 -5 -3  5 -6 -4 -4 -1  9 -4    0   0   0   0   0   0   0   0   1   0   0   0   0  19   0   0   0   0  78   0  2.24 0.48
  115 A    7 -4 -4 -4 -3 -3 -3 -2 -4 -4 -4 -3 -3 -5 -3 -1 -2 -5 -4 -3   98   0   0   0   0   0   0   0   0   0   0   0   0   0   0   0   0   0   0   0  1.63 0.44
  116 T   -2 -4 -1 -3  6 -3 -3 -4 -4  0 -3 -3 -3 -4 -3  1  6 -5 -4 -1    0   0   2   1  17   0   0   0   0   5   0   0   0   0   0   8  63   0   0   3  1.11 0.34
  117 D   -4 -3  6  6 -5 -2 -1 -3 -3 -5 -6 -2 -5 -5 -4 -2 -2 -6 -5 -5    0   1  37  58   0   0   0   0   0   0   0   1   0   0   0   1   1   0   0   0  1.54 0.38
  118 E   -3 -3 -3 -1 -6  0  8 -5 -3 -6 -5 -2 -5 -6 -4 -3 -3 -5 -5 -5    0   0   0   1   0   1  97   0   0   0   0   0   0   0   0   0   0   0   0   0  2.00 0.48
  119 T   -3 -4 -3 -4 -4 -3 -4 -4 -4 -4 -4 -3 -3 -5 -4 -1  8 -5 -4 -3    0   0   0   0   0   0   0   0   0   0   0   0   0   0   0   1  98   0   0   0  1.96 0.51
  120 E   -2 -3 -3  2 -5 -1  5 -4 -3 -5 -5  0 -4 -6  6 -2 -3 -6 -5 -4    1   0   0   9   0   0  43   0   0   0   0   4   0   0  40   1   0   0   0   1  1.27 0.33
  121 E   -3 -3 -2  0 -6 -1  7 -4 -2 -5 -5 -2 -4 -6 -4 -2 -1 -5 -5 -2    1   0   0   1   0   0  89   0   0   0   0   0   0   0   0   2   3   0   0   4  1.63 0.44
  122 C   -2 -3 -5 -5  7 -4 -5 -4 -2 -1  4 -3  1  1 -5 -3 -3 -2  3 -2    2   0   0   0  24   0   0   1   0   0  47   2   3   6   0   0   0   0  14   0  0.85 0.27
  123 M   -4 -4 -5 -6 -4 -4 -5 -6 -3 -1  1 -4 10 -1 -6 -5 -4 -4 -4 -2    0   0   0   0   0   0   0   0   0   0   6   0  91   2   0   0   0   0   0   0  2.51 0.58
  124 P   -4 -5 -5 -5 -6 -4 -4 -5 -5 -6 -6 -4 -6 -7  9 -4 -4 -7 -6 -5    0   0   0   0   0   0   0   0   0   0   0   0   0   0 100   0   0   0   0   0  3.09 0.57
  125 L   -2 -4 -5 -6 -3 -4 -5 -5 -4  0  6 -4  4 -1 -5 -4 -2 -3  1 -1    4   0   0   0   0   0   0   0   0   1  79   0   9   0   0   0   1   0   6   0  1.09 0.32
  126 T   -1 -4 -3 -3 -4 -3 -3 -4 -4 -4 -4 -3 -4 -5  6  1  5 -5 -5 -3    3   0   0   0   0   0   0   0   0   0   0   0   0   0  45   7  45   0   0   0  1.45 0.38
  127 I   -3 -4 -5 -5 -1 -4 -5 -5  3  6  1 -4 -1 -2 -5 -3 -2 -4 -1  2    1   0   0   0   1   0   0   0   9  64  11   0   0   0   0   1   0   0   2  12  0.97 0.29
  128 V    1 -2 -2 -2 -2  0 -1 -3 -2  0  1 -2  1 -1 -3  3  1 -3  0  2   10   0   1   1   0   3   3   0   0   3  14   0   5   1   0  28   7   0   3  21  0.21 0.14
  129 L   -4 -4 -6 -6 -4 -4 -5 -6 -5  0  6 -5  2 -1 -5 -5 -3 -2  0 -1    0   0   0   0   0   0   0   0   0   1  90   0   4   1   0   0   0   0   3   0  1.34 0.36
  130 A    6 -4 -3 -4 -3 -3 -3 -2 -4 -4 -4 -3 -3 -5 -3  3 -2 -5 -4 -3   80   0   0   0   0   0   0   0   0   0   0   0   0   0   0  20   0   0   0   0  1.27 0.38
  131 H   -4 -2 -2 -4 -6 -1 -3 -5 11 -6 -6 -3 -4 -4 -5 -3  0 -5 -1 -6    0   2   0   0   0   2   0   0  88   0   0   0   0   0   0   1   7   0   0   0  2.65 0.55
  132 K   -2  4 -1 -3 -5  2 -1 -2 -1 -5 -4  6 -3 -5 -3 -2 -3 -5 -4 -4    2  21   1   0   0  10   1   2   1   0   0  61   0   0   0   0   0   0   0   0  1.08 0.32
  133 L   -4 -5 -6 -6 -4 -4 -5 -6 -5  0  6 -5  1 -2 -5 -5 -3 -4 -3 -1    0   0   0   0   0   0   0   0   0   3  95   0   2   0   0   0   0   0   0   0  1.47 0.38
  134 N    2 -3  5 -2 -1 -2 -2  0 -2 -3 -3 -2  2 -4 -3  1  1 -5 -3  0   24   0  36   0   1   0   0   6   0   0   1   0   7   0   0  10   9   0   0   6  0.51 0.22
  135 T    2  4 -2 -3 -3  2  0 -3  0 -3 -2  3  0 -3 -3 -1 -2 -4  0 -2   22  30   0   0   0   8   5   0   2   1   4  17   3   1   0   2   1   0   3   1  0.42 0.18
  136 R    0  6 -2 -3 -5  2 -1 -4 -2 -5 -4  4 -3 -5 -4 -2 -2 -5 -3 -4    9  49   0   0   0   7   1   0   0   0   0  32   0   0   0   0   0   0   0   0  1.08 0.31
  137 M   -3 -4 -5 -5 -3 -1 -4 -5 -4  2  5 -4  5 -2 -5 -4 -2 -3 -1  0    0   0   0   0   0   4   0   0   0  10  62   0  19   0   0   0   1   0   2   2  0.93 0.28
  138 A    4 -1 -2 -3 -3 -2 -2 -2  1 -3 -3  0 -3 -4 -3  2  3 -4 -3 -2   45   2   0   0   0   0   0   1   4   0   0   5   0   0   0  17  25   0   0   0  0.63 0.25
  139 D   -1 -1 -2  3 -5  2  6 -4 -2 -4 -4  1 -3 -5 -3 -1 -2 -4 -3 -2    5   1   0  13   0   6  58   0   0   0   0   8   0   0   0   2   2   0   0   3  0.88 0.28
  140 L    1 -4 -4 -5  1 -3 -4 -4 -4  1  3 -4  0 -2 -4 -3 -2 -4 -3  5   10   0   1   0   3   0   0   0   0   3  35   0   1   0   0   0   0   0   0  46  0.67 0.24
  141 R   -4  8 -3 -4 -6 -2 -1 -5 -3 -6 -5  0 -4 -6 -5 -2 -4 -3 -4 -5    0  94   0   0   0   0   2   0   0   0   0   0   0   0   0   3   0   0   0   0  2.07 0.48
  142 R   -3  5 -1 -3 -5 -1 -1 -4 -1 -5 -4  6 -4 -5 -4 -3 -3 -5 -4 -4    0  35   2   0   0   0   1   0   1   0   0  59   0   0   0   0   0   0   0   1  1.32 0.36
  143 S   -2 -2  5  4 -4 -1  1 -2 -2 -5 -5 -1 -4 -5 -3  3  0 -5 -4 -4    1   0  36  25   0   2   6   1   0   0   0   2   0   0   0  21   5   0   0   0  0.80 0.26
  144 G   -2 -1 -1 -2 -5 -3 -1  7 -2 -6 -6 -1 -5 -5 -4 -2 -3 -5 -5 -5    0   3   2   2   0   1   5  80   1   0   0   4   0   0   0   1   0   0   0   0  1.42 0.34
  145 V   -1 -2 -2 -1 -3 -1  2 -2 -3  1 -1 -1 -1 -3 -3  1  5 -4 -3  1    3   0   0   2   0   2  15   1   0  10   4   2   0   0   0   8  42   0   0  10  0.42 0.20
  146 L   -3 -4 -5 -5  3 -4 -5 -5 -4  2  5 -4  1  1 -5 -4 -3  1 -3  0    0   0   0   0   6   0   0   0   0   8  73   0   2   4   0   0   0   2   0   4  0.94 0.28
  147 P    0 -2 -1  2 -4 -2  0 -1 -3 -4 -4  0 -4 -5  6  1 -1  3 -4 -4    7   1   3  11   0   0   4   3   0   0   0   7   0   0  45  10   4   4   0   0  0.93 0.24
  148 W   -5 -5 -6 -7 -5 -5 -5 -6 -3 -5 -4 -5 -4  0 -6 -5 -5 11  7 -5    0   0   0   0   0   0   0   0   0   0   0   0   0   2   0   0   0  53  45   0  2.92 0.55
  149 L    1 -4 -5 -5 -3 -4 -4 -5 -5  1  5 -4  1 -2 -4 -3 -3 -4 -3  1   13   0   0   0   0   0   0   0   0   5  73   0   1   0   0   0   0   0   0   7  0.90 0.28
  150 R   -4  8 -3 -4 -4 -1 -3 -2 -3 -5 -2  0 -2 -5 -5 -3 -4 -4 -4 -5    0  90   0   0   0   0   0   4   0   0   4   0   1   0   0   0   0   0   0   0  1.87 0.46
  151 P   -3 -5 -5 -4 -6 -4 -4 -5 -5 -6 -6 -4 -6 -7  9 -4 -4 -7 -6 -5    1   0   0   0   0   0   0   0   0   0   0   0   0   0  99   0   0   0   0   0  3.05 0.57
  152 D   -5 -4 -1  8 -6 -3 -1 -4 -4 -6 -7 -3 -6 -7 -4 -3 -4 -7 -6 -6    0   0   0 100   0   0   0   0   0   0   0   0   0   0   0   0   0   0   0   0  2.41 0.52
  153 S    2 -3 -2 -3 -1 -3 -3  5 -3 -4 -4 -3 -4 -5 -3  3  1 -4 -4 -3   15   0   0   0   1   0   0  46   0   0   0   0   0   0   0  28  10   0   0   0  0.85 0.26
  154 K   -3  0 -3 -3 -6 -1 -2 -4 -3 -6 -5  8 -4 -6 -4 -3 -3 -6 -5 -5    0   0   0   0   0   0   0   0   0   0   0 100   0   0   0   0   0   0   0   0  2.04 0.50
  155 T    0 -3 -2 -3 -1 -3 -3 -3 -4 -3 -4 -3 -3 -4 -3  3  6 -5 -4 -1    7   0   0   0   1   0   0   0   0   0   0   0   0   0   0  22  68   0   0   2  1.17 0.37
  156 Q   -4 -2 -3 -3 -6  9  0 -5 -2 -6 -4 -2 -3 -6 -4 -3 -4 -5 -4 -5    0   0   0   0   0  96   2   0   0   0   1   0   0   0   0   0   0   0   0   0  2.27 0.55
  157 V   -3 -3 -5 -6 -3 -5 -5 -6 -6  1 -1 -5 -2 -3 -5 -4 -2 -5 -4  7    0   1   0   0   0   0   0   0   0   2   0   0   0   0   0   0   0   0   0  96  1.65 0.43
  158 T   -3 -4 -3 -4 -4 -3 -4 -4 -4 -3 -4 -3 -3 -5 -4  0  8 -5 -4 -3    0   0   0   0   0   0   0   0   0   0   0   0   0   0   0   3  96   0   0   0  1.90 0.49
  159 V   -2 -5 -5 -5  2 -4 -5 -5 -5  3 -1 -4  1  0 -5 -4 -2 -5 -3  6    1   0   0   0   5   0   0   0   0  18   1   0   3   3   0   0   0   0   0  69  1.08 0.31
  160 Q   -2 -2 -3 -1 -6  2  7 -5 -1 -5 -4 -1 -4 -6 -4 -3 -3 -5 -4 -4    2   1   0   1   0   7  86   0   1   0   1   0   0   0   0   0   0   0   0   1  1.59 0.42
  161 Y   -5 -5 -5 -6 -5 -4 -5 -6  1 -4 -4 -5 -4  0 -6 -3 -4 -1 10 -4    0   0   0   0   0   0   0   0   2   0   0   0   0   0   0   1   0   0  96   0  2.70 0.57
  162 V   -1  1  0  4 -3  0  3 -2 -1 -2 -3  2 -1 -3 -2 -1 -1 -4 -1 -1    3   9   2  28   0   3  19   1   1   2   1  17   1   0   0   1   3   0   2   5  0.40 0.15
  163 Q   -2 -1  1  3 -1  1  3 -1  1 -2 -2  1  0  1 -3 -1 -2 -3  0 -3    1   1   7  22   1   7  22   5   5   2   3   7   3   8   0   1   0   0   3   0  0.29 0.13
  164 D   -2 -1  4  5 -4  0  2  0  0 -3 -4  0 -3 -4 -3 -1 -1 -5 -4 -3    1   3  22  34   0   2  16   8   1   1   0   5   0   0   0   3   1   0   0   2  0.60 0.19
  165 N   -2  1  4  1 -3  0 -1  2  2 -4 -4  2 -1 -3 -2  0 -1 -4 -2 -3    1   7  23  10   0   3   2  18   6   0   0  19   2   1   0   5   1   0   0   0  0.40 0.15
  166 G    0 -1  0 -1 -2  1 -1  5  0 -2 -2 -1 -2 -2 -1 -1 -1 -2 -2 -2    5   2   4   2   1   7   3  51   2   2   3   3   1   1   2   3   2   0   1   4  0.50 0.11
  167 A    3  0 -1 -1 -1  0 -1 -1  0 -1 -1  0 -1 -2 -1  0  0 -2 -1  0   40   5   2   3   1   2   3   3   2   4   5   6   1   2   2   5   6   1   1   5  0.16 0.06
  168 V    0 -1 -1 -1  3 -1 -1 -1 -1  0  1 -1  2 -1  0 -1  0  1 -1  1    7   3   2   2   9   2   3   5   1   3  11   3  11   2   4   3   8   2   2  18  0.07 0.04
  169 I   -1  0 -2 -1 -1 -1  0 -2 -2  3  0  2  0 -1 -2 -1  0 -2 -2  2    2   3   1   2   1   1   7   2   1  21   4  18   1   1   2   2   6   0   1  23  0.15 0.08
  170 P   -3 -4 -4 -3 -5 -4 -3 -4 -4 -5 -5 -3 -2 -5  9 -3 -3 -5 -5 -4    1   0   0   1   0   0   0   0   0   0   1   0   1   0  92   0   0   0   0   0  2.65 0.48
  171 V   -1 -1 -3 -3 -2  1 -2 -4 -2  2  2  1  1 -1 -3 -2 -1 -3 -2  3    2   2   0   0   0   8   1   0   1  12  21  11   2   1   0   1   2   0   0  34  0.29 0.14
  172 R   -3  8 -3 -4 -5 -1 -3 -2  1 -5 -5  0 -1 -5 -5 -3 -4 -4 -3 -5    1  88   0   0   0   0   0   3   3   0   0   1   1   0   0   1   0   0   1   0  1.81 0.44
  173 V   -2 -4 -5 -5 -3 -4 -5 -5 -5  4  1 -4  0 -3 -5 -4 -2 -5 -3  6    0   1   0   0   0   0   0   0   0  21   7   0   1   0   0   0   0   0   0  69  1.13 0.32
  174 H   -3 -2 -1  6 -6 -2  0 -4  8 -5 -6 -2 -5 -5 -4 -2 -3 -6 -2 -5    1   1   1  52   0   1   3   0  38   0   0   0   0   0   0   1   0   0   0   0  1.56 0.38
  175 T    2 -3 -1 -3 -3 -3 -2 -4 -4 -3 -4 -3 -3 -4 -3  0  7 -5 -4 -2   14   0   1   0   0   0   1   0   0   0   0   0   0   0   0   2  79   0   0   2  1.33 0.40
  176 I   -3 -3 -5 -5 -3 -4 -5 -5 -5  5  0 -4 -1 -3 -5 -4 -2 -5 -3  6    0   1   0   0   0   0   0   0   0  37   2   0   0   0   0   0   0   0   0  59  1.17 0.33
  177 V   -3 -3 -5 -6 -3 -4 -5 -6 -5  1  1 -5 -1 -3 -5 -4 -2 -5 -4  7    0   1   0   0   0   0   0   0   0   1   9   0   0   0   0   0   0   0   0  88  1.41 0.39
  178 I   -3 -5 -5 -5 -2 -4 -5 -5 -5  6  2 -4  0 -2 -5 -4 -2 -4 -3  3    0   0   0   0   0   0   0   0   0  59  15   0   1   1   0   0   1   0   0  22  1.00 0.28
  179 S   -1 -3 -2 -3 -4 -3 -3 -3 -4 -5 -5 -2 -4 -5 -3  7 -1 -5 -4 -4    0   0   0   0   0   0   0   0   0   0   0   1   0   0   0  98   0   0   0   0  1.73 0.49
  180 V    2 -3 -2 -3 -1 -3 -3 -3 -4 -1 -2 -3 -2 -4 -3  0  6 -5 -4  2   15   0   0   0   1   0   0   0   0   1   2   0   0   0   0   4  63   0   0  14  0.90 0.31
  181 Q   -4 -2 -2 -3 -6  9 -1 -5 -1 -6 -5 -2 -2 -6 -4 -3 -4 -5 -4 -5    0   0   1   0   0  98   0   0   1   0   0   0   0   0   0   0   0   0   0   0  2.36 0.57
  182 H   -5 -3 -2 -4 -6 -3 -3 -5 11 -7 -6 -4 -5 -4 -5 -4 -4 -6 -1 -6    0   0   0   0   0   0   0   0  99   0   0   0   0   0   0   0   1   0   0   0  3.25 0.63
  183 N    2 -2  1  4  0 -2 -1 -1  3 -4 -4 -1 -3 -4 -3  3  0 -5 -3 -3   17   1   4  30   2   0   1   3   8   0   1   2   0   0   0  26   4   0   0   1  0.50 0.20
  184 E   -1 -3 -2  2 -5 -1  4 -4 -1 -5 -5 -2 -4 -5  6 -2 -3 -5 -4 -4    5   1   0  13   0   1  38   0   1   0   0   0   0   0  39   1   0   0   0   0  1.18 0.31
  185 D   -2 -2  0  5 -3  0  4 -1  1 -4 -4  1 -3 -4 -3  0  0 -5 -3 -4    2   1   3  36   1   3  30   4   4   0   0   7   0   0   0   4   5   0   1   1  0.67 0.21
  186 I   -1 -5 -5 -5 -3 -4 -5 -5 -5  5 -1 -4 -1 -3 -4 -4 -1 -5 -3  5    3   0   0   0   0   0   0   0   0  36   0   0   0   0   0   0   3   0   0  58  1.09 0.32
  187 T   -1 -3 -1  0 -1 -2  0 -2 -3 -4 -4 -1 -3 -4  0  4  5 -5 -3 -3    2   0   0   5   1   0   5   2   0   0   0   1   0   0   3  39  40   0   0   0  0.74 0.28
  188 L   -2 -1  2 -3 -3  2 -2 -4  1 -1  4 -2  1 -2 -4 -2  1 -2 -2 -1    1   2  13   0   0  15   0   0   3   1  47   0   3   0   0   0  12   0   1   1  0.42 0.21
  189 E   -1 -2 -1  3 -5  1  6 -3 -2 -5 -5  0 -4 -5 -2 -1 -2 -5 -4 -4    5   0   2  16   0   4  66   0   0   0   0   4   0   0   1   1   1   0   0   0  1.11 0.32
  190 A   -2 -1 -1  2 -5  6  3 -4 -2 -4 -4  1 -3 -4 -3 -2  1 -4 -3 -3    1   1   2  13   0  42  19   0   0   0   0   8   0   0   0   0  12   0   0   1  0.77 0.27
  191 M   -3 -4 -5 -5 -3 -1 -5 -6 -5  6  3 -4  2 -2 -5 -4 -3 -4 -3  1    0   0   0   0   0   3   0   0   0  56  30   0   5   0   0   0   0   0   0   4  0.97 0.28
  192 R   -1  6 -2 -2 -4  2  1 -4  3 -4 -4  2 -3 -4 -4 -1 -2 -4 -2 -3    3  52   0   0   0  11   8   0   8   1   0  10   0   0   0   2   1   0   0   1  0.88 0.27
  193 E    1  2 -1  0 -3  2  3 -3  1 -4 -4  4 -3 -4 -3  0 -1 -4 -3 -3   11  10   1   3   0   7  19   0   4   0   0  33   0   0   0   6   3   0   0   1  0.47 0.18
  194 A    0 -2  0  6 -4  1  3 -2 -1 -4 -4 -2 -4 -4 -3 -1 -2 -5 -4 -2   10   1   1  57   0   5  16   2   1   0   1   1   0   0   0   2   1   0   0   3  0.94 0.27
  195 L   -3 -4 -5 -5 -1 -4 -5 -5 -5  4  4 -4  3 -2 -4 -4 -2 -4 -3  3    0   0   0   0   1   0   0   0   0  34  42   0   6   0   0   0   0   0   0  16  0.82 0.24
  196 K   -3  1 -3 -3 -3 -1 -1 -4 -1  3  1  3  5 -2 -4 -3 -1 -4 -3 -1    0   7   0   0   0   2   2   0   1  21  13  27  24   0   0   0   2   0   0   1  0.50 0.22
  197 E   -1 -1  0  1 -5  0  6 -4 -2 -5 -5  2 -3 -5 -3 -1 -2 -5 -4 -4    3   1   3   4   0   2  69   0   0   0   0  12   0   0   0   4   2   0   0   0  1.12 0.33
  198 Q   -3  0 -1 -2 -3  2  1 -4  6 -4 -2  4 -3 -2 -3 -2 -2 -3  3 -3    0   1   2   1   0   8   6   0  26   0   4  36   0   1   0   0   1   0  11   1  0.72 0.25
  199 V   -2 -5 -5 -5 -3 -4 -5 -5 -5  3 -1 -5 -1 -3 -5 -4 -2 -5 -3  7    0   0   0   0   0   0   0   0   0  14   2   0   0   0   0   0   1   0   0  82  1.36 0.37
  200 I   -3 -5 -5 -5 -1 -5 -5 -6 -5  7  0 -5 -1  1 -5 -4 -2 -4 -3  3    0   0   0   0   1   0   0   0   0  73   2   0   0   4   0   0   1   0   0  18  1.26 0.34
  201 K   -2  2  1  2 -3  1  0 -3 -1 -3 -3  6 -2 -4 -3 -1 -2 -5 -2 -3    1   7   7  10   0   3   4   1   1   1   2  57   1   0   0   1   0   0   1   0  0.72 0.25
  202 A    2 -2 -2 -2  0  0  1 -2  1 -3 -3  1 -3 -4  5 -1  0 -4 -2 -1   22   0   0   1   2   3  10   1   3   0   0  12   0   0  32   1   6   0   1   5  0.58 0.19
  203 V   -2 -4 -4 -5 -3 -4 -3 -5 -5  3 -1 -4 -1 -3 -4 -3  0 -1 -2  6    0   0   1   0   0   0   1   0   0  12   0   0   0   0   0   1   5   1   1  77  1.13 0.34
  204 V   -3 -5 -5 -5 -2 -4 -5 -5 -2  6  1 -4  0 -1 -5 -4 -2 -4 -3  4    0   0   0   0   0   0   0   0   1  55  10   0   1   1   0   0   0   0   0  31  1.01 0.28
  205 P   -3 -5 -3 -1 -1 -4 -3 -4 -5 -5 -6 -4 -5 -6  8 -2 -4 -6 -6 -5    0   0   1   4   1   0   0   0   0   0   0   0   0   0  90   1   0   0   0   0  2.57 0.50
  206 A    4 -2 -1 -1 -2  0  2 -1 -2 -3 -3  0 -3 -4  2  1 -1 -4 -2 -2   47   1   1   2   0   2  14   2   1   1   0   7   0   0   8  10   2   0   1   1  0.44 0.20
  207 K   -2  0  2  1 -4  1  4 -2  2 -4 -4  4 -2 -4 -3 -1 -2 -4 -2 -4    2   3   9   7   0   5  29   3   6   0   0  32   1   0   0   2   0   0   1   0  0.56 0.20
  208 Y   -3 -4 -3 -5 -4 -4 -4 -5 -2 -1  4 -4  3  2 -5 -4 -3  3  6 -2    0   0   1   0   0   0   0   0   0   0  45   0   9   5   0   0   0   4  34   0  0.99 0.29
  209 L   -3 -4 -3 -5 -3 -4 -5 -5 -5  2  5 -4  2 -1 -5 -4 -3  0 -2  1    0   0   1   0   0   0   0   0   0  12  72   0   5   1   0   0   0   1   0   6  0.95 0.27
  210 D   -4 -4  0  8 -6 -3 -1 -4 -2 -5 -6 -3 -5 -4 -4 -2 -2 -6 -5 -5    0   0   3  89   0   0   0   0   0   0   0   0   0   1   0   2   3   0   0   0  1.91 0.43
  211 E    0 -1  0  5 -4  0  5 -2 -2 -4 -4  0 -4 -5 -2  0 -2 -5 -4 -3    7   2   2  32   0   1  39   3   0   0   1   5   0   0   1   4   1   0   0   1  0.75 0.23
  212 D   -2  1  4  3 -4  2  2 -1  0 -4 -4  3 -3 -4 -2  0 -2 -4 -3 -4    2   7  21  15   0   7  12   3   1   0   1  25   0   0   1   4   1   0   0   0  0.50 0.17
  213 T   -2 -4 -3 -4 -3 -3 -3 -4 -4 -2 -3 -3 -2 -5 -4  0  7 -5 -4 -2    0   0   0   0   0   0   0   0   0   1   1   0   1   0   0   2  93   0   0   1  1.74 0.47
  214 I   -2  1 -2 -3 -4 -1 -1 -4 -3  3 -1  5 -2 -3 -3 -2 -2 -4 -3  2    0   7   1   0   0   1   2   0   0  24   2  43   0   1   0   0   1   0   0  17  0.58 0.24
  215 Y   -4 -3 -5 -5 -4 -4 -5 -5  0  1 -2 -3 -2  4 -5 -4 -4 -1  8 -2    1   1   0   0   0   0   0   0   1   8   1   1   0  16   0   1   0   0  67   2  1.64 0.40
  216 H   -4 -3 -3 -4 -5 -3 -2 -5  8 -3  0 -3 -3  5 -5 -3 -4 -1  4 -3    0   0   0   0   0   0   1   0  46   1   7   1   0  27   0   1   0   1  15   0  1.39 0.35
  217 L   -3 -4 -5 -5 -3 -4 -5 -5 -5  6  3 -3  0 -2 -5 -4 -2 -4 -2  2    0   0   0   0   0   0   0   0   0  57  28   1   1   0   0   0   0   0   1  11  0.96 0.27
  218 Q   -4 -2  8 -1 -5  4 -2 -3 -2 -5 -2 -2 -2 -4 -4 -2 -3 -5 -4 -5    0   0  72   0   0  20   0   0   0   0   5   0   1   1   0   0   0   0   0   0  1.52 0.41
  219 P   -3 -4 -5 -4 -6 -4 -4 -5 -5 -6 -6 -4 -5 -6  9 -3 -4 -7 -6 -5    0   0   0   0   0   0   0   0   0   0   0   0   0   0  98   1   0   0   0   0  2.97 0.55
  220 S   -1 -3 -2 -2  4 -2 -2 -3 -2 -3 -4 -2 -3 -4 -3  4  5 -5 -4 -3    1   0   0   1   8   0   1   0   1   0   0   1   0   0   0  38  49   0   0   0  0.99 0.33
  221 G   -2 -5 -3 -2 -5 -4 -2  7 -4 -6 -6 -4 -3 -4 -4 -3 -4 -5 -5 -5    0   0   0   1   0   0   2  94   0   0   0   0   1   1   0   0   0   0   0   0  1.93 0.41
  222 R   -3  7 -2 -2 -5  0 -2 -4 -2 -4 -1  2 -2 -3 -4 -1 -2 -5 -4 -4    1  73   1   2   0   1   1   0   0   1   6   8   1   1   0   3   1   0   0   0  1.24 0.34
  223 F   -5 -5 -6 -6 -5 -6 -6 -6 -2 -3 -2 -6 -3  9 -3 -5 -5 -2  1 -4    0   0   0   0   0   0   0   0   1   0   1   0   0  96   1   0   0   0   1   0  2.39 0.50
  224 V   -2 -5 -5 -5  0 -4 -5 -5 -4  3  0 -4 -1 -3 -4 -4 -1 -5 -3  6    0   0   0   0   1   0   0   0   0  13   5   0   0   0   0   0   3   0   0  76  1.14 0.33
  225 I   -3 -4 -5 -4 -3 -3 -3 -6 -3  7  0 -4  0 -1 -5 -4 -2 -5 -3  2    0   0   0   0   0   1   2   0   1  76   5   0   1   1   0   0   1   0   0  10  1.18 0.33
  226 G   -2 -5 -3 -4 -5 -4 -5  7 -5 -4 -6 -4 -5 -3 -5 -3 -4 -5 -5 -4    0   0   0   0   0   0   0  96   0   1   0   0   0   1   0   0   0   0   0   1  2.02 0.43
  227 G   -2 -5 -3 -4 -5 -4 -5  7 -5 -5 -6 -4 -5 -6 -3 -2 -4 -5 -6 -6    0   0   0   0   0   0   0  96   0   1   0   0   0   0   1   1   0   0   0   0  2.03 0.43
  228 P   -4 -5 -5 -4 -6 -4 -4 -5 -2 -5 -5 -4 -5 -6  9 -3 -4 -7 -6 -5    0   0   0   0   0   0   0   0   1   0   0   0   0   0  97   1   0   0   0   0  2.93 0.54
  229 Q   -3 -1 -1 -2 -4  7  0 -4  4 -4 -3  0  4 -4 -3 -2 -3 -4 -2 -3    1   1   3   1   0  61   1   0  13   0   1   4  11   0   0   1   0   0   1   1  1.18 0.37
  230 G   -1 -4 -3 -4 -1 -4 -4  7 -4 -6 -6 -4 -5 -5 -4  1 -2 -5 -5 -5    3   0   0   0   1   0   0  85   0   0   0   0   0   0   0   9   2   0   0   0  1.67 0.38
  231 D   -5 -2 -1  8 -6 -3 -1 -3 -4 -6 -7 -3 -6 -6 -4 -3 -4 -7 -6 -6    0   2   0  97   0   0   1   1   0   0   0   0   0   0   0   0   0   0   0   0  2.27 0.50
  232 A    6 -3 -3 -3  3 -3 -3 -2 -4 -3 -4 -3 -3 -4 -3  2  0 -5 -4 -2   71   0   0   0   5   0   0   0   0   0   0   0   0   0   0  18   3   0   0   1  1.00 0.32
  233 G   -2 -5 -3 -4 -5 -4 -5  7 -5 -6 -6 -4 -5 -6 -5 -3 -4 -5 -6 -6    0   0   0   0   0   0   0  98   0   0   0   0   0   0   0   0   0   0   0   0  2.14 0.44
  234 V   -4 -4 -5 -6 -3 -4 -5 -6 -5  0  6 -5  0 -2 -5 -5 -3 -4 -3  1    0   0   0   0   0   0   0   0   0   0  92   0   0   0   0   0   0   0   0   6  1.37 0.36
  235 T   -3 -4 -3 -4 -4 -3 -4 -4 -5 -4 -4 -3 -3 -5 -4 -1  8 -5 -4 -3    0   0   0   0   0   0   0   0   0   0   0   0   0   0   0   0 100   0   0   0  2.03 0.52
  236 G   -2 -5 -3 -4 -5 -4 -5  7 -5 -7 -6 -4 -5 -6 -5 -3 -4 -5 -6 -6    0   0   0   0   0   0   0 100   0   0   0   0   0   0   0   0   0   0   0   0  2.21 0.46
  237 R   -4  8 -3 -4 -6 -2 -3 -4 -3 -6 -5  0 -4 -6 -5 -3 -4 -6 -5 -5    0  98   0   0   0   0   0   1   0   0   0   2   0   0   0   0   0   0   0   0  2.24 0.51
  238 K   -3  0 -3 -3 -6 -1 -2 -4 -3 -5 -5  8 -1 -6 -4 -3 -3 -6 -5 -5    0   0   0   0   0   0   0   0   0   0   0  98   2   0   0   0   0   0   0   0  1.96 0.49
  239 I   -4 -6 -6 -6 -4 -3 -6 -6 -6  8 -1 -5 -1 -3 -5 -5 -3 -5 -4  1    0   0   0   0   0   2   0   0   0  97   0   0   0   0   0   0   0   0   0   1  1.87 0.45
  240 I   -4 -6 -6 -6 -4 -5 -6 -6 -6  8 -1 -5 -1 -3 -5 -3 -3 -5 -4  0    0   0   0   0   0   0   0   0   0  98   0   0   0   0   0   2   0   0   0   0  1.91 0.46
  241 V   -2 -5 -5 -6 -3 -5 -5 -6 -6  2 -1 -5 -2 -1 -5 -4 -2 -5 -3  7    0   0   0   0   0   0   0   0   0   6   0   0   0   2   0   0   0   0   0  92  1.56 0.41
  242 D   -5 -4 -1  8 -6 -3 -1 -4 -4 -6 -7 -3 -6 -7 -4 -3 -4 -7 -6 -6    0   0   0 100   0   0   0   0   0   0   0   0   0   0   0   0   0   0   0   0  2.41 0.52
  243 T   -2 -4 -3 -4 -4 -3 -4 -4 -4 -3 -4 -3 -3 -5 -4  0  7 -5 -1 -3    1   0   0   0   0   0   0   0   0   0   0   0   0   0   0   4  93   0   2   0  1.78 0.48
  244 Y   -5 -5 -5 -6 -6 -5 -5 -6 -1 -4 -4 -5 -4  1 -6 -5 -5 -1 10 -4    0   0   0   0   0   0   0   0   0   0   0   0   0   2   0   0   0   0  98   0  2.85 0.59
  245 G   -2 -5 -3 -4 -5 -4 -5  7 -5 -6 -6 -4 -5 -6 -5 -3 -2 -5 -6 -6    0   0   0   0   0   0   0  98   0   0   0   0   0   0   0   0   2   0   0   0  2.14 0.45
  246 G   -2 -5 -3 -4 -5 -4 -5  7 -5 -7 -6 -4 -5 -6 -5 -3 -4 -5 -6 -6    0   0   0   0   0   0   0 100   0   0   0   0   0   0   0   0   0   0   0   0  2.22 0.46
  247 W   -2 -5 -5 -6 -5 -4 -5 -5 -2 -4 -3 -5  4  0 -6 -3 -3 11  6 -3    4   0   0   0   0   0   0   0   1   0   0   0  12   3   0   2   1  50  27   1  2.19 0.46
  248 G    4 -4 -3 -4 -4 -3 -4  6 -4 -5 -5 -3 -4 -5 -4 -1 -3 -5 -5 -4   38   0   0   0   0   0   0  59   0   0   0   0   0   0   0   3   0   0   0   0  1.25 0.33
  249 A    4  5 -3 -4 -4 -2 -2 -1  1 -4 -4 -1 -3 -5 -2 -1 -2 -5 -4 -3   47  43   0   0   0   0   0   3   4   0   0   1   0   0   1   1   0   0   0   0  0.94 0.32
  250 H   -5 -2 -1 -4 -6 -3 -3 -5 11 -6 -6 -4 -5 -4 -5 -4 -5 -6 -1 -4    0   2   2   0   0   0   0   0  95   0   0   0   0   0   0   0   0   0   0   1  3.01 0.60
  251 G   -2 -5 -3 -4 -5 -4 -5  7 -5 -7 -6 -4 -5 -6 -5 -3 -4 -5 -6 -6    0   0   0   0   0   0   0 100   0   0   0   0   0   0   0   0   0   0   0   0  2.22 0.46
  252 G   -2 -5 -3 -4 -5 -4 -5  7 -5 -6 -6 -4 -5 -6 -5 -3 -4 -5 -6 -4    0   0   0   0   0   0   0  98   0   0   0   0   0   0   0   0   0   0   0   2  2.13 0.45
  253 G   -2 -5 -3 -4 -5 -4 -5  7 -5 -7 -6 -4 -5 -6 -5 -3 -4 -5 -6 -6    0   0   0   0   0   0   0 100   0   0   0   0   0   0   0   0   0   0   0   0  2.22 0.46
  254 A    7 -4 -4 -4  0 -3 -3 -2 -4 -4 -4 -3 -3 -5 -3 -1 -3 -5 -4 -3   97   0   0   0   2   0   0   0   0   0   0   0   0   0   0   1   0   0   0   0  1.61 0.44
  255 F   -5 -6 -6 -7 -5 -6 -6 -6 -4 -3 -1 -6 -3  9 -7 -5 -5 -2  0 -4    0   0   0   0   0   0   0   0   0   0   3   0   0  97   0   0   0   0   0   0  2.50 0.52
  256 S   -1 -4 -2 -3 -4 -3 -3 -3 -4 -5 -5 -3 -4 -5 -4  7 -1 -6 -5 -4    0   0   0   0   0   0   0   0   0   0   0   0   0   0   0 100   0   0   0   0  1.82 0.50
  257 G   -2 -5 -3 -4 -5 -4 -5  7 -5 -7 -6 -4 -5 -6 -5 -3 -4 -5 -6 -6    0   0   0   0   0   0   0 100   0   0   0   0   0   0   0   0   0   0   0   0  2.22 0.46
  258 K   -3  0 -3 -3 -6 -1 -2 -4 -3 -6 -5  8 -4 -6 -4 -3 -3 -6 -5 -5    0   0   0   0   0   0   0   0   0   0   0 100   0   0   0   0   0   0   0   0  2.04 0.50
  259 D   -5 -4 -1  8 -6 -3 -1 -4 -4 -6 -7 -3 -6 -7 -4 -3 -4 -7 -6 -6    0   0   0 100   0   0   0   0   0   0   0   0   0   0   0   0   0   0   0   0  2.41 0.52
  260 Y    1 -4 -4 -4  3 -3 -3 -2 -3 -4 -4 -3 -4  2  6 -1 -2  1  4 -3   12   0   0   0   7   0   0   3   0   0   0   0   0   9  48   3   2   2  14   0  1.13 0.29
  261 T   -1 -3 -2 -3 -3 -3 -3 -3 -4 -3 -4 -3 -3 -4 -3  4  6 -5 -4 -3    2   0   0   0   0   0   0   0   0   0   0   0   0   0   0  29  68   0   0   0  1.28 0.39
  262 K   -3  0 -3 -3 -6 -1 -2 -4 -3 -6 -5  8 -4 -6 -4 -3 -3 -6 -5 -5    0   0   0   0   0   0   0   0   0   0   0 100   0   0   0   0   0   0   0   0  2.04 0.50
  263 V   -2 -5 -6 -6 -3 -5 -5 -6 -6  1 -2 -5 -2 -3 -5 -4 -3 -6 -4  7    0   0   0   0   0   0   0   0   0   2   0   0   0   0   0   0   0   0   0  97  1.72 0.44
  264 D   -5 -4 -1  8 -6 -3 -1 -4 -4 -6 -7 -3 -6 -7 -4 -3 -4 -7 -6 -6    0   0   0 100   0   0   0   0   0   0   0   0   0   0   0   0   0   0   0   0  2.41 0.52
  265 R   -4  8 -3 -4 -6 -2 -3 -5 -3 -6 -5  0 -4 -6 -5 -4 -4 -6 -5 -5    0 100   0   0   0   0   0   0   0   0   0   0   0   0   0   0   0   0   0   0  2.34 0.52
  266 S   -1 -3 -2 -3  1 -3 -3 -3 -4 -5 -5 -3 -4 -5 -4  7 -1 -6 -4 -4    0   0   0   0   2   0   0   0   0   0   0   0   0   0   0  97   0   0   0   0  1.72 0.49
  267 A    6 -4 -4 -4 -3 -3 -3  2 -4 -4 -4 -3 -3 -5 -3 -1 -2 -5 -4 -3   83   0   0   0   0   0   0  16   0   0   0   0   0   0   0   0   0   0   0   0  1.32 0.39
  268 A    6 -4 -3 -4  0 -3 -3 -2 -4 -4 -4 -3 -3 -5 -3  2 -1 -5 -4 -3   82   0   0   0   2   0   0   0   0   0   0   0   0   0   0  14   1   0   0   0  1.25 0.38
  269 Y   -5 -5 -5 -6 -6 -5 -5 -6 -1 -4 -4 -5 -4  0 -6 -5 -5 -1 10 -4    0   0   0   0   0   0   0   0   0   0   0   0   0   0   0   0   0   0 100   0  2.91 0.60
  270 A    6 -4 -4 -4 -1 -3 -3 -1 -4 -1 -2 -3  0 -4 -3 -1  0 -5 -3 -1   83   0   0   0   1   0   0   2   0   2   2   0   3   0   0   1   4   0   0   2  1.10 0.35
  271 A    6 -4 -4 -4  0 -3 -3 -1 -4 -4 -4 -3 -3 -5 -3 -1 -2 -5 -4 -2   92   0   0   0   1   0   0   3   0   0   0   0   0   0   0   1   0   0   0   1  1.43 0.41
  272 R   -4  8 -3 -4 -6 -2 -3 -5 -3 -6 -5  0 -4 -6 -5 -4 -4 -6 -5 -5    0 100   0   0   0   0   0   0   0   0   0   0   0   0   0   0   0   0   0   0  2.32 0.52
  273 W   -5 -5 -6 -6 -5 -2 -5 -6 -1 -5 -4 -5 -4 -1 -6 -5 -5 11  7 -5    0   0   0   0   0   2   0   0   1   0   0   0   0   0   0   0   0  54  42   0  2.84 0.54
  274 V   -1 -5 -5 -5 -3 -4 -5 -5 -5  4 -1 -4  0 -3 -5 -4 -2 -5 -3  6    5   0   0   0   0   0   0   0   0  23   0   0   1   0   0   0   0   0   0  70  1.17 0.33
  275 A    7 -4 -4 -4 -3 -3 -3 -2 -4 -4 -4 -3 -4 -5 -3 -1 -3 -5 -4 -3   99   0   0   0   0   0   0   0   0   0   0   0   0   0   0   0   0   0   0   0  1.66 0.45
  276 K   -3  0 -3 -3 -6 -1 -2 -4 -3 -6 -5  8 -4 -6 -4 -2 -3 -6 -5 -5    0   0   0   0   0   0   0   0   0   0   0  99   0   0   0   1   0   0   0   0  1.97 0.49
  277 S   -2 -3  6 -2 -4 -2 -3 -3 -2 -5 -5 -3 -4 -5 -4  5 -1 -6 -4 -5    0   0  50   0   0   0   0   0   0   0   0   0   0   0   0  50   0   0   0   0  1.39 0.40
  278 L   -3 -4 -5 -5 -3 -4 -5 -6 -5  5  4 -4  0  0 -5 -4 -3 -4 -3  1    0   0   0   0   0   0   0   0   0  40  50   0   0   2   0   0   0   0   0   8  0.97 0.27
  279 V   -3 -5 -6 -6 -2 -5 -5 -6 -6  1 -1 -5 -2 -3 -5 -4 -3 -5 -4  7    0   0   0   0   0   0   0   0   0   4   1   0   0   0   0   0   0   0   0  95  1.67 0.43
  280 K    5 -2 -1 -3 -3 -1 -2 -2  1 -4 -4  3 -3 -4 -3 -1 -2 -5 -3 -2   64   0   3   0   0   2   0   0   3   0   0  23   0   0   0   1   1   0   0   1  0.84 0.30
  281 A    6 -3 -2 -4 -3 -3 -3  0 -4 -4 -4 -3 -3 -5 -3  1 -2 -5 -4 -3   87   1   1   0   0   0   0   4   0   0   0   0   0   0   0   7   0   0   0   0  1.29 0.38
  282 G   -2 -1 -2 -3 -5 -2 -2  7 -3 -6 -6  0 -5 -6 -4 -2 -4 -5 -5 -5    0   3   1   1   0   1   2  85   0   0   0   7   0   0   0   0   0   0   0   0  1.62 0.37
  283 L   -3 -4 -6 -6 -3 -4 -5 -6 -5  2  6 -5  0  0 -5 -5 -3 -4 -1  0    0   0   0   0   0   0   0   0   0   8  83   0   0   2   0   0   0   0   1   5  1.16 0.32
  284 C    5 -4 -4 -5  8 -4 -4 -3 -4 -4 -3 -4 -3 -5 -4 -1 -3 -5 -4 -2   65   0   0   0  32   0   0   0   0   0   0   0   0   0   0   1   0   0   0   1  1.50 0.40
  285 R   -3  5 -1  4 -5  0  1 -3  1 -5 -4  3 -3 -5 -3 -1 -2 -5 -3 -4    0  32   1  27   0   1   7   0   3   0   0  22   0   0   0   4   2   0   0   0  0.75 0.24
  286 R   -3  7 -2 -3 -6  0 -1 -4 -2 -5 -5  4 -4 -5 -4 -2 -3 -5 -4 -5    0  66   0   0   0   3   1   0   0   0   0  28   0   0   0   1   1   0   0   0  1.46 0.37
  287 V    1 -5 -5 -6  9 -5 -5 -4 -5  0 -1 -5 -3 -4 -5 -3 -3 -5 -4  3   13   0   0   0  54   0   0   0   0   3   5   0   0   0   0   0   0   0   0  25  1.55 0.37
  288 L   -3 -3 -3 -2 -4 -1  5 -5 -3 -1  4 -2  0 -3 -4 -3 -3 -4 -4 -2    0   0   0   0   0   1  49   0   0   2  47   0   1   0   0   0   0   0   0   0  0.91 0.32
  289 V   -3 -5 -5 -5 -3 -5 -5 -6 -5  4 -1 -5 -1 -2 -5 -4 -2 -5 -3  6    0   0   0   0   0   0   0   0   0  28   2   0   0   1   0   0   0   0   0  69  1.27 0.35
  290 Q   -4 -2 -3 -3 -6  9  1 -4 -2 -6 -5 -2 -3 -6 -4 -3 -4 -5 -4 -5    0   0   0   0   0  94   5   1   0   0   0   0   0   0   0   0   0   0   0   0  2.22 0.55
  291 V   -3 -4 -5 -5 -3 -4 -5 -5 -5  2  4 -4  0  0 -5 -4 -2 -4 -3  4    0   0   0   0   0   0   0   0   0  11  55   0   0   3   0   0   0   0   0  31  0.87 0.26
  292 S    4 -3 -2 -3 -3 -3 -3 -2 -3 -4 -4 -3 -3 -5 -3  5 -1 -5 -4 -3   46   0   0   0   0   0   0   0   0   0   0   0   0   0   0  54   0   0   0   0  1.12 0.37
  293 Y   -5 -5 -5 -6 -6 -5 -5 -6 -1 -4 -4 -5 -4  0 -6 -5 -5 -1 10 -4    0   0   0   0   0   0   0   0   0   0   0   0   0   0   0   0   0   0 100   0  2.92 0.60
  294 A    7 -4 -4 -4 -3 -3 -3 -2 -4 -4 -4 -3 -3 -5 -3  0 -2 -5 -4 -2   95   0   0   0   0   0   0   1   0   0   0   0   0   0   0   4   0   0   0   0  1.54 0.43
  295 I   -4 -6 -6 -6 -4 -6 -6 -7 -6  8 -1 -5 -1 -3 -6 -5 -3 -5 -4  0    0   0   0   0   0   0   0   0   0  99   0   0   0   0   0   0   0   0   0   1  1.97 0.47
  296 G   -2 -5 -3 -3 -5 -4 -5  7 -5 -6 -6 -4 -5 -6 -5 -2 -4 -5 -6 -6    1   0   0   1   0   0   0  96   0   0   0   0   0   0   0   2   0   0   0   0  2.06 0.43
  297 V   -3 -5 -5 -6 -3 -3 -5 -6 -6  3 -1 -4 -1 -3 -5 -4 -2 -5 -4  7    0   0   0   0   0   1   0   0   0  14   1   0   0   0   0   0   0   0   0  84  1.40 0.38
  298 A    6 -4 -3 -4 -2 -3 -3 -2 -4 -4 -4 -3 -3 -5  0  2 -1 -5 -4 -2   82   0   0   0   0   0   0   0   0   0   0   0   0   0   3  12   1   0   0   1  1.21 0.37
  299 E   -3  2 -1 -1 -5  3  5 -4  5 -5 -4  2 -3 -4 -3 -1 -2 -4 -1 -4    0   9   1   1   0  16  39   0  20   0   0  10   0   0   0   1   1   0   2   0  0.85 0.27
  300 P   -4 -5 -5 -5 -6 -4 -4 -5 -5 -6 -6 -4 -6 -7  9 -4 -4 -7 -6 -5    0   0   0   0   0   0   0   0   0   0   0   0   0   0 100   0   0   0   0   0  3.08 0.57
  301 L   -2 -4 -4 -5 -2 -4 -4 -5 -5  1  4 -4  1 -2 -4 -3  1 -4 -3  4    0   0   0   0   0   0   0   0   0   4  45   0   2   0   0   0  10   0   0  38  0.75 0.25
  302 S    0 -3 -2 -3 -4 -3 -2 -3 -4 -5 -5 -3 -4 -5 -3  7 -1 -6 -4 -4    3   0   0   0   0   0   1   0   0   0   0   0   0   0   0  95   0   0   0   0  1.63 0.47
  303 I   -3 -5 -5 -5 -3 -5 -5 -6 -5  7  0 -5  0 -2 -5 -4 -2 -5 -3  4    0   0   0   0   0   0   0   0   0  69   5   0   1   0   0   0   0   0   0  25  1.28 0.34
  304 S    0 -1  0 -2 -3 -2 -1 -3  2 -2  0 -2  3  3 -3  3  1 -2  2 -2    6   3   4   0   0   0   2   0   7   0   6   0  13  13   0  27  10   0   9   0  0.30 0.17
  305 I   -2 -5 -5 -5 -3 -5 -5 -6 -5  4  0 -5 -1 -3 -5 -4 -2 -5 -3  6    0   0   0   0   0   0   0   0   0  19   6   0   0   0   0   0   0   0   0  74  1.24 0.34
  306 F   -3 -3  2  6 -5 -2  2 -3  0 -3 -3 -2 -3  4 -4 -2 -2 -3 -1 -4    0   0  11  48   0   0  14   0   2   1   1   0   0  19   0   1   1   0   1   0  0.89 0.27
  307 T   -2 -3 -2  0 -3 -3 -3 -4  4 -3 -4 -3 -3 -4 -3  2  6 -5 -3 -3    1   0   0   4   0   0   0   0   9   0   0   0   0   0   1  16  68   0   0   0  1.16 0.37
  308 Y   -4 -5 -5 -6 -2 -4 -5 -5 -1 -3 -3 -5 -3  7 -6 -4 -4  0  7 -4    1   0   0   0   1   0   0   0   0   0   0   0   0  48   0   0   0   0  49   0  1.88 0.43
  309 G   -2 -4 -2 -2 -4 -4 -3  7 -4 -6 -6 -3 -5 -6 -5 -3 -4 -5 -6 -6    0   0   1   1   0   0   1  95   0   0   0   1   0   0   0   0   0   0   0   0  1.99 0.43
  310 T   -3 -4 -3 -4 -4 -3 -4 -4 -4 -3 -4 -3 -3 -5 -4  0  8 -5 -4 -3    0   0   0   0   0   0   0   0   0   0   0   0   0   0   0   4  95   0   0   0  1.88 0.50
  311 S    0 -3 -1 -3 -2 -3 -2  5 -2 -5 -5 -3 -4 -5 -3  4 -2 -5 -4 -4    6   0   2   0   0   0   1  52   1   0   0   0   0   0   0  37   1   0   0   1  1.03 0.30
  312 K   -1  1  0  0 -4  1  0 -2 -1 -2 -3  5 -3 -4 -1  0  1 -4 -3 -1    3   3   3   6   0   4   3   2   1   1   1  50   0   0   2   5  12   0   0   4  0.50 0.21
  313 K   -2  1 -3 -4 -2 -2 -2 -4 -2  3  1  3  0 -1 -3 -3 -2 -3  2  3    1   8   0   0   0   0   0   0   0  17  13  24   1   1   0   0   0   0   8  25  0.35 0.17
  314 T    0 -3  0  2 -3 -2 -1 -2 -2 -4 -4 -2 -3 -4  2  5  3 -5 -4 -3    5   0   2  11   0   0   3   2   1   0   0   1   0   0  11  49  16   0   0   0  0.66 0.25
  315 E   -3 -2  2  5 -5  1  5 -3 -1 -5 -5 -2 -4 -5 -3  0 -2 -5 -4 -4    1   0   8  34   0   6  42   0   1   0   0   0   0   0   0   6   0   0   0   0  0.97 0.28
  316 R    1  0  0  3 -4  1  4 -2  0 -4 -4  2 -3 -4 -2  1 -1 -3 -3 -3   11   3   2  20   0   6  32   1   1   0   1  11   0   0   0   8   3   0   0   1  0.49 0.18
  317 E   -1  1 -2  1 -4  2  5 -4 -2 -3 -3  3 -3 -4 -3 -2 -1 -4 -3 -2    3   5   0   5   0   9  44   0   0   1   2  23   0   0   0   0   2   0   0   3  0.66 0.23
  318 L   -3 -4 -6 -6 -3 -4 -5 -6 -5  4  5 -5  0 -2 -5 -5 -3 -4 -3  0    0   0   0   0   0   0   0   0   0  27  71   0   1   0   0   0   0   0   0   1  1.16 0.32
  319 L   -1 -3 -4 -4 -2 -2 -1 -4  0  2  3 -3  0 -2 -4 -2  0 -4 -2  4    5   0   0   0   0   1   5   0   3   9  34   0   0   0   0   3   4   0   0  36  0.44 0.18
  320 E    0 -1  0  2 -4  3  5 -2 -1 -4 -4  2 -3 -5 -3 -1 -1 -5 -4 -4   10   2   2  13   0  13  42   1   1   0   0  11   0   0   0   3   2   0   0   0  0.65 0.22
  321 V    1 -4 -5 -5 -2 -4 -4 -4 -4  6  2 -3  0 -2 -4 -3 -2 -2 -3  1   15   0   0   0   0   0   0   0   0  57  20   1   1   0   0   0   0   1   0   6  0.82 0.26
  322 V   -2 -5 -5 -5 -3 -5 -5 -5 -5  5 -1 -5 -1 -3 -5 -3 -2 -5 -3  6    2   0   0   0   0   0   0   0   0  37   1   0   0   0   0   1   0   0   0  59  1.18 0.33
  323 N   -2  5  3 -1 -5  2  1 -3  1 -4 -3  3  0 -4 -3 -1 -2 -4 -3 -4    1  37  15   3   0   7   7   1   3   0   1  21   3   0   0   2   1   0   0   0  0.65 0.22
  324 K    0  1  1  1 -4  1  3 -3  0 -4 -4  5 -3 -5 -3  0 -1 -5 -3 -4    6   5   7   7   0   5  18   0   3   0   0  44   0   0   0   3   1   0   0   0  0.62 0.22
  325 N   -3 -3  7 -1 -4 -2 -2 -3  4 -2 -2 -2 -3 -3 -4 -1 -1 -5 -2  1    0   0  66   0   0   0   1   0  11   2   3   0   0   1   0   1   2   0   1  11  1.18 0.35
  326 F   -5 -6 -6 -7 -5 -6 -6 -6 -4 -3 -2 -6 -3  9 -7 -5 -5  2  0 -3    0   0   0   0   0   0   0   0   0   0   0   0   0  98   0   0   0   2   0   0  2.54 0.52
  327 D   -4 -3  0  8 -6 -2 -1 -4 -4 -6 -6 -2 -6 -6 -4 -2 -4 -7 -6 -6    0   1   1  95   0   1   1   0   0   0   0   1   0   0   0   1   0   0   0   0  2.17 0.48
  328 L   -4 -5 -6 -6 -3 -4 -5 -6 -5 -1  6 -5  2  1 -5 -5 -3 -4 -3 -1    0   0   0   0   0   0   0   0   0   0  93   0   3   4   0   0   0   0   0   0  1.41 0.37
  329 R   -4  8 -3 -4 -6 -2 -3 -5 -1 -6 -5  0 -4 -6 -5 -3 -1 -6 -4 -5    0  95   0   0   0   0   0   0   1   0   0   1   0   0   0   0   3   0   0   0  2.10 0.49
  330 P   -4 -5 -5 -4 -6 -4 -4 -5 -5 -6 -4 -4 -5 -7  9 -4 -4 -7 -6 -5    0   0   0   0   0   0   0   0   0   0   2   0   0   0  98   0   0   0   0   0  2.98 0.56
  331 G    4 -3 -2 -3 -3 -3 -3  5 -3 -4 -4 -2 -4 -4 -3 -1 -2 -3  0 -3   36   1   0   1   0   0   0  52   0   0   0   2   0   0   0   1   1   0   5   0  0.94 0.28
  332 V    2 -2 -2 -2  1 -2 -3  4 -3  0 -2  0  1 -3 -3 -1 -2 -4 -3  2   20   1   0   2   3   1   0  34   0   6   0   7   5   0   0   1   0   0   0  19  0.38 0.17
  333 I   -4 -5 -6 -6 -4 -5 -6 -6 -6  8  1 -5  0 -2 -5 -5 -3 -5 -4  0    0   0   0   0   0   0   0   0   0  91   7   0   2   0   0   0   0   0   0   1  1.68 0.42
  334 V   -2 -5 -5 -5 -3 -3 -5 -5 -5  6  0 -4  1 -2 -5 -3 -2 -5 -3  4    1   0   0   0   0   1   0   1   0  61   1   0   3   0   0   1   1   0   0  30  1.12 0.32
  335 R   -3  5  0 -1 -5  1  1 -4 -2 -3 -4  5 -3 -5 -3 -2 -2 -5 -4 -4    1  31   4   2   0   5   7   0   0   1   0  47   0   0   0   1   0   0   0   0  0.94 0.28
  336 D   -1 -3  0  4 -4  0  4 -4 -2 -3 -2 -2  6 -2 -3 -1 -1 -4 -3 -3    4   0   4  24   0   2  27   0   1   0   0   1  28   1   0   4   3   0   0   0  0.67 0.26
  337 L   -4 -5 -6 -6 -4 -5 -5 -6 -5 -1  6 -5  0 -1 -5 -5 -4 -4 -3 -1    0   0   0   0   0   0   0   0   0   0  99   0   0   1   0   0   0   0   0   0  1.57 0.40
  338 D   -4 -3  3  7 -4  0  0  0 -2 -5 -6 -1 -5 -6 -4 -2 -3 -6 -5 -5    0   1  15  68   0   3   3   7   0   0   0   3   0   0   0   0   0   0   0   0  1.34 0.34
  339 L   -4 -5 -6 -6 -4 -5 -5 -6 -5 -1  6 -5  0 -2 -5 -5 -4 -4 -3 -1    0   0   0   0   0   0   0   0   0   0  99   0   0   0   0   0   0   0   0   0  1.60 0.41
  340 K   -1  6 -2 -2 -2  2 -1 -4 -2 -4 -1  4 -2 -3 -4 -2 -2 -4 -3 -4    5  49   0   1   1   8   1   0   0   0   6  25   0   1   0   0   1   0   0   0  0.87 0.27
  341 K   -3  7  0 -3 -5  1 -2 -4 -1 -5 -4  4 -4 -5 -4 -2 -2 -5 -4 -5    1  65   4   0   0   4   1   0   1   0   0  23   0   0   0   1   1   0   0   0  1.33 0.35
  342 P   -3 -5 -5 -4 -6 -4 -4 -3 -5 -6 -6 -3 -5 -7  9 -3 -4 -7 -6 -5    0   0   0   0   0   0   0   1   0   0   0   1   0   0  97   0   0   0   0   0  2.91 0.55
  343 I   -4 -2 -5 -5 -4 -2 -5 -5 -4  7 -1 -3 -1 -2 -5 -4 -3 -5 -4  1    0   3   0   0   0   2   0   0   0  88   1   1   1   1   0   0   0   0   0   3  1.48 0.40
  344 Y   -5 -5 -5 -6 -5 -4 -5 -6 -1 -4 -4 -5 -1  3 -6 -5 -5 -1  9 -4    0   0   0   0   0   0   0   0   0   0   0   0   1   9   0   0   0   0  89   0  2.52 0.54
  345 Q   -2  4 -1 -2 -3  4  1 -3  1 -3 -2  4 -2  0 -3 -1 -2 -4 -2 -3    2  21   1   0   0  25   6   0   3   1   5  29   0   4   0   2   1   0   1   0  0.58 0.22
  346 K   -1  1 -1 -1 -4  6  1 -3 -1 -5 -4  4 -2 -5 -1 -1 -2 -4 -4 -4    4   5   2   2   0  45   5   0   1   0   0  27   1   0   3   3   0   0   0   0  0.86 0.29
  347 T   -2 -4 -3 -4 -3 -3 -4 -4 -4 -2 -2 -3 -3 -4 -4 -1  7 -5 -4  0    0   0   0   0   0   0   0   0   0   1   4   0   0   0   0   0  90   0   0   4  1.64 0.46
  348 A    6 -4 -4 -4 -2 -3 -3 -2 -4 -4 -4 -3 -3 -5 -3  1 -2 -5 -4 -3   91   0   0   0   1   0   0   0   0   0   0   0   0   0   0   9   0   0   0   0  1.44 0.41
  349 C    5 -1 -3 -3  5 -2 -2 -2 -3 -3 -3  0 -2 -4 -3  1  0 -4 -2 -1   57   3   0   0  16   0   2   0   0   0   0   4   0   0   0   8   5   0   1   3  0.73 0.26
  350 Y   -5 -4  1 -5 -5 -4 -5 -3  0 -4 -4 -5 -4  2 -6 -4 -4 -1  9 -4    0   0   7   0   0   0   0   2   1   0   0   0   0   3   0   0   0   0  87   0  2.30 0.51
  351 G   -2 -5 -3 -4 -5 -4 -5  7 -5 -7 -6 -4 -5 -6 -5 -3 -4 -5 -6 -6    0   0   0   0   0   0   0 100   0   0   0   0   0   0   0   0   0   0   0   0  2.21 0.46
  352 H   -5 -3 -2 -4 -6 -3 -3 -5 11 -7 -6 -4 -5 -4 -5 -4 -5 -6 -1 -6    0   0   0   0   0   0   0   0  99   0   0   0   0   0   0   0   0   0   0   0  3.26 0.63
  353 F   -5 -6 -6 -6 -5 -6 -6 -6 -4 -3 -2 -6  0  9 -7 -5 -5 -2  0 -3    0   0   0   0   0   0   0   0   0   0   0   0   3  97   0   0   0   0   0   0  2.47 0.51
  354 G   -2 -5 -3 -4 -5 -4 -4  7 -4 -6 -6 -4 -5 -6 -5 -2  0 -5 -5 -5    0   0   0   0   0   0   0  94   0   0   0   0   0   0   0   0   6   0   0   0  1.95 0.42
  355 R   -4  8  2 -2 -6 -1 -3 -5  1 -6 -5  0 -4 -5 -5 -3 -3 -5 -4 -5    0  86   8   2   0   0   0   0   3   0   0   2   0   0   0   0   0   0   0   0  1.79 0.44
  356 S   -1 -2  2  2 -3  1  2 -3 -1 -3 -3  0 -2 -4  2  0  3 -4 -3 -2    1   0  12  11   0   7  17   0   0   1   1   6   0   0   9   6  26   0   0   1  0.42 0.17
  357 E   -2 -3  0  6 -5  0  3 -1 -2 -4 -5 -2 -4 -5 -3  0 -2 -6 -5 -4    1   0   3  57   0   3  23   4   0   1   0   1   0   0   0   5   1   0   0   0  1.08 0.30
  358 F   -4 -5 -4 -5 -3 -5 -5 -6 -4 -1  4 -5 -1  7 -5 -4 -4 -2  2 -2    0   0   1   0   0   0   0   0   0   2  40   0   0  53   0   0   0   0   4   1  1.25 0.33
  359 P   -1 -3 -3 -3 -4 -3 -3 -4 -4 -4 -3 -2 -4 -5  7  1  3 -6 -5 -4    2   0   1   0   0   0   0   0   0   0   2   1   0   0  61  12  19   0   0   0  1.54 0.36
  360 W   -6 -6 -7 -8 -6 -6 -7 -6 -6 -6 -5 -7 -5 -2 -7 -6 -6 13 -1 -7    0   0   0   0   0   0   0   0   0   0   0   0   0   0   0   0   0 100   0   0  4.61 0.75
  361 E   -4 -3 -3 -1 -7 -1  8 -4 -3 -6 -6 -2 -5 -6 -4 -3 -4 -6 -5 -5    0   0   0   0   0   0 100   0   0   0   0   0   0   0   0   0   0   0   0   0  2.11 0.51
  362 V   -1  3 -1 -2 -3  3  0 -3  2  0 -3  4 -2 -4 -3 -2 -1 -4 -3  1    4  14   2   1   0  17   2   0   5   6   1  35   0   0   0   1   3   0   0  12  0.45 0.19
  363 P   -2 -4 -3 -4 -1 -3 -3 -4 -4 -1  1 -3 -2 -4  6 -1  4 -5 -4  0    2   0   0   0   1   0   1   0   0   2  13   0   0   0  41   1  34   0   0   6  1.02 0.30
  364 K   -3  0  1  6 -6 -1 -1 -4 -3 -5 -5  5 -4 -6 -3 -2 -3 -6 -5 -4    0   2   4  44   0   0   0   0   0   0   0  48   0   0   0   0   0   0   0   1  1.21 0.35
  365 K   -2  1  0 -1 -5  1  1 -3 -2 -3 -4  6 -2 -5  0 -1  0 -5 -4 -3    2   3   3   2   0   3   7   0   0   1   0  61   1   0   5   4   6   0   0   1  0.78 0.27
  366 L   -2 -4 -5 -5 -3 -4 -5 -5 -5  1  5 -4  0 -2 -5 -4 -2 -4 -3  4    1   0   0   0   0   0   0   0   0   4  60   0   0   0   0   0   0   0   0  34  0.92 0.26
  367 V   -1  1  2  0 -3  1  1 -3 -2  1 -2  3 -1 -3 -2 -1  0 -4 -3  1    1   4  13   3   0   5   9   0   0  11   1  32   0   0   0   1   3   0   0  16  0.25 0.12
  368 F   -3 -4 -4 -5 -3 -4 -4 -5 -2  3  3 -4  0  5 -4 -4 -3 -1  3  0    0   0   0   0   0   0   0   0   0  22  30   0   0  36   0   0   0   0  13   0  0.72 0.17
