    1 G    2 -3 -1 -2 -3 -2 -2  5 -3 -4 -4 -2 -3 -4 -3  4 -1 -4 -4 -3   13   0   0   0   0   0   0  43   0   0   0   0   0   0   0  43   0   0   0   0  0.82 0.23
    2 P   -4 -6 -6 -5 -7 -5 -5 -6 -6 -7 -7 -1 -6 -8  9 -3 -3 -8 -7 -6    1   0   0   0   0   0   0   0   0   0   0   5   0   0  92   1   1   0   0   0  2.94 0.85
    3 I   -1 -2  5 -2 -4 -2 -2 -2 -3  3  0 -3  2 -4  1  1 -1 -5 -4  0    3   1  34   1   0   1   2   2   0  19  10   0   5   0   7  10   2   0   0   4  0.52 0.33
    4 I   -1 -2 -2  2 -4 -1  2 -3  2  1 -1 -2 -1 -2  3  0  1 -4 -2  1    4   2   1  13   0   1  14   1   6   9   4   1   2   1  14   9   8   0   1  12  0.24 0.19
    5 T    0 -3  2 -3 -4 -1 -3 -3 -4  0 -4 -2 -3 -5 -3  5  3 -6 -5 -1    5   1  10   1   0   2   0   1   0   6   1   2   0   0   1  46  21   0   0   4  0.80 0.48
    6 F   -3  0 -3 -3 -5 -3 -2 -1  2 -4 -1 -3  0  7 -1  0 -1 -1  3 -3    2   6   1   1   0   1   2   5   5   0   4   1   2  46   3   8   4   1   8   1  0.83 0.43
    7 T   -1 -1  0  0 -2 -1 -1  1  0 -2 -2 -1  1  1  0  2  1 -3  2 -1    3   3   3   5   1   2   4  11   2   2   3   3   4   6   5  23   9   0   7   4  0.14 0.17
    8 H   -1 -1  3 -1 -5  2  0 -3  7 -5 -4 -2 -4 -1  1  1 -1 -5  3 -4    4   3  12   2   0   9   7   1  27   0   2   1   0   2   6  11   4   0   9   1  0.69 0.40
    9 D   -1 -3  0  6 -6  2  2 -4  2 -5 -5 -3 -5 -6 -3  1  0 -7 -5 -5    4   1   4  46   0  10  13   0   5   1   1   0   0   0   1   9   5   0   0   0  1.03 0.53
   10 L    0 -1 -1 -1 -3  1  0 -1  0  1  1 -1  1  0  2 -1 -1 -3  1  0    6   2   2   4   0   7   5   4   2  12  18   4   5   5   9   3   3   0   5   4  0.08 0.11
   11 T    0 -2  2  2 -4  1  1 -1  1 -2 -3 -1  0 -3  1  2  1 -5 -2 -1    6   2  12  14   0   5   8   4   3   2   2   2   3   1   6  15  11   0   1   3  0.25 0.21
   12 S    1 -2  0  1 -3  2  0 -3 -2  0 -3  0 -2 -3  2  2  2 -5 -2 -1   12   1   3   6   0  11   5   1   1   5   1   4   1   1  10  18  13   0   1   5  0.26 0.24
   13 D    0  3  2  2  1  1  0 -2  1 -2 -2 -1 -2 -3  0  2 -1 -4 -2 -1    6  15   9  14   4   7   3   2   3   1   3   3   1   1   4  17   2   0   1   4  0.24 0.21
   14 F   -1 -2  1  0 -4  0  0 -2  0  0  0 -3  1  5  0  0 -1 -1  2 -1    3   2   7   5   0   5   5   2   3   5   7   1   3  25   5   6   4   0   8   4  0.26 0.21
   15 L    1 -1  0 -1 -2 -1 -1 -1 -2  0  0 -1  1  0  1  1  1 -1 -1  1   16   2   4   3   0   2   2   5   0   7   8   3   4   5   6  11   7   1   1  11  0.07 0.09
   16 S   -1  0  2  2 -2 -1  1 -1  0 -2 -4 -2 -2 -1  0  2  2 -3  0 -2    4   4  10  11   1   2  11   5   2   2   1   1   1   2   5  19  13   0   4   2  0.25 0.22
   17 S    0  0  0  1 -2  0  1  1 -1 -2 -3  2 -1 -4  0  2  1 -4 -2 -2    8   5   3   9   0   3   8  13   1   2   2  14   1   0   4  14   9   0   1   2  0.20 0.17
   18 P   -2  0 -1  0 -6 -1 -2 -2  0 -6 -5 -2 -3 -6  7  1 -1 -2 -2 -2    2   5   2   5   0   3   3   4   2   0   1   2   1   0  50  11   4   1   2   3  1.12 0.55
   19 L   -1  1  0 -2 -3  0  0 -1 -1  1  1  0  1  0 -1  1  0 -3 -1  0    2   8   4   2   0   3   5   5   1  11  20   6   3   4   2  14   4   0   2   4  0.07 0.12
   20 K    0  2  0 -2 -3  0 -1 -1  2 -1 -1  1 -1 -1  0  2  2 -4 -1 -2    7  10   5   1   0   4   2   4   6   5   7  10   1   3   5  15  14   0   2   1  0.15 0.17
   21 I   -1  0 -1 -2 -4 -1 -2  0 -1  1  1 -1  0 -1  4  0 -1 -4 -1  0    3   6   2   2   0   2   1   6   1   9  18   3   2   2  22   7   4   0   2   6  0.27 0.20
   22 M   -1  3 -2 -2 -4  1 -1 -3  1  0  2  0  2 -1 -2  0 -1 -2 -1 -1    3  17   2   2   0   8   3   2   4   4  24   5   6   2   2   7   4   0   2   3  0.20 0.20
   23 K    0  1  0  0 -4  1  0  0  1 -2 -2  2 -2 -3  3  1 -1 -4 -2 -3    7   9   4   6   0   6   6   6   4   3   4  12   1   1  17   9   3   0   1   0  0.26 0.20
   24 A    2 -1 -2 -3 -4  0 -1 -2  0 -2  0  0  0 -3  5 -1  0 -5 -2 -1   18   3   2   0   0   5   4   3   2   2  11   5   2   1  27   3   7   0   1   4  0.44 0.30
   25 L   -2  0 -1  2 -4 -1 -1 -2  0  0  3 -1  0  0  0 -1 -2 -4  0  0    2   5   3  12   0   3   4   3   2   3  34   4   2   3   5   3   1   0   3   6  0.21 0.20
   26 P    0 -2 -2 -1 -6  0  2 -4  0 -3 -2  0 -1 -4  7 -1 -1 -6 -4 -4    7   2   2   3   0   3  11   1   2   2   4   5   1   1  47   5   3   0   0   1  1.02 0.53
   27 S    1 -1  2  0 -3  0  0 -2  1 -2 -1 -1 -1 -1  2  2  1 -3  1 -1   10   4   9   4   0   3   6   2   4   3   5   3   1   2  10  18   9   0   5   3  0.17 0.18
   28 P    2 -3 -1  0 -4 -1  1 -2 -1 -1 -1 -2 -1 -2  5  1 -2 -5 -1 -3   17   1   2   6   0   2   9   2   1   4   5   2   2   1  27  13   1   0   2   1  0.49 0.34
   29 V    0 -1  1  2 -3  1  0 -1 -2  0 -1 -1  1 -1  1  2  1 -4 -2  0    6   3   5  13   0   7   4   3   1   5   4   2   4   3   8  17   7   0   1   7  0.15 0.17
   30 V    1 -2 -1  0 -3  0  0 -1  0  1  0 -2  0 -1  0  1  1 -3 -1  1   14   1   3   4   0   3   6   5   3   8  11   1   3   2   5   9   9   0   2  11  0.07 0.10
   31 N   -1  0  4  2 -5  1  0 -3 -2 -2 -3  0 -4 -3  3  2  0 -3 -2 -2    6   4  22  10   0   6   4   1   0   2   2   6   0   1  12  14   4   0   1   3  0.39 0.30
   32 D   -1 -3  0  5 -5 -1  3 -2  0  1 -2 -2 -3 -3 -3  0  0 -6 -3 -2    5   1   5  34   0   2  17   3   2   8   4   1   1   1   1   7   5   0   1   2  0.56 0.37
   33 N    0  1  4  2 -4  2  1  0  0 -2 -3  0 -3 -4 -2  0 -1 -5 -3 -3   10   8  22  10   0   8   8   5   2   2   3   4   0   0   2   7   3   0   1   2  0.33 0.26
   34 E   -2  2 -1  3 -4  1  4 -4 -2 -3 -2 -1 -1  0  0 -2 -2 -5  3 -4    4  10   2  14   0   6  29   1   0   2   3   4   2   4   4   2   2   0  10   1  0.50 0.37
   35 Q    0  2  1 -2 -5  3  1 -1  4 -2 -2  2 -2  0 -3 -1  0 -4  0 -3    6  12   7   1   0  14  10   4   9   3   3  11   1   4   1   3   6   0   4   1  0.30 0.25
   36 K    1  1  1  2 -5  2  0 -3  0 -2 -3  3 -3 -5 -2  0 -1 -5 -2 -2   12   8   6  13   0   9   5   1   2   2   3  20   0   0   2   8   4   0   1   2  0.34 0.27
   37 M    0  0  0 -1 -4  2 -1 -2 -1  1  1  0  4 -3 -3 -1  1 -3 -2  0    9   5   4   3   0  11   4   3   2   8  13   7  15   0   0   3   9   0   1   4  0.22 0.22
   38 K    0  0  0 -2 -2  1 -2 -3  1  1  1  3  1 -2  0 -1 -2  1  4 -1    7   4   4   2   1   5   1   2   3   7  13  20   3   0   4   4   2   2  14   3  0.23 0.23
   39 L   -1  0 -3 -3 -3 -3 -3  2  2  1  3  0  2 -2 -4 -2  0 -4 -2  0    5   4   1   1   1   1   1  15   5   6  32   7   6   1   1   2   6   0   1   6  0.29 0.25
   40 E    0 -1  2  3 -3  1  3 -1  1 -2 -2 -1 -3 -5 -2  0  0 -5 -3 -2    9   3  10  17   0   6  18   4   4   3   3   3   0   0   2   7   5   0   1   3  0.30 0.24
   41 A    1 -2 -1 -1 -3  0  0 -1  0  0  1 -1  1 -1 -3  0  1 -2  2  0   11   1   3   3   0   4   8   5   2   6  19   2   4   1   0   7  11   0   8   5  0.10 0.14
   42 F    0 -4  0 -4 -4 -3 -5 -4  0  2  2 -5 -1  5 -5 -2 -2  2  4 -1   10   1   5   1   0   1   0   1   2  11  21   0   1  22   0   2   2   2  14   3  0.62 0.37
   43 L   -1 -5 -4 -5  3 -4 -4 -3 -3  0  4 -3  3  1 -5 -1  1 -3 -1 -1    6   0   1   0   6   0   1   2   1   5  45   2   6   5   0   4   9   0   2   4  0.63 0.38
   44 Q    0 -2  0  4 -2  4  1 -1  2 -4 -2 -1 -2 -3 -1  1 -1 -3 -2 -4    8   2   4  23   1  16   8   4   5   0   4   3   1   1   3  12   3   0   1   1  0.43 0.32
   45 R   -1  2 -1  0 -4  0  1 -3  2 -1  1  1 -2 -2 -1 -1 -1 -3  3 -1    5  13   2   5   0   4  10   1   5   3  14   8   1   1   3   5   4   0  14   4  0.20 0.19
   46 L    0 -1  0  0 -3 -3 -2 -2  0  0  3 -3  1  4 -1 -1 -1 -3  0 -2    8   3   5   6   0   1   2   3   2   5  27   1   3  20   4   4   3   0   3   1  0.30 0.24
   47 L    0 -1 -2  0 -2 -2 -1 -2 -2  2  3 -1  2  0 -3 -1 -1 -3  0  1   10   2   2   5   0   1   3   3   1  10  30   4   5   3   1   4   4   0   3   8  0.18 0.16
   48 S    1 -1  1  3 -3  0  0 -2 -1 -3 -2 -1 -2 -2 -1  2  2 -3 -2 -3   14   3   5  18   0   5   5   2   2   1   4   3   1   2   3  17  12   0   1   1  0.29 0.25
   49 F    0 -2 -1  2 -2  0  0 -2  1  1 -1 -1 -1  2  0  0 -2 -3  3  0    8   1   3  14   1   3   5   2   4   8   7   3   1   9   5   6   1   0  12   6  0.15 0.16
   50 D   -1  0  2  3 -2  0  1 -1 -2 -2 -2 -1 -2  3  1  0 -1 -4 -1 -1    4   5   9  15   1   5  11   5   1   2   2   3   1  15   7   6   4   0   1   3  0.23 0.21
   51 S   -1  0  4  1 -4  0  0 -1 -2 -2 -2 -1  1 -4 -1  3  1 -5 -3 -3    5   5  19   7   0   4   5   4   0   2   4   3   3   0   3  25   8   0   1   1  0.39 0.32
   52 L   -1  0  2 -1 -1  0  0  0 -1  0  1  0  0 -1  0  0  1 -3 -1  0    5   4  14   2   1   5   5   6   2   7  14   6   2   2   4   7   8   0   1   6  0.06 0.09
   53 L   -1 -1  0  1 -1 -1  1 -2  3  1  1 -1  0 -1  0  0 -1 -3  0  0    3   2   4  10   1   2   8   3   8   7  17   2   2   3   5   9   3   0   3   8  0.08 0.11
   54 Q   -1  1  0  1 -3  2  3 -2  1 -1 -2  2 -2 -1  2  0  0 -4 -2 -3    3   9   4   7   1   7  18   3   3   3   5  12   0   3   9   5   4   0   1   1  0.23 0.20
   55 E    0 -1  1  2 -5  0  4 -3 -1 -2 -1  0  0 -3  1  0 -2 -5 -2 -3    7   3   5   9   0   4  32   1   1   3   6   4   2   1   7   8   2   0   2   1  0.40 0.31
   56 V   -1 -4 -2 -1 -2 -2 -1 -3 -3  3  2 -2  2 -2 -1 -2  1 -3 -2  2    6   0   2   4   1   2   3   2   0  21  21   2   4   1   3   3  10   0   1  13  0.30 0.23
   57 N    1  0  0 -1 -2  0 -1 -2  1  1  0 -1 -1 -1  0 -1  0 -4 -2  2   13   6   6   4   0   3   3   2   4   6  12   4   1   2   5   4   4   0   1  19  0.08 0.12
   58 D   -1  0  0  0 -2  1  3  0 -1 -3 -1  1 -2 -4  3 -1 -1 -2 -2 -3    5   5   5   5   1   5  22   7   1   2   6  10   1   0  13   5   3   1   1   1  0.29 0.23
   59 A    1 -3 -3 -1 -2 -2 -1 -3  1  1  2 -2  1 -1  3 -1 -1 -4  0  0   13   1   1   4   1   1   5   1   3   9  24   2   4   3  14   3   3   0   3   5  0.25 0.21
   60 F   -2 -3  0 -1 -3 -1  0 -4  2 -1  4 -2  0  2  0 -2 -1 -4  0 -2    2   1   5   3   0   3   5   1   6   3  40   2   1   9   5   3   4   0   3   2  0.38 0.28
   61 P   -3 -4 -2 -2 -3 -2 -3 -5 -4  4  2 -3 -3 -4  6 -2 -2 -6 -4 -2    2   1   2   2   0   2   2   1   0  21  17   1   0   1  38   3   2   0   1   3  0.97 0.49
   62 N   -2 -1  3  1 -4  1  0 -1 -1 -3 -2  0 -4 -4  4  3 -1 -5 -4 -4    2   3  12   6   0   5   5   4   2   1   6   4   0   1  24  20   3   0   0   1  0.52 0.34
   63 T    1 -1  1 -1 -3  1  0 -2  4 -2 -2  0 -2 -3  2  2  0 -4  0 -1   11   3   7   2   0   5   4   2  12   2   3   6   1   1  11  16   6   0   3   4  0.26 0.22
   64 Q   -1 -3  3  2 -5 -1 -1  5 -2 -5 -4  0 -3 -5  0 -1 -3 -5 -3 -4    6   1  12  11   0   2   3  42   1   0   2   7   0   0   5   4   1   0   1   1  0.72 0.40
   65 L    4 -4 -4 -3 -1 -1 -1 -4 -2  1  1 -4 -2  4  0 -2 -3 -1 -1  0   33   0   0   2   1   2   4   0   1   8  14   0   0  18   4   1   1   1   1   7  0.50 0.35
   66 N   -5 -3  6  6 -4  1  1 -5  0 -6 -7 -2 -6 -5 -3 -3 -4 -7 -2 -6    1   1  31  42   0   7   7   1   2   0   0   2   0   0   1   1   1   0   2   0  1.42 0.68
   67 L   -3 -6 -7 -7 -5 -6 -6 -6 -5  5  2 -6 -2  0  3 -6 -3 -2 -4  4    2   0   0   0   0   0   0   0   0  36  17   0   0   3  14   0   1   1   0  25  1.11 0.54
   68 N   -6 -6  8  5 -8 -4 -1 -5 -4 -8 -8 -5 -7 -8 -7 -3 -4 -9 -6 -7    0   0  57  34   0   1   4   1   0   0   0   0   0   0   0   1   1   0   0   0  2.16 0.93
   69 I    1  0 -3 -3 -3  0  2 -3 -1  2  0 -2  3  1 -4 -1  0  2 -2  1   14   5   0   1   0   4  14   1   1  14   8   2   7   5   0   3   6   3   1  10  0.21 0.21
   70 P    1  0 -2 -2 -3  1 -1 -3 -4 -1 -2  3 -3 -5  5 -1 -2 -1 -4  0   11   4   1   2   1   7   3   1   0   4   3  21   0   0  26   5   2   1   0   7  0.57 0.37
   71 V   -2 -2 -2 -1 -2 -2 -2 -3 -3  5  1 -1  0 -2 -2 -2  0 -3 -2  1    3   2   2   4   1   2   2   3   1  40  14   3   2   2   2   3   6   0   1  10  0.52 0.23
   72 D   -7 -7  0  8 -8 -4 -3 -5 -6 -8 -7 -4 -8 -8 -7 -4 -6 -9 -8 -8    0   0   4  91   0   1   1   1   0   0   1   1   0   0   0   1   0   0   0   0  2.86 1.11
   73 E   -2 -2  4  4 -6  1  3 -2  0 -3 -5  2 -4 -6 -1 -1 -1 -4 -2 -4    4   1  18  19   0   5  17   2   2   1   1  14   0   0   4   4   4   0   1   1  0.59 0.38
   74 H   -3 -2  1  4 -2  3  3 -4  4 -3 -3  0 -2 -1 -5  0 -3 -3  3 -4    1   2   8  19   1  13  16   0  10   1   3   5   1   2   0   6   1   0  10   1  0.58 0.38
   75 G   -3 -1 -1 -3  0 -1 -4  7  0 -6 -5 -4 -4 -6 -6 -1 -6 -7 -4 -7    1   3   3   1   2   2   1  74   2   0   1   1   0   0   0   5   0   0   1   0  1.69 0.75
   76 N   -5  2  5 -2  2  1 -1 -4  7 -4 -5  1  0 -4 -6 -2 -4  4 -2 -5    1  10  23   2   4   5   4   1  29   1   1   8   2   1   0   2   0   5   1   1  1.15 0.58
   77 T   -3 -4 -1 -6 -6 -6 -6 -7 -7 -5 -5 -5 -6 -7 -6  0  8 -8 -5 -5    2   1   3   0   0   0   0   0   0   0   1   1   0   0   0   6  84   0   0   0  2.35 1.05
   78 P    6 -6 -6 -6 -1 -5 -5 -4 -6 -2 -4 -5 -4 -5  5 -1 -2 -7 -6 -2   55   0   0   0   1   0   0   0   0   3   2   0   0   0  28   5   3   0   0   2  1.46 0.74
   79 L   -6 -7 -8 -8 -6 -7 -7 -8 -7 -1  7 -7  1  1 -7 -7 -5 -6 -5 -3    0   0   0   0   0   0   0   0   0   3  87   0   2   5   0   0   1   0   0   1  2.05 0.86
   80 H   -7 -5 -5 -5 -5 -6 -6 -8 11 -2 -8 -7 -1 -5 -8 -5 -7 -8 -2 -7    0   0   0   1   0   0   0   0  90   3   0   0   2   0   0   1   0   0   1   0  3.86 1.36
   81 W   -4 -5 -4 -6 -3 -5 -4 -7 -2  1  0 -4 -1  2 -7 -3 -4 11  4 -2    2   1   1   0   1   0   1   0   1   8  10   1   1   7   0   3   1  48  11   3  2.09 0.85
   82 L    7 -6 -7 -7 -6 -6 -6 -4 -7 -5 -3 -6 -6 -7 -6 -2 -4 -7 -7 -5   91   0   0   0   0   0   0   1   0   0   3   0   0   0   0   2   1   0   0   0  2.27 1.00
   83 T    6 -6 -6 -6  6 -6 -5 -5 -7 -4 -5 -6 -6 -7 -6  2 -1 -7 -7  0   57   0   0   0  17   0   0   0   0   1   1   0   0   0   0  16   4   0   0   5  1.55 0.80
   84 S    3  1 -2 -3 -3  0  0 -3 -2 -2 -2  0  1 -2 -4  3  1  0  0 -3   29   7   2   1   0   4   5   1   1   2   4   4   3   2   0  21   9   1   4   1  0.39 0.35
   85 I   -2 -2  3 -3 -1 -2 -2 -3  1  0  3  0  7  0 -6 -2 -3 -5  1 -2    3   2  13   1   1   1   2   2   3   5  23   5  25   3   0   3   1   0   6   2  0.63 0.43
   86 A    3 -5  3 -3 -3 -4 -4  6 -6 -6 -7 -4 -7 -6 -6 -1 -3 -7 -5 -6   21   0  15   1   1   0   1  52   0   0   0   1   0   0   0   5   1   0   0   0  1.36 0.69
   87 N   -4  4  5  2 -1 -1 -4 -5  5 -5 -4 -1 -3 -4 -5  1 -4 -2  1 -5    1  23  23  11   1   3   0   0  15   0   1   3   1   1   0  11   0   1   5   0  0.92 0.55
   88 L   -2 -2 -3 -3 -2 -1 -1 -5 -1  3  2  2  2 -2 -3 -2  0 -5 -1  2    2   2   1   1   1   3   3   0   1  14  24  14   5   1   1   2   7   0   2  15  0.34 0.27
   89 E   -2  0  0  3 -6  1  5 -3 -1 -5 -5  0 -4 -7  3 -1 -1 -7 -5 -4    4   4   5  18   0   4  32   2   1   0   1   6   0   0  13   5   3   0   0   1  0.73 0.47
   90 L   -2 -5 -4 -6  1 -5 -5 -5 -4  4  3 -6  3 -3 -5 -4  2 -4 -5  3    3   0   1   0   3   0   0   1   0  24  25   0   7   0   0   1  13   0   0  22  0.85 0.47
   91 V    2 -7 -7 -7 -1 -6 -6 -7 -7  3  1 -6  1 -4 -6 -4 -1 -7 -6  6   15   0   0   0   1   0   0   0   0  16  10   0   3   1   0   1   3   0   0  51  1.22 0.62
   92 K   -3  3 -1 -1 -5  2  4 -4  1 -5 -5  5 -5 -7 -5 -2 -3 -7 -4 -5    2  14   3   3   0   7  30   1   4   1   1  31   0   0   0   2   1   0   1   0  1.01 0.57
   93 H    2 -3 -3 -1 -2  0 -1 -4  0  0  3 -2  1  2 -4 -2 -1 -4  1  0   16   1   0   4   1   5   5   1   2   5  31   2   3   8   0   2   3   0   6   6  0.29 0.25
   94 L   -6 -7 -8 -8 -6 -7 -8 -6 -4 -2  7 -7 -1 -1 -8 -7 -6 -7 -6 -3    0   0   0   0   0   0   0   1   0   1  92   0   1   3   0   0   0   0   0   1  2.23 0.96
   95 V   -4 -4 -5 -7 -1 -6 -6 -7 -7  6  4 -1 -1 -2 -7 -5 -4 -6 -3  2    1   1   1   0   1   0   0   0   0  43  34   4   1   1   0   0   1   0   1  11  1.25 0.60
   96 K    0  2  1  1 -5  1  1 -3 -2 -4 -3  2 -1 -5 -4  3  0 -6 -3 -3    8   9   7   9   0   6   9   2   1   0   3  11   1   0   0  28   4   0   1   1  0.43 0.34
   97 H    1  1  2 -4 -3  0 -2 -3  6 -2  0  2 -2  1 -5 -1 -2 -5  1 -3   14   9   9   0   0   3   2   1  22   2   8  11   1   6   0   4   2   0   4   2  0.51 0.36
   98 G   -5 -4  1 -3 -8 -4 -4  7 -4 -9 -9 -1 -8 -3 -6 -4 -7 -8 -8 -8    0   1   7   2   0   1   1  80   0   0   0   4   0   1   0   1   0   0   0   0  2.13 0.95
   99 S    7 -7 -7 -7  3 -6 -5 -3 -2 -2 -4 -5 -4 -3 -3 -1 -3 -8 -7  0   73   0   0   0   5   0   1   1   1   3   1   0   0   1   1   4   2   0   0   5  1.60 0.83
  100 N   -5 -3  7  6 -7 -3 -2 -5 -4 -6 -7 -4 -3 -8 -4  1 -4 -8 -7 -6    1   1  42  36   0   1   3   1   0   1   1   1   1   0   1  10   1   0   0   1  1.66 0.81
  101 R   -2 -2 -5 -6 -2 -4 -6 -5 -5  5  0 -3  0 -3  3 -3 -2 -6 -3  3    4   2   1   0   1   1   0   1   0  35   9   2   2   1  14   2   2   0   1  22  0.86 0.48
  102 L   -2  0  6  1 -1 -1 -1 -2  2 -2 -1 -2 -1  1 -5 -1 -1 -2  0 -3    4   5  34   9   1   3   5   3   4   3   7   1   1   6   0   5   3   1   3   1  0.52 0.36
  103 Y    2  4 -3 -3  0 -1  1 -4 -2  2 -1  0 -1 -3 -4 -1 -2 -5 -2  1   19  21   1   1   2   2  11   1   1  11   6   5   1   1   1   4   2   0   1  10  0.33 0.28
  104 G   -1  1 -3 -4  1  2 -2  2 -3 -3 -1  4 -2 -5 -2 -2  0 -2 -4  1    5   8   1   0   3   9   1  14   0   1   6  28   1   0   2   1   5   1   0  13  0.45 0.35
  105 D   -4 -4  7  5 -4 -3 -3 -5 -4 -8 -7 -4 -7 -8 -7 -1 -2 -8 -5 -7    1   1  54  31   1   1   1   1   0   0   1   1   0   0   0   5   3   0   0   0  1.93 0.89
  106 N    0 -1  5  1 -2 -2  0 -3  2 -1 -3  2 -1 -1 -4  0 -2 -5  2 -2    7   2  27   9   1   1   4   2   5   4   3  14   2   3   1   6   2   0   6   3  0.43 0.32
  107 M    1  1  2  2 -3  0  0 -1  1 -2 -1  0 -1  0 -4  0 -2 -2  1 -2   12  10  12  14   1   4   6   5   4   2   5   4   1   4   0   8   1   0   5   2  0.18 0.18
  108 G   -4 -5 -4 -2 -4 -2 -2  7 -3 -8 -5 -4 -7 -8 -7 -4 -6 -4 -7 -6    1   1   1   3   0   2   3  84   1   0   2   1   0   0   0   1   0   0   0   1  2.20 0.95
  109 E   -3  1 -2 -2 -3  3  5 -4 -2 -3 -2  0 -1  1 -5 -2 -3  4 -2 -4    1   8   2   1   1  14  38   1   1   2   5   6   1   6   0   2   2   5   2   1  0.76 0.49
  110 S   -4 -4  1 -6 -6 -6 -5 -6 -6 -5 -5 -5 -6 -7 -5  0  8 -7 -7 -3    1   1   7   0   0   0   1   0   0   1   1   1   0   0   1   7  77   0   0   2  2.14 1.02
  111 C    4 -7 -6 -6  2 -6 -6 -5 -7 -5 -5 -6 -3 -7  7 -2 -3 -7 -7 -4   30   0   0   0   4   0   0   1   0   1   1   0   1   0  56   3   2   0   0   2  1.91 0.91
  112 L   -4 -7 -7 -7 -6 -7 -7 -7 -7  1  7 -7 -1  0 -7 -7 -6 -6 -6 -2    1   0   0   0   0   0   0   0   0   5  85   0   1   3   0   0   0   0   0   2  1.98 0.86
  113 V   -5 -4 -3 -3 -6 -2 -4 -7  8  2 -4 -5  7 -2 -7 -2 -1 -6 -2  0    1   1   1   1   0   2   1   0  38  10   1   1  28   2   0   3   4   0   1   6  1.76 0.81
  114 K   -2  5 -3 -3  0 -2 -2 -4  2  1 -1  2 -1  1 -5 -1 -3  3  3 -3    3  31   1   1   2   1   2   1   4   8   6  12   2   6   0   5   1   4   8   1  0.59 0.37
  115 A    6 -6 -5 -6  2 -5 -5 -3 -6 -4 -2 -5 -1 -4 -5  2 -3 -6 -4 -4   67   0   0   0   4   0   0   2   0   1   4   0   2   1   0  15   1   0   1   1  1.48 0.76
  116 V    3 -5 -5 -5  5 -5 -5 -4 -5  2 -2 -5 -1 -4 -5  0 -2 -5 -5  5   23   0   0   0  11   0   1   1   0   9   3   1   1   0   0   6   3   0   0  37  0.95 0.49
  117 K   -1  1  0 -2 -1  1  0 -1  1  0  2  1  3  1 -2  0 -1 -1 -1 -1    4   7   4   1   1   7   5   4   3   5  18   8   9   8   1   9   2   1   2   2  0.11 0.13
  118 S    0 -1 -1 -2 -1 -2 -2 -2  1 -2 -2 -1 -2  5 -2  0  0 -1  3  1    9   3   3   2   1   2   3   4   4   2   2   3   1  24   2   8   5   1   9  12  0.35 0.22
  119 V    0  0  3 -1 -2 -2 -2  1  1 -2 -3 -2 -2 -3 -1  0  4 -1 -2 -1    6   5  16   4   1   1   2  10   3   2   3   2   1   1   3   6  28   1   1   4  0.39 0.26
  120 N   -3 -2  8  0 -1 -1 -3 -3  4 -4 -4 -3 -2 -3 -4 -2 -3 -1 -3 -3    2   2  59   4   2   2   1   2  10   1   2   2   1   1   1   2   2   1   1   2  1.53 0.64
  121 N    0 -3  5 -1  6 -1 -2  0  1 -3 -2 -2 -2 -4 -3  2 -2 -4 -3 -3    7   1  29   2  15   2   2   6   3   1   4   3   1   1   1  15   2   0   1   2  0.71 0.36
  122 Y   -2 -3 -1 -2 -2 -1 -3  1  3 -2 -1 -1  1  3 -4 -1 -2  0  6 -3    4   1   3   2   1   2   2   9   6   2   7   5   4  11   1   4   2   1  32   2  0.67 0.34
  123 D   -1  0  1  5 -2  1  3 -2  0 -3 -2  1 -2 -4 -3  0 -1 -4 -2 -3    4   4   5  28   1   5  16   3   2   2   4   7   1   1   1   7   4   0   2   2  0.45 0.26
  124 S    0  1  0 -1 -2  1  0 -2  1 -1  0  3 -1 -2 -3  0  0 -1  0 -1    8   7   5   2   1   8   6   2   4   3  12  19   1   1   1   5   6   1   4   4  0.15 0.15
  125 G   -2  2  1 -1 -2  3  2  2 -1 -3 -2  2 -3 -4 -3  0 -1 -4 -3 -3    3  13   6   4   1  14  12  14   1   2   3  13   1   1   1   6   4   0   1   2  0.34 0.25
  126 T    0 -3  2 -2  3 -3  0 -3 -1  1 -3  0 -1 -3 -2  2  4 -5 -3  1    6   1  10   2   5   1   6   1   2   7   2   5   1   1   2  15  24   0   1   9  0.37 0.30
  127 F   -1 -4 -4 -6 -3 -4 -5 -5 -5  2  0 -5  2  7 -5 -4 -2 -2 -1  3    6   1   1   1   1   1   1   1   0   9   6   1   5  44   1   1   2   0   2  19  1.20 0.56
  128 E    1 -2 -2 -1 -5  0  2 -3  0 -3 -3  1 -3 -3  5  0 -2 -3 -3  0   11   2   2   3   0   3  16   2   2   1   3   9   1   1  25   6   2   0   1   8  0.49 0.34
  129 A    0  0 -2  0 -2  1  4 -3 -2 -1  0  1  0 -1 -4 -1  0 -3 -1 -1   10   6   1   6   1   6  26   2   1   4  11  10   2   2   0   4   5   0   2   3  0.27 0.25
  130 L   -4 -4 -7 -7 -3 -5 -7 -6 -5  3  6 -6  0 -2 -7 -5 -4 -6 -4  2    1   1   0   0   0   1   0   1   0  15  60   0   2   1   0   1   1   0   0  14  1.34 0.66
  131 L   -3 -6 -6 -6 -1 -5 -6 -6 -7  3  5 -6  1  0 -7 -4 -4 -6 -1  2    2   0   0   0   2   0   0   0   0  16  54   0   3   3   0   1   1   0   2  13  1.18 0.60
  132 D   -2 -2  1  3 -2  2  3 -2 -1  1 -1  2 -3 -4 -4  1 -2 -6 -4 -3    3   1   6  14   1   8  20   2   1  10   6  11   0   0   1  12   2   0   0   1  0.37 0.32
  133 Y    0 -1 -1 -1 -3 -1  1 -4  4  0  2 -1  0 -1 -4  1 -2  1  2 -1    7   2   2   3   0   2  10   1   9   6  24   4   2   2   0  10   1   2   8   4  0.24 0.23
  134 L   -3 -4 -1 -5 -3 -4 -3  2  3 -3  5 -1  0 -2 -6 -4 -5 -4 -4 -2    2   1   4   1   1   0   2  16   8   1  53   4   2   2   0   1   0   0   1   2  0.92 0.53
  135 Y    2  1 -3 -2 -5 -1 -2  4  3 -2 -3  0 -3  0 -4 -1 -3 -2  1 -3   20   7   1   2   0   3   2  28   8   3   2   5   1   5   1   5   1   1   5   1  0.48 0.35
  136 P    2  0  1  3 -1 -1  1 -2 -2 -1 -4 -2 -4 -6  4  1 -2 -6 -5 -1   19   4   6  16   1   3   8   3   1   4   1   1   0   0  17   8   2   0   0   4  0.44 0.35
  137 C    0 -3  4  1  5 -2 -2 -4 -3 -2 -3 -2 -4 -5 -1  3  4 -5 -4 -3    6   2  17   7  10   1   2   1   1   2   2   2   0   0   3  18  23   0   1   2  0.64 0.41
  138 L   -3 -5 -5 -6 -4 -6 -6 -6 -7  6  2 -3  1 -2 -5 -5 -2 -4 -5  3    2   0   1   0   0   0   1   1   0  43  20   2   3   1   1   1   3   0   0  21  1.21 0.60
  139 I   -2  0  5  2 -2 -2  1 -3  0  0 -1 -3 -3  1 -2 -2 -1  1 -1 -1    3   4  31  11   1   1  10   1   2   7   6   1   1   5   2   3   3   2   2   4  0.50 0.37
  140 L    2 -1  1  0  0 -2  2 -4 -1  1  0 -2  1 -2 -4 -1  2 -5 -3  1   16   3   6   5   2   1  15   0   1  10   9   2   4   2   0   5  11   0   0   8  0.20 0.22
  141 E   -3  3 -3 -5 -3  2 -3 -4 -5  1 -1  4 -3 -3  0 -3  1 -6 -3  2    2  15   1   0   1   8   1   1   0   8   7  26   0   1   5   1   9   0   1  12  0.52 0.39
  142 D   -8 -8  2  8 -10 -7 -3 -6 -8 -10 -10 -5 -10 -10 -8 -4 -6 -11 -10 -10    0   0   8  88   0   0   1   1   0   0   0   1   0   0   0   1   0   0   0   0  2.98 1.29
  143 S   -1  0  5  1 -2  0  1 -2  2 -1 -3  3 -3 -3 -4  0 -1  3 -1 -3    4   4  24   6   1   3   7   2   5   3   2  16   1   1   0   8   4   3   3   2  0.44 0.33
  144 M   -1  0  4  3 -1  1 -1 -3  2 -4 -3  2  0  1 -5  1 -2 -3  1 -4    5   5  20  14   1   6   3   1   4   1   2  11   2   6   0  10   2   0   6   1  0.41 0.32
  145 N   -5 -1  2 -1 -8 -3 -3  7 -2 -9 -6 -1 -6 -7 -8 -4 -7 -3 -6 -9    0   4   8   3   0   1   2  72   1   0   1   3   0   0   0   1   0   0   0   0  1.85 0.90
  146 R   -1  6  1 -2  3  3 -1 -6 -4 -5 -5  2 -3 -3 -6 -2 -4  4 -1 -5    5  39   6   2   6  11   4   0   0   0   1  11   1   1   0   3   1   5   2   1  1.00 0.60
  147 T   -4 -8 -3 -7 -7 -7 -7 -6 -8 -4 -3 -7 -4 -9 -8  2  8 -9 -8 -5    1   0   2   0   0   0   0   0   0   1   3   0   0   0   0  11  81   0   0   0  2.42 1.19
  148 I    3 -7 -7 -7 -4 -7 -7 -7 -8  1 -2 -7 -4 -4  6 -3 -4 -8 -7  4   22   0   0   0   0   0   0   0   0   7   4   0   0   1  33   2   1   0   0  31  1.34 0.74
  149 L   -7 -8 -9 -9 -7 -8 -9 -9 -8  1  6 -8 -1  3 -9 -8 -5 -7 -6 -3    0   0   0   0   0   0   0   0   0   6  79   0   1  11   0   0   1   0   0   2  2.04 0.93
  150 H   -7 -6 -4 -6 -8 -5 -5 -8 11 -5 -8 -7 -4 -5 -8 -7 -7 -8 -4 -8    0   0   1   0   0   0   1   0  92   1   0   0   1   1   0   0   0   0   0   0  4.15 1.54
  151 H   -4 -2 -2 -3 -1 -2 -2 -4  9 -2 -1 -3 -1  1 -4 -4 -3  1  6 -3    2   2   2   1   1   2   2   1  40   3   5   1   2   5   1   1   2   2  22   2  1.50 0.62
  152 I    4 -4 -4 -4 -3 -3 -3 -4 -4  5  0 -4 -2 -4 -4 -3 -2 -4 -4  0   35   1   1   1   1   1   2   1   0  33  10   1   1   1   1   2   2   0   1   5  0.92 0.45
  153 I    5 -3 -4 -4  3 -4 -4 -3 -4 -1 -4 -4 -1 -3 -3 -2 -1 -4 -4  3   51   2   1   1   5   1   1   1   0   3   2   1   2   1   1   3   3   0   1  20  1.02 0.51
  154 I    1  0 -1  1 -1  0  1 -2 -1  1  1 -1  1 -1 -2  0 -1 -1 -1  1   11   4   2   7   1   4  13   3   1   7  13   3   4   2   1   6   3   1   2  10  0.06 0.08
  155 T    0  0  0 -2 -2 -1 -1 -3  0  0  1  0  1  0 -3  1  2 -1  1  0    7   5   5   1   1   2   4   1   3   4  14   6   5   3   1  10  15   1   5   6  0.12 0.13
  156 S    4 -2  2 -2  0 -2 -3  1 -2 -3 -4 -1 -4 -4 -3  3  1 -5 -3 -3   32   2  10   2   2   2   1  10   1   1   2   4   0   1   1  18   9   0   1   2  0.54 0.36
  157 G    2  0  3 -1 -2 -1 -2  2  1 -2 -3 -1  0 -3 -3  2 -1 -4 -3 -1   15   5  13   3   1   2   2  18   4   2   3   4   3   1   1  16   3   0   1   4  0.30 0.24
  158 M   -1  1  1 -2 -1  0  0 -2 -1  1 -1  1  1 -2 -2  2  0  1 -1  1    4  10   6   2   1   3   5   3   1   7   6  10   4   1   1  17   5   2   2  10  0.12 0.14
  159 T   -2  1  1 -1 -4 -2  1 -2  1 -3 -4  5 -4 -4 -1 -1  0 -5 -2 -1    3   7   8   3   0   1   9   3   3   2   1  38   0   1   3   4   6   0   1   5  0.63 0.40
  160 G   -2 -3  1  0 -2 -2  0  5 -3 -2 -3 -1 -3 -3 -1  1  1 -5 -4 -2    3   1   7   4   1   2   7  39   0   2   3   3   1   1   3  10   9   0   1   3  0.57 0.37
  161 C   -1  3  0 -2  1 -2 -2 -2  4  0 -1  3 -1 -2 -4  0 -1 -4  0 -1    6  19   5   2   3   1   2   2   9   6   5  20   1   2   1   5   4   0   3   4  0.36 0.27
  162 S    1 -2  0 -1 -3  0  1 -3  2 -1  0 -1 -1 -2  0  1  1  2  1  0   13   2   4   3   0   3  11   1   6   4  11   3   1   1   5   9  10   3   5   7  0.11 0.14
  163 A    1 -2  0  1 -4  1  3 -3  2 -1  0  0 -2 -3  1  0 -1 -4 -2  0   12   2   4   9   0   6  17   1   5   3  10   5   1   1   6   7   2   0   1   6  0.18 0.19
  164 A    3 -5 -3 -4  4 -4 -3 -4 -3  1  2 -4 -1 -1 -3  1 -1 -5 -4  3   21   0   1   1  10   0   1   1   1   7  17   0   1   2   1  13   4   0   0  17  0.50 0.34
  165 A    4 -4 -5 -5  1 -4 -5 -3 -2  2  1 -4 -1 -2 -5  1 -1 -5 -2  2   35   1   0   0   3   0   0   2   1  13  14   0   1   2   0  10   4   0   1  12  0.59 0.41
  166 K   -3  4  1 -3 -1  0  0 -2 -1  1 -1  4 -1 -4 -4  0 -2  0 -3 -2    2  25   7   1   1   3   6   3   1   8   5  21   1   1   0   6   2   1   1   3  0.49 0.35
  167 Y   -1 -3  1 -3 -3 -3 -2 -2  3 -1  0 -4 -1  1 -5  0 -2 -1  7 -3    5   2   7   1   1   1   3   3   7   3   9   1   2   5   0   9   2   1  38   2  0.87 0.51
  168 Y   -5 -3 -2 -6 -6 -5 -3  1  5 -3  2 -2 -1 -2 -2 -3 -3 -4  7 -3    1   1   2   0   0   0   2  12  10   2  18   2   2   1   2   3   1   0  38   2  1.14 0.61
  169 L    0 -3 -3 -5  2 -3 -5  0 -1  2  4 -3  4 -2 -2 -3 -2 -5 -4  0   10   2   2   0   4   1   0   6   2  10  38   2  10   2   2   2   2   0   0   6  0.56 0.36
  170 D    0 -1  1  5 -6 -1  4 -3 -1 -2 -5  0 -6 -6 -5 -1 -2 -7 -3 -4    7   3   7  27   0   3  28   3   1   3   1   6   0   0   0   5   3   0   1   1  0.77 0.50
  171 I    0 -1  2 -2  3  1 -1 -3  1  2 -1  0  0 -1 -1  0  1 -1 -1  1    8   2  11   2   6   6   4   2   3  11   5   5   2   2   3   5   9   1   2  12  0.13 0.14
  172 L   -3 -2  0 -2 -5 -5 -2  1 -2  5  3 -3  0 -2 -3 -4  0 -5 -4  1    2   2   4   2   0   0   4  11   1  28  24   1   2   2   1   0   5   0   0  10  0.55 0.35
  173 M    1 -3  2 -2 -1 -3 -3 -5 -2  2  3 -2  1  0 -3 -2 -2 -1 -2  1   13   1  11   2   1   1   1   0   1  10  32   3   3   5   1   2   2   1   1   9  0.40 0.29
  174 G    0 -2  4  2 -2  1  4 -1  0 -3 -2  0 -1 -3 -3  0 -1 -6 -2 -3    6   1  18   9   1   6  24   4   2   1   4   6   2   1   1   7   3   0   1   2  0.44 0.35
  175 W    0  1 -1 -2 -2 -1 -2 -3  1 -1  0  3 -2  0 -1 -2 -1  6  1 -1    8   7   2   2   1   3   1   2   3   4   8  22   1   4   3   3   5  10   6   5  0.33 0.27
  176 I   -3 -4  2  3 -2 -3 -2 -1 -4  3  3 -1  1 -3 -6 -3 -2 -6 -5  1    2   1  10  14   1   1   2   5   0  15  23   4   4   1   0   2   3   0   0  11  0.46 0.32
  177 V    2 -2  0  2 -2  0 -2 -3 -2  2 -2  1 -2 -3 -2  0 -1 -5 -3  2   19   2   4  10   1   4   2   2   1  10   3   7   1   1   2   8   4   0   1  17  0.26 0.24
  178 K   -1  3  1  2 -2  2  2 -3 -1 -3 -4  3 -3 -3 -4 -1  0 -4 -1 -4    4  14   7  11   1  10  12   2   1   2   2  18   1   1   1   5   5   0   2   1  0.44 0.33
  179 K   -2 -1  2  2 -3  1  0  2  3 -1 -3  0  0 -2 -1 -1  0 -5 -1 -3    3   3   9  13   1   7   7  14   6   5   3   7   3   2   3   4   6   0   2   2  0.23 0.20
  180 Q   -2 -1  2  0  0  3  0  3  0 -3 -2  1 -2 -4 -3  0 -2  0 -1 -3    3   3  11   5   2  12   7  23   2   1   5   8   1   1   1   6   3   1   2   2  0.34 0.26
  181 N    0  0  2  1 -2  0 -1  0  0 -1 -3 -1 -1 -3 -1  2  3 -2 -1 -3    8   4  11   7   1   3   4   6   3   3   3   4   2   1   3  16  16   1   2   2  0.24 0.22
  182 R    2  0  1 -1 -2  1 -1  2  0 -2 -2  1 -2 -3  0  0  2 -2 -2 -1   15   4   6   4   1   5   4  14   2   3   3   8   1   1   5   7  11   1   1   4  0.15 0.15
  183 P    1 -1  0  1 -3 -1 -1 -2  0 -2  2 -1 -2 -2  3  0 -1  1 -1 -2   10   3   4   8   1   2   5   3   2   2  17   4   1   1  17   7   4   2   3   3  0.21 0.18
  184 I    0 -2  1 -1 -2 -1 -1 -2  5  0  0 -1  0  0 -2  0  3 -3 -1  0    7   2   6   3   1   3   4   3  13   6  11   4   2   4   3   6  16   0   2   6  0.21 0.17
  185 Q    0  0  0  0 -2  0  0 -2  4  0 -1  1  0 -2  2  1 -1 -1  1 -2    7   5   4   5   1   4   6   3  10   5   5   7   2   2  11  11   4   1   4   3  0.17 0.14
  186 S    3 -2  0 -1  0  1 -2  0  0 -1  1 -1 -2 -2 -2  1 -1 -1 -1 -2   25   2   5   3   2   6   2   7   2   3  15   3   1   2   2   9   4   1   2   2  0.20 0.17
  187 G    3 -1  0 -1  0  0 -1  1  4  0 -2 -2 -1 -2 -2  0 -1 -1 -1 -1   24   4   4   3   2   4   4  11   9   5   3   3   2   2   2   8   4   1   2   5  0.23 0.17
  188 K    0  0  0  0  1  0  1 -1  2  0  0  0  0 -1  0  0  1  1  0  0    8   5   4   4   3   5   9   4   5   5   7   5   2   3   3   8   8   2   4   6  0.03 0.04
  189 D    2 -1  2  1  0  1  0 -1  1 -1 -2  0 -2 -1  0  0 -1 -2  0 -2   19   3  11   7   2   6   6   5   3   4   4   5   1   2   5   6   4   1   3   3  0.14 0.12
  190 S    0 -1  4 -1  0 -1  0  1  1 -2 -1 -1 -3 -2  0  2  0  0 -2 -2    9   4  18   2   2   3   5  12   3   3   6   3   1   2   4  13   4   1   1   3  0.20 0.15
  191 I    0  0  2 -1  0  0  0  0  3  0 -1  0  0 -1 -1  1 -1 -1  0 -1    7   5   9   4   3   4   4   6   9   5   7   6   3   3   3  11   4   1   3   4  0.07 0.07
  192 L    0 -1  1 -1 -1  0  0 -1  0  0  1  2  1 -1  0  0  0  0  0  0    6   3   6   3   1   3   5   4   3   6  13  14   3   3   4   6   6   1   4   6  0.04 0.05
  193 E    0 -1  1  0 -4  1  4  1 -1 -3 -2  0 -2 -3  0  0 -1 -2 -2 -2    7   4   6   5   0   5  25  12   1   2   4   6   1   1   5   6   3   1   1   3  0.30 0.22
  194 N    0  0  1  0 -1 -1 -1 -1  3  1 -1  0  0 -2  0  0  2 -3 -2  0    8   4   8   5   2   2   3   3   7   7   5   7   3   2   4   8  13   0   1   7  0.10 0.10
  195 L    1 -2 -1 -3 -2 -2 -2 -2 -1  2  2 -2  3  0 -3 -1  0 -2  0  2   12   2   3   2   1   2   3   2   1  12  17   3   7   4   1   3   6   1   3  14  0.21 0.14
  196 D   -1  0  2  2 -3  0  3  0  0 -2 -1  0 -1 -2 -2  0  1 -4 -2 -2    5   4   9  13   1   4  19   9   2   2   6   4   2   2   2   6   7   0   1   3  0.23 0.18
  197 L   -1 -2 -2 -1  0 -3 -2 -2 -2  3  3 -1 -1  0  0 -2 -1 -3  0  2    4   2   2   3   2   1   3   3   1  13  31   3   1   4   5   3   3   0   3  11  0.33 0.20
  198 K    0 -1  0 -3 -3  0 -1  0 -1 -1  3  1 -1 -2  1 -1 -2 -2 -2  1    8   3   5   1   1   5   4   7   2   3  28  10   1   1   6   3   3   1   1   9  0.18 0.17
  199 W   -1  3 -1 -1 -4  0  0 -3  0  3  1  1  0 -2 -3 -1 -2  1  2 -2    5  13   2   4   0   4   6   2   2  17  16   7   2   2   1   4   2   2   6   2  0.24 0.19
  200 I   -1 -1 -2 -1 -2 -1  1 -2 -4 -1  2 -2 -2  4 -3  1 -3 -2 -1 -1    5   4   2   4   1   3  11   3   0   3  22   3   1  16   1  12   1   0   2   3  0.31 0.25
  201 I   -2 -2  0 -3 -2 -2 -4 -4  5  4  3 -2  4 -1 -4 -3 -4 -3 -1  1    3   3   4   1   1   2   1   2  13  18  23   2   9   3   1   2   1   0   2   8  0.60 0.35
  202 A    0 -1 -1 -1 -3  1  0  4 -1 -3 -3  1 -4 -4 -2  2 -1 -6 -4 -2    7   3   2   4   1   6   6  28   2   2   2  10   0   1   2  17   3   0   0   3  0.44 0.33
  203 N    4 -1  2  0 -2  0  2 -4  1 -1 -2  0  1 -5 -3  0 -2 -6 -4 -1   30   3   8   6   1   5  13   1   4   3   4   5   3   0   1   6   3   0   1   4  0.40 0.33
  204 M   -2 -3  3  2  0 -3 -1  0  0  3  2 -4  1  0 -3 -1 -3 -6 -2  1    3   1  14  12   2   1   4   8   2  14  17   1   4   4   2   4   1   0   1   8  0.31 0.25
  205 L   -2 -8 -6 -8 -7 -8 -8 -8 -4  5  3 -8 -2 -3 -3 -7 -3 -8 -5  5    4   0   1   0   0   0   0   0   1  27  26   0   1   1   1   0   2   0   0  35  1.39 0.72
  206 N   -7 -6  8  4 -3 -7 -4 -7 -2 -7 -10 -6 -9 -10 -6 -3 -3 -10 -6 -8    1   1  68  20   1   0   1   0   1   0   0   0   0   0   1   3   2   0   0   0  2.51 1.25
  207 A    4 -4 -5 -3  1 -3  1 -5  3  2 -1 -1 -1  0 -5  0 -1 -4 -1  0   31   1   0   1   2   1  10   1   6  12   7   3   2   3   0   6   4   0   2   7  0.47 0.37
  208 Q   -4  2 -5 -7 -5  7 -3 -4 -7 -3 -6  5 -4 -6 -2 -5 -1 -8 -6 -2    1  10   0   0   0  42   1   2   0   2   1  27   1   0   2   1   4   0   0   3  1.52 0.90
  209 D   -6 -6  2  8 -10 -6 -4 -5 -5 -10 -10 -8 -10 -10 -6 -6 -3 -10 -10 -10    1   1   8  84   0   0   1   1   0   0   0   0   0   0   1   1   2   0   0   0  2.90 1.38
  210 S   -3 -1  4  1 -2  0  2 -4 -1  0 -4  3 -2 -4 -6  2 -1 -7 -2 -1    2   3  19   7   1   4  11   1   2   5   2  19   1   1   0  12   4   0   1   5  0.52 0.40
  211 N   -1 -2  5  3 -3  1  1 -3  3 -4 -4 -1 -1 -1 -7  0 -3 -2  2 -4    6   2  24  17   1   6  10   2   6   1   2   4   2   3   0   6   1   1   6   1  0.62 0.45
  212 G   -6 -4 -4 -7 -10 -6 -2  8 -2 -11 -11 -6 -10 -10 -9 -5 -7 -4 -7 -8    0   1   1   0   0   0   3  91   1   0   0   1   0   0   0   1   0   0   0   0  2.73 1.25
  213 D   -4  1  5  5 -1  0  1 -6 -1 -6 -5  0 -2 -4 -7 -4 -6  5 -1 -6    2   9  25  28   2   5   9   0   1   0   1   6   1   1   0   1   0   6   2   0  1.06 0.64
  214 T   -4 -9 -6 -9 -8 -8 -8 -9 -9 -5 -7 -8 -8 -10 -6 -2  8 -10 -9 -6    2   0   0   0   0   0   0   0   0   1   0   0   0   0   0   3  93   0   0   0  3.09 1.48
  215 C    6 -8 -8 -8  3 -8 -8 -7 -9 -5 -5 -8 -8 -9  6 -2 -6 -10 -9 -2   55   0   0   0   6   0   0   0   0   1   1   0   0   0  32   3   0   0   0   3  1.93 1.03
  216 L   -3 -9 -10 -10 -5 -9 -10 -10 -5  0  7 -9 -3 -1 -10 -9 -6 -8 -8 -3    3   0   0   0   0   0   0   0   0   5  86   0   0   3   0   0   0   0   0   2  2.24 1.06
  217 N   -6 -5  4 -5 -6 -6 -6 -6 10 -2 -2 -8  1 -5 -9 -5 -1 -10 -2 -9    1   1  15   1   0   0   0   1  64   2   4   0   3   1   0   1   4   0   1   0  2.74 1.23
  218 I   -3 -4 -3 -6  2 -6 -4 -6 -2  5  3 -3  1  0 -7 -4 -3  3  3  1    2   1   1   0   4   0   2   1   1  30  24   2   3   4   0   1   2   4  10   9  0.83 0.47
  219 A    7 -9 -9 -9 -1 -8 -8 -6 -9 -6 -7 -8 -5 -6 -6 -3 -4 -10 -9 -3   92   0   0   0   1   0   0   0   0   0   0   0   0   0   0   2   1   0   0   2  2.59 1.27
  220 A    6 -6 -6 -8  3 -7 -5 -3 -8  0 -4 -5 -1 -8 -7  1 -1 -9 -8  0   62   0   0   0   6   0   1   2   0   5   1   0   1   0   0  10   4   0   0   7  1.45 0.82
  221 R   -1  6 -2 -3 -1  0  1 -5 -1 -3 -1  2  1 -1 -7 -1 -3  0  2 -4    5  39   2   2   1   4   8   0   2   2   7  10   3   2   0   4   1   2   6   1  0.76 0.50
  222 L   -1  1  5 -2  1 -2 -1 -2  1  1 -1  0 -1 -2 -6 -1 -1  0  1 -1    4   6  30   2   3   1   5   3   3   7   7   6   2   2   0   5   4   2   4   5  0.42 0.33
  223 G   -3  0  4 -2 -4 -6 -2  6 -2 -8 -4 -2 -3 -7 -8 -3 -5 -8 -5 -7    2   6  20   3   0   0   4  55   1   0   3   3   1   0   0   2   0   0   1   0  1.42 0.77
  224 N    0  0  6 -1  4 -3 -4 -5  7 -8 -5 -3 -7 -2 -6  2 -3 -8 -2 -6    8   5  29   4   7   1   1   1  22   0   1   1   0   2   0  15   2   0   2   0  1.21 0.70
  225 I   -2  3 -2 -3 -6 -1 -1 -5 -1  0  1  4 -2 -1 -3 -2  1 -3 -2  1    3  13   2   2   0   2   4   0   1   5  12  28   1   3   1   3   7   0   2  10  0.45 0.34
  226 S   -1  1 -1  2 -4  0  4 -2  0 -4 -5  3 -6 -7 -3  1 -2  0 -4 -5    4   7   3  12   0   3  28   4   3   1   1  16   0   0   2  11   3   2   0   1  0.61 0.44
  227 I   -2 -6 -8 -8  5 -7 -6 -7 -8  5  2 -7  1  0 -6 -4  1 -7 -5  3    4   0   0   0  10   0   1   0   0  28  20   0   4   4   0   1   9   0   0  18  1.02 0.55
  228 V    3 -8 -8 -8  0 -8 -6 -7 -8  4 -3 -8 -1 -2 -8 -4 -2 -5 -2  6   21   0   0   0   2   0   0   0   0  19   2   0   2   1   0   1   2   0   1  46  1.40 0.74
  229 D   -4  3  1  1 -4  2  3 -6 -2 -6 -5  4 -6 -8 -3 -1 -2 -5 -3 -5    1  16   7   7   0  10  19   0   1   1   1  26   0   0   2   5   3   0   1   1  0.83 0.54
  230 A    0 -4 -6 -6 -3  2 -3 -6 -4  1  4 -1  2  2 -5 -2  0 -3  1  1    9   1   0   0   1   9   1   0   0   8  33   4   4   7   0   3   6   0   5   8  0.49 0.35
  231 L   -8 -9 -10 -11 -5 -9 -10 -11 -10 -4  7 -9 -2  0 -10 -9 -8 -8 -8 -5    0   0   0   0   0   0   0   0   0   1  94   0   1   4   0   0   0   0   0   0  2.63 1.18
  232 L   -6 -6 -7 -9  0 -4 -9 -9 -6  5  5 -6  1 -5 -9 -6 -4 -8 -5  1    0   1   0   0   2   1   0   0   0  33  50   0   3   0   0   1   1   0   0   7  1.58 0.77
  233 D   -2 -2  0  3 -5  1  4 -1 -4 -6 -4  1 -4 -6 -5  3 -2 -7 -2 -6    3   2   4  17   0   6  21   5   0   0   2   8   0   0   0  24   2   0   2   0  0.69 0.50
  234 Y    1  1  2 -6 -2  0 -4 -5  7 -3 -1  0 -2 -1 -7 -3 -5 -6  3  1   11   7   9   0   1   4   1   1  26   2   6   5   1   3   0   2   0   0  10  12  0.81 0.50
  235 G   -5 -3  0 -5  2 -4 -5  7  2 -10 -9 -2 -9 -10 -9 -5 -8 -9 -6 -10    1   2   5   1   4   1   1  78   4   0   0   3   0   0   0   0   0   0   0   0  2.20 1.03
  236 A    7 -5 -8 -7 -1 -8 -6 -4 -6 -4 -8 -6 -4 -9 -1 -3 -5 -9 -9 -3   86   1   0   0   1   0   0   1   0   1   0   0   0   0   4   2   1   0   0   2  2.26 1.12
  237 D   -4  0  5  6 -3 -4  0 -5 -2 -7 -4 -2 -4 -8 -6  2 -3 -9 -7 -4    2   5  25  40   1   1   6   0   1   0   2   2   0   0   0  12   2   0   0   1  1.29 0.72
  238 P   -1 -1 -3 -3 -3 -5 -5 -4 -5  4 -1  0  0 -1  4 -2  0 -7 -5  3    6   4   1   2   0   0   0   2   0  24   4   5   2   2  22   2   7   0   0  16  0.66 0.43
  239 F   -3 -4  6  3 -5 -3  0 -2  2 -3 -4 -1 -2 -5 -7  0  1 -5  0 -5    2   1  37  18   0   1   6   3   5   2   2   4   1   0   0   5  10   0   3   1  0.95 0.58
  240 I    1 -1 -4 -5 -3 -3  1 -5 -4  5  1 -1  0 -4 -5 -2 -1 -7 -4  1   13   3   1   0   0   1  11   0   0  36  13   4   2   0   0   2   4   0   0   8  0.69 0.44
  241 A    0  2 -5 -5 -3  1  0 -2 -3 -3 -3  4 -1 -5  3 -2  0 -7 -5  0    9   9   0   0   1   7   5   3   0   1   2  28   1   0  16   3   5   0   0   7  0.60 0.44
  242 N   -7 -5  8  5 -10 -6 -5 -4 -7 -10 -10 -6 -5 -10 -7 -5 -3 -11 -5 -10    0   1  67  25   0   0   0   2   0   0   0   0   0   0   0   1   2   0   0   0  2.55 1.18
  243 K   -3  2  5 -1 -3 -1 -1 -5  3 -2 -2  5 -2 -5 -6 -2 -4 -8 -2 -4    2   9  26   3   1   2   4   0   6   3   4  30   1   1   0   3   1   0   1   1  0.88 0.55
  244 S    0 -1  2  4 -3  0  1 -2  1 -3 -1  1 -2  0 -5 -1 -1  0  1 -1    8   3  10  20   1   4  10   3   3   1   6   7   1   4   0   5   3   1   5   4  0.25 0.23
  245 G   -6 -2  1 -5 -9 -3 -2  7 -2 -10 -9 -5 -9 -8 -9 -4 -7 -9 -9 -10    0   2   5   1   0   1   3  83   1   0   0   1   0   0   0   1   0   0   0   0  2.35 1.09
  246 L   -3  2 -2 -2  0  2  2 -6  0 -1  2  2  1 -2 -5 -3 -3  4 -1 -1    2   9   1   2   2  10  15   0   2   4  19  14   3   2   0   1   1   5   2   4  0.39 0.32
  247 R   -2  3 -1 -7 -1 -5 -5 -7 -4 -3 -6 -2 -3 -8 -8  0  7 -9 -5 -5    3  13   2   0   1   0   0   0   0   1   0   3   1   0   0   6  66   0   0   1  1.81 0.98
  248 P    4 -8 -8 -8 -2 -8 -6 -8 -9 -5 -9 -7 -8 -10  7 -3 -3 -10 -9 -2   35   0   0   0   1   0   0   0   0   1   0   0   0   0  56   2   2   0   0   3  2.17 1.09
  249 V   -1 -4 -2 -3 -4 -3  1 -3 -6  0  5 -3 -2 -4 -6 -2 -3 -7 -3  0    6   1   2   2   0   1  10   3   0   6  56   1   0   0   0   3   2   0   1   5  0.85 0.52
  250 D   -4 -5 -3  6 -9 -2  1 -8  9 -4 -6 -6  0 -7 -8 -3 -6 -9  0 -7    1   1   1  39   0   2   7   0  39   1   1   0   2   0   0   2   0   0   3   0  2.06 0.96
  251 F   -6 -3 -6 -6 -2 -5 -5 -8 -2  2  2 -4  0  5 -8 -4 -4  2  7 -1    0   1   0   0   1   0   1   0   1  12  17   1   2  25   0   2   1   3  29   4  1.28 0.65
  252 G    6 -7 -7 -7 -5 -6 -6  3 -7 -1 -2 -6 -6 -8 -7 -1 -5 -8 -7 -4   64   0   0   0   0   0   0  22   0   4   5   0   0   0   0   4   0   0   0   1  1.58 0.83
  253 A    5 -7 -6 -6  2 -3 -5 -5 -7  2 -5 -3 -4 -6 -6  1 -4 -8 -5  4   47   0   0   0   4   1   0   0   0  11   0   1   0   0   0  10   0   0   0  23  1.18 0.67
  254 G    3 -6 -5 -6 -6 -6 -6  7 -6 -7 -7 -6 -6 -7 -6 -4 -5 -7 -7 -6   27   0   0   0   0   0   0  73   0   0   0   0   0   0   0   0   0   0   0   0  2.04 0.79
